<?xml version="1.0"?>
<opencv_storage>
<air_conditioner type_id="opencv-matrix">
  <rows>20</rows>
  <cols>20</cols>
  <dt>d</dt>
  <data>
    6.7085150222818534e-04 2.8750778666922227e-04 3.8334371555896307e-04
    4.3126168000383341e-04 1.9167185777948153e-04 6.7085150222818534e-04
    8.1460539556279653e-04 1.9167185777948153e-04 2.3958982222435190e-04
    4.7917964444870381e-04 1.1021131822320188e-03 2.6354880444678709e-03
    3.7376012266998899e-03 4.8397144089319085e-03 6.7564329867267235e-03
    3.6417652978101489e-03 2.5396521155781303e-03 2.8750778666922230e-03
    2.5875700800230008e-03 2.1563084000191671e-03 3.3542575111409267e-04
    5.2709760889357415e-04 4.7917964444870381e-04 1.1500311466768891e-03
    3.8334371555896307e-04 4.3126168000383341e-04 6.7085150222818534e-04
    5.2709760889357415e-04 2.8750778666922227e-04 3.8334371555896307e-04
    1.0541952177871483e-03 4.8876323733767785e-03 3.9771910489242420e-03
    3.7855191911447604e-03 8.1460539556279642e-03 4.6480425511524273e-03
    5.9897455556087980e-03 2.9709137955819635e-03 3.3063395466960562e-03
    2.1083904355742966e-03 3.8334371555896307e-04 3.3542575111409267e-04
    2.8750778666922227e-04 1.9167185777948153e-04 4.7917964444870381e-04
    7.6668743111792613e-04 4.3126168000383341e-04 5.7501557333844455e-04
    2.8750778666922227e-04 4.3126168000383341e-04 9.1044132445253722e-04
    3.7376012266998899e-03 4.1688629067037231e-03 1.3273276151229096e-02
    8.0023000622933532e-03 4.0251090133691120e-03 2.9229958311370935e-03
    3.1625856533614451e-03 3.3063395466960562e-03 2.4438161866883893e-03
    3.8334371555896307e-04 4.3126168000383341e-04 4.3126168000383341e-04
    4.3126168000383341e-04 2.3958982222435190e-04 5.7501557333844455e-04
    5.7501557333844455e-04 7.6668743111792613e-04 6.7085150222818534e-04
    6.2293353778331494e-04 1.2458670755666299e-03 3.9292730844793710e-03
    3.6896832622550194e-03 4.3126168000383342e-03 8.8648234223010214e-03
    3.6417652978101489e-03 3.1146676889165746e-03 2.5396521155781303e-03
    3.1146676889165746e-03 2.8750778666922230e-03 5.2709760889357415e-04
    3.8334371555896307e-04 1.0062772533422780e-03 9.1044132445253722e-04
    4.7917964444870381e-04 8.1460539556279653e-04 6.7085150222818534e-04
    5.2709760889357415e-04 3.8334371555896307e-04 5.7501557333844455e-04
    1.8208826489050744e-03 4.0251090133691120e-03 4.6480425511524273e-03
    3.9292730844793710e-03 7.6189563467343908e-03 4.2167808711485932e-03
    3.1146676889165746e-03 3.4500934400306673e-03 3.3542575111409267e-03
    3.7855191911447604e-03 6.7085150222818534e-04 3.3542575111409267e-04
    2.8750778666922227e-04 5.7501557333844455e-04 6.2293353778331492e-03
    8.6252336000766682e-04 2.8750778666922227e-04 2.8750778666922227e-04
    2.8750778666922227e-04 7.1876946667305574e-04 1.7250467200153336e-03
    3.6417652978101489e-03 3.6896832622550194e-03 3.8813551200345010e-03
    5.4626479467152237e-03 3.5938473333652788e-03 3.7376012266998899e-03
    3.4021754755857972e-03 3.7855191911447604e-03 2.8271599022473524e-03
    4.7917964444870381e-04 6.2293353778331494e-04 4.7917964444870381e-04
    5.2709760889357415e-04 5.2709760889357415e-04 6.2293353778331494e-04
    9.1044132445253722e-04 6.2293353778331494e-04 6.2293353778331494e-04
    3.3542575111409267e-04 1.5333748622358523e-03 3.6896832622550194e-03
    4.0730269778139821e-03 3.4021754755857972e-03 5.3188940533806127e-03
    5.0313862667113905e-03 5.1751401600460016e-03 3.7855191911447604e-03
    4.5042886578178162e-03 4.7438784800421675e-03 5.7501557333844455e-04
    2.8750778666922227e-04 2.8750778666922227e-04 6.2293353778331494e-04
    7.1876946667305574e-04 5.7501557333844455e-04 6.7085150222818534e-04
    5.2709760889357415e-04 3.8334371555896307e-04 3.3542575111409267e-04
    1.2458670755666299e-03 3.4500934400306673e-03 3.0667497244717045e-03
    4.5042886578178162e-03 6.2772533422780202e-03 4.5042886578178162e-03
    4.4563706933729453e-03 3.9771910489242420e-03 1.0541952177871483e-02
    4.5042886578178162e-03 6.4210072356126312e-03 4.3126168000383341e-04
    5.7501557333844455e-04 6.2293353778331494e-04 3.8334371555896307e-04
    6.7085150222818534e-04 4.7917964444870381e-04 4.7917964444870381e-04
    1.9167185777948153e-04 3.3542575111409267e-04 1.0541952177871483e-03
    2.6834060089127414e-03 3.8334371555896305e-03 4.1209449422588531e-03
    8.1460539556279642e-03 5.4626479467152237e-03 5.1751401600460016e-03
    4.0251090133691120e-03 4.1209449422588531e-03 4.4563706933729453e-03
    5.2709760889357415e-04 3.8334371555896307e-04 5.7501557333844455e-04
    7.6668743111792613e-04 7.6668743111792613e-04 1.1979491111217596e-03
    7.1876946667305574e-04 7.1876946667305574e-04 5.2709760889357415e-04
    1.9167185777948153e-04 6.7085150222818534e-04 4.4563706933729453e-03
    6.8043509511715944e-03 6.9001868800613346e-03 2.1083904355742967e-02
    9.1044132445253726e-03 6.4210072356126312e-03 5.5105659111600938e-03
    6.7085150222818534e-03 6.1334994489434091e-03 4.3126168000383341e-04
    5.7501557333844455e-04 5.7501557333844455e-04 5.7501557333844455e-04
    4.7917964444870381e-04 1.6292107911255931e-03 6.2293353778331494e-04
    7.1876946667305574e-04 5.7501557333844455e-04 0.
    1.1979491111217596e-03 5.4626479467152237e-03 6.4210072356126312e-03
    7.4272844889549088e-03 2.5396521155781303e-02 9.0564952800805017e-03
    7.3314485600651687e-03 6.2293353778331492e-03 6.6126790933921124e-03
    5.7022377689395758e-03 4.7917964444870381e-04 7.6668743111792613e-04
    3.3542575111409267e-04 3.8334371555896307e-04 4.3126168000383341e-04
    7.1876946667305574e-04 8.1460539556279653e-04 6.2293353778331494e-04
    1.9167185777948153e-04 2.3958982222435190e-04 1.1979491111217596e-03
    3.4021754755857972e-03 3.4500934400306673e-03 4.1688629067037231e-03
    5.5584838756049639e-03 5.1751401600460016e-03 5.1272221956011306e-03
    5.2230581244908716e-03 5.2230581244908716e-03 5.6543198044947049e-03
    5.2709760889357415e-04 5.7501557333844455e-04 4.3126168000383341e-04
    5.2709760889357415e-04 4.7917964444870381e-04 7.6668743111792613e-04
    9.1044132445253722e-04 6.2293353778331494e-04 2.8750778666922227e-04
    2.3958982222435190e-04 1.1500311466768891e-03 2.8750778666922230e-03
    3.4980114044755378e-03 4.1688629067037231e-03 6.6605970578369833e-03
    4.5522066222626863e-03 3.8334371555896305e-03 4.2646988355934641e-03
    4.6001245867075564e-03 4.8876323733767785e-03 4.7917964444870381e-04
    7.1876946667305574e-04 5.2709760889357415e-04 5.7501557333844455e-04
    5.7501557333844455e-04 8.6252336000766682e-04 8.6252336000766682e-04
    5.2709760889357415e-04 4.3126168000383341e-04 4.7917964444870381e-04
    2.2042263644640376e-03 2.8750778666922230e-03 4.0730269778139821e-03
    4.7917964444870384e-03 5.8939096267190570e-03 4.7438784800421675e-03
    4.1688629067037231e-03 4.1209449422588531e-03 4.6959605155972974e-03
    4.4563706933729453e-03 4.7917964444870381e-04 6.2293353778331494e-04
    5.2709760889357415e-04 5.2709760889357415e-04 4.3126168000383341e-04
    1.0062772533422780e-03 8.1460539556279653e-04 5.2709760889357415e-04
    3.3542575111409267e-04 6.7085150222818534e-04 2.4917341511332598e-03
    4.1209449422588531e-03 4.9834683022665196e-03 5.5105659111600938e-03
    6.0855814844985381e-03 3.5938473333652788e-03 4.7917964444870384e-03
    3.1146676889165746e-03 3.5938473333652788e-03 3.8813551200345010e-03
    5.2709760889357415e-04 3.8334371555896307e-04 4.7917964444870381e-04
    8.1460539556279653e-04 5.2709760889357415e-04 1.4375389333461115e-03
    5.2709760889357415e-04 8.1460539556279653e-04 6.2293353778331494e-04
    8.1460539556279653e-04 1.8208826489050744e-03 3.6417652978101489e-03
    3.4500934400306673e-03 4.3126168000383342e-03 7.9064641334036130e-03
    3.7855191911447604e-03 2.8750778666922230e-03 2.6354880444678709e-03
    4.4563706933729453e-03 4.2646988355934641e-03 6.2293353778331494e-04
