<?xml version="1.0"?>
<opencv_storage>
<arch type_id="opencv-matrix">
  <rows>20</rows>
  <cols>20</cols>
  <dt>d</dt>
  <data>
    1.6611295681063123e-03 2.1722463582928698e-03 1.9166879631995911e-03
    2.9389215435727065e-03 2.4278047533861486e-03 3.3222591362126247e-03
    2.9389215435727065e-03 3.3222591362126247e-03 1.5333503705596730e-03
    1.2777919754663940e-03 8.9445438282647585e-04 2.0444671607462305e-03
    2.4278047533861486e-03 3.3222591362126247e-03 2.6833631484794273e-03
    2.5555839509327880e-03 1.6611295681063123e-03 2.3000255558395092e-03
    1.7889087656529517e-03 1.6611295681063123e-03 3.4500383337592640e-03
    1.5333503705596730e-03 2.4278047533861486e-03 2.3000255558395092e-03
    3.0667007411193459e-03 2.4278047533861486e-03 3.4500383337592640e-03
    2.9389215435727065e-03 1.6611295681063123e-03 1.4055711730130336e-03
    1.5333503705596730e-03 1.9166879631995911e-03 4.2167135190391003e-03
    2.6833631484794273e-03 2.6833631484794273e-03 4.2167135190391003e-03
    3.3222591362126247e-03 3.0667007411193459e-03 2.8111423460260672e-03
    2.6833631484794273e-03 2.4278047533861486e-03 1.9166879631995911e-03
    2.8111423460260672e-03 3.0667007411193459e-03 1.9166879631995911e-03
    3.5778175313059034e-03 2.4278047533861486e-03 1.7889087656529517e-03
    1.7889087656529517e-03 1.2777919754663940e-03 1.2777919754663940e-03
    1.1500127779197546e-03 2.9389215435727065e-03 1.4055711730130336e-03
    2.1722463582928698e-03 3.1944799386659853e-03 2.0444671607462305e-03
    2.6833631484794273e-03 1.1500127779197546e-03 2.5555839509327880e-03
    2.8111423460260672e-03 2.1722463582928698e-03 2.4278047533861486e-03
    4.4722719141323791e-03 3.8333759263991822e-03 3.0667007411193459e-03
    2.5555839509327880e-03 2.0444671607462305e-03 1.2777919754663940e-03
    1.2777919754663940e-03 1.4055711730130336e-03 1.6611295681063123e-03
    1.9166879631995911e-03 3.0667007411193459e-03 3.0667007411193459e-03
    3.1944799386659853e-03 3.1944799386659853e-03 2.9389215435727065e-03
    2.6833631484794273e-03 3.0667007411193459e-03 3.0667007411193459e-03
    3.8333759263991822e-03 2.9389215435727065e-03 3.0667007411193459e-03
    3.5778175313059034e-03 3.5778175313059034e-03 2.0444671607462305e-03
    2.1722463582928698e-03 1.7889087656529517e-03 1.1500127779197546e-03
    1.1500127779197546e-03 1.9166879631995911e-03 2.8111423460260672e-03
    2.9389215435727065e-03 1.9166879631995911e-03 3.7055967288525428e-03
    2.4278047533861486e-03 2.9389215435727065e-03 3.8333759263991822e-03
    3.5778175313059034e-03 3.0667007411193459e-03 3.9611551239458215e-03
    2.6833631484794273e-03 3.0667007411193459e-03 3.1944799386659853e-03
    1.6611295681063123e-03 1.7889087656529517e-03 2.4278047533861486e-03
    1.1500127779197546e-03 7.6667518527983648e-04 5.1111679018655762e-04
    2.3000255558395092e-03 2.8111423460260672e-03 1.5333503705596730e-03
    2.5555839509327880e-03 3.8333759263991822e-03 2.3000255558395092e-03
    2.6833631484794273e-03 2.3000255558395092e-03 4.2167135190391003e-03
    3.1944799386659853e-03 3.9611551239458215e-03 3.3222591362126247e-03
    2.9389215435727065e-03 2.8111423460260672e-03 2.8111423460260672e-03
    1.6611295681063123e-03 2.0444671607462305e-03 6.3889598773319699e-04
    6.3889598773319699e-04 1.0222335803731152e-03 1.6611295681063123e-03
    1.7889087656529517e-03 2.3000255558395092e-03 1.7889087656529517e-03
    2.9389215435727065e-03 3.0667007411193459e-03 2.3000255558395092e-03
    3.4500383337592640e-03 5.1111679018655759e-03 2.4278047533861486e-03
    3.7055967288525428e-03 3.1944799386659853e-03 2.8111423460260672e-03
    2.8111423460260672e-03 3.8333759263991822e-03 2.8111423460260672e-03
    2.1722463582928698e-03 6.3889598773319699e-04 1.1500127779197546e-03
    2.5555839509327881e-04 7.6667518527983648e-04 1.0222335803731152e-03
    1.2777919754663940e-03 2.1722463582928698e-03 4.0889343214924609e-03
    2.8111423460260672e-03 2.9389215435727065e-03 4.4722719141323791e-03
    2.5555839509327880e-03 2.4278047533861486e-03 3.1944799386659853e-03
    3.0667007411193459e-03 2.5555839509327880e-03 2.5555839509327880e-03
    1.9166879631995911e-03 1.7889087656529517e-03 8.9445438282647585e-04
    3.8333759263991824e-04 1.2777919754663940e-04 6.3889598773319699e-04
    7.6667518527983648e-04 6.3889598773319699e-04 1.5333503705596730e-03
    1.5333503705596730e-03 5.2389470994122153e-03 1.9166879631995911e-03
    3.0667007411193459e-03 3.7055967288525428e-03 2.8111423460260672e-03
    2.5555839509327880e-03 2.6833631484794273e-03 4.0889343214924609e-03
    2.3000255558395092e-03 4.7278303092256578e-03 3.0667007411193459e-03
    2.3000255558395092e-03 1.9166879631995911e-03 1.4055711730130336e-03
    5.1111679018655762e-04 8.9445438282647585e-04 1.0222335803731152e-03
    1.1500127779197546e-03 2.9389215435727065e-03 3.0667007411193459e-03
    4.6000511116790184e-03 2.5555839509327880e-03 2.5555839509327880e-03
    4.2167135190391003e-03 4.6000511116790184e-03 3.4500383337592640e-03
    2.6833631484794273e-03 2.6833631484794273e-03 2.1722463582928698e-03
    2.3000255558395092e-03 2.6833631484794273e-03 2.1722463582928698e-03
    1.2777919754663940e-03 5.1111679018655762e-04 1.2777919754663940e-04
    1.2777919754663940e-04 2.5555839509327881e-04 6.3889598773319699e-04
    1.4055711730130336e-03 3.4500383337592640e-03 3.3222591362126247e-03
    2.5555839509327880e-03 3.0667007411193459e-03 3.8333759263991822e-03
    2.0444671607462305e-03 4.3444927165857397e-03 5.1111679018655759e-03
    3.1944799386659853e-03 4.0889343214924609e-03 2.5555839509327880e-03
    1.9166879631995911e-03 1.6611295681063123e-03 1.5333503705596730e-03
    6.3889598773319699e-04 2.5555839509327881e-04 1.2777919754663940e-04
    7.6667518527983648e-04 6.3889598773319699e-04 1.4055711730130336e-03
    2.0444671607462305e-03 2.8111423460260672e-03 3.1944799386659853e-03
    3.5778175313059034e-03 2.5555839509327880e-03 2.1722463582928698e-03
    3.0667007411193459e-03 5.3667262969588547e-03 3.8333759263991822e-03
    4.0889343214924609e-03 2.9389215435727065e-03 3.7055967288525428e-03
    2.1722463582928698e-03 1.9166879631995911e-03 5.1111679018655762e-04
    6.3889598773319699e-04 3.8333759263991824e-04 1.2777919754663940e-03
    1.1500127779197546e-03 2.3000255558395092e-03 2.4278047533861486e-03
    4.3444927165857397e-03 3.5778175313059034e-03 3.4500383337592640e-03
    3.8333759263991822e-03 4.4722719141323791e-03 3.5778175313059034e-03
    3.8333759263991822e-03 3.4500383337592640e-03 2.1722463582928698e-03
    1.5333503705596730e-03 2.6833631484794273e-03 2.0444671607462305e-03
    1.7889087656529517e-03 1.7889087656529517e-03 1.1500127779197546e-03
    1.2777919754663940e-03 1.6611295681063123e-03 1.5333503705596730e-03
    2.8111423460260672e-03 2.8111423460260672e-03 3.9611551239458215e-03
    3.4500383337592640e-03 3.9611551239458215e-03 3.1944799386659853e-03
    4.3444927165857397e-03 2.5555839509327880e-03 4.4722719141323791e-03
    3.7055967288525428e-03 2.6833631484794273e-03 3.7055967288525428e-03
    2.0444671607462305e-03 2.6833631484794273e-03 1.9166879631995911e-03
    2.1722463582928698e-03 1.7889087656529517e-03 1.2777919754663940e-03
    2.3000255558395092e-03 1.6611295681063123e-03 3.1944799386659853e-03
    2.3000255558395092e-03 3.0667007411193459e-03 3.1944799386659853e-03
    4.0889343214924609e-03 3.0667007411193459e-03 2.9389215435727065e-03
    2.9389215435727065e-03 4.2167135190391003e-03 4.2167135190391003e-03
    2.3000255558395092e-03 2.0444671607462305e-03 3.0667007411193459e-03
    1.6611295681063123e-03 2.6833631484794273e-03 1.7889087656529517e-03
    1.6611295681063123e-03 8.9445438282647585e-04 3.1944799386659853e-03
    2.0444671607462305e-03 3.0667007411193459e-03 2.8111423460260672e-03
    4.7278303092256578e-03 2.5555839509327880e-03 2.0444671607462305e-03
    3.4500383337592640e-03 4.7278303092256578e-03 1.4055711730130336e-03
