<?xml version="1.0"?>
<opencv_storage>
<armchair type_id="opencv-matrix">
  <rows>20</rows>
  <cols>20</cols>
  <dt>d</dt>
  <data>
    4.3879468992933442e-04 4.5189303888244889e-04 5.3703230707769281e-04
    6.0907322631982238e-04 8.3829433299932544e-04 5.6977817946047898e-04
    4.9773726021834952e-04 5.5667983050736451e-04 5.3703230707769281e-04
    2.8750875952086238e-03 3.1174070508412414e-03 9.6927782253047000e-04
    1.2312448015927592e-03 1.4015233379832473e-03 1.6176460957096359e-03
    1.7748262831470093e-03 1.0347695672960422e-03 8.2519598404621097e-04
    9.8892534596014170e-04 1.1330071844444008e-03 6.1562240079637961e-04
    6.4181909870260855e-04 6.9421249451506642e-04 5.8287652841359345e-04
    7.0731084346818088e-04 7.0731084346818088e-04 5.8287652841359345e-04
    4.9773726021834952e-04 5.2393395812457835e-04 2.9405793399741964e-03
    3.5365542173409043e-03 1.2574414994989882e-03 1.6307444446627504e-03
    1.7158837128579943e-03 2.6196697906228921e-03 2.7375549312009220e-03
    1.3360315932176750e-03 1.3556791166473466e-03 1.5849002233268496e-03
    1.4080725124598044e-03 4.3224551545277719e-04 4.3224551545277719e-04
    7.7280258823375311e-04 7.3350754137440971e-04 7.8590093718686757e-04
    5.8942570289015068e-04 6.6801579660883748e-04 4.5844221335900612e-04
    5.1738478364802111e-04 3.6478901834423772e-03 4.2831601076684283e-03
    1.3491299421707894e-03 2.0433424366858560e-03 2.9602268634038678e-03
    2.7375549312009220e-03 1.8861622492484821e-03 1.8010229810532382e-03
    2.0367932622092984e-03 1.6831378404752080e-03 1.0544170907257140e-03
    4.7808973678867777e-04 6.8111414556195195e-04 7.9245011166342481e-04
    8.3174515852276821e-04 9.8237617148358458e-04 6.0252405184326515e-04
    7.2040919242129535e-04 5.8287652841359345e-04 4.5189303888244889e-04
    4.2111191884262990e-03 4.5058320398713740e-03 1.2967365463583316e-03
    2.9536776889273106e-03 3.0584644805522264e-03 2.3577028115606027e-03
    2.4559404287089613e-03 2.6917107098650213e-03 2.4035470328965035e-03
    2.0433424366858560e-03 1.5849002233268496e-03 7.1386001794473812e-04
    6.6146662213228025e-04 8.1209763509309651e-04 7.1386001794473812e-04
    9.3653195014768383e-04 7.0731084346818088e-04 5.0428643469490675e-04
    5.8287652841359345e-04 3.7330294516376209e-04 3.7657753240204071e-03
    4.7677990189336633e-03 1.4866626061784912e-03 2.5869239182401060e-03
    2.5148829989979763e-03 2.7964975014899370e-03 4.0801356988951539e-03
    2.6720631864353499e-03 2.0236949132561841e-03 2.2660143688888017e-03
    1.9451048195374973e-03 6.6146662213228025e-04 8.0554846061653927e-04
    8.3174515852276821e-04 7.9245011166342481e-04 8.5794185642899714e-04
    9.2998277567112660e-04 7.4005671585096694e-04 4.6499138783556330e-04
    2.9471285144507534e-04 6.9945183409631214e-03 8.2323123170324388e-03
    1.5063101296081628e-03 2.0498916111624131e-03 3.2549397148489432e-03
    5.9990438205264228e-03 3.7592261495438500e-03 2.4624896031855185e-03
    3.0322677826459974e-03 3.1436037487474703e-03 2.7768499780602657e-03
    6.6801579660883748e-04 7.9899928613998204e-04 1.0871629631085001e-03
    8.8413855433522608e-04 1.2705398484521026e-03 7.7280258823375311e-04
    8.7104020538211161e-04 6.1562240079637961e-04 1.9647523429671689e-04
    7.9245011166342479e-03 9.1688442671801224e-03 1.0544170907257140e-03
    2.6196697906228921e-03 6.0383388673857664e-03 4.0866848733717119e-03
    2.9864235613100967e-03 3.7002835792548350e-03 4.5123812143479311e-03
    3.4186690767628739e-03 2.8488908973023949e-03 6.9421249451506642e-04
    6.1562240079637961e-04 6.2217157527293685e-04 7.7280258823375311e-04
    5.7632735393703621e-04 4.3224551545277719e-04 3.3400789830441874e-04
    3.8640129411687655e-04 7.8590093718686760e-05 1.5979985722799641e-03
    1.6634903170455364e-03 4.0604881754654825e-04 2.3577028115606027e-03
    2.0629899601155273e-03 1.6045477467565214e-03 1.7617279341938948e-03
    2.1022850069748709e-03 1.7093345383814369e-03 2.0957358324983134e-03
    1.5063101296081628e-03 6.7456497108539471e-04 5.3048313260113558e-04
    6.8766332003850918e-04 6.0907322631982238e-04 6.1562240079637961e-04
    4.9118808574179229e-04 1.7682771086704522e-04 3.9949964306999102e-04
    1.5063101296081629e-04 1.5718018743737352e-04 5.6322900498392175e-04
    1.9647523429671689e-04 6.3526992422605131e-04 4.0604881754654825e-04
    4.2569634097621995e-04 8.5794185642899714e-04 7.5315506480408141e-04
    9.0378607776489778e-04 9.2998277567112660e-04 1.1199088354912864e-03
    1.1657530568271869e-03 1.3425807676942321e-03 1.8272196789594671e-03
    1.7355312362876659e-03 1.7027853639048798e-03 1.1526547078740724e-03
    1.0085728693898135e-03 4.8463891126523500e-04 1.7027853639048799e-04
    5.5347073501385152e-02 7.0600100857286935e-02 2.2201701475529009e-03
    5.9597487736670791e-04 1.1264580099678435e-03 1.6896870149517653e-03
    2.5869239182401060e-03 3.7723244984969643e-03 4.2897092821449854e-03
    5.2262412322926699e-03 5.2065937088629976e-03 1.1788514057803014e-03
    1.2443431505458737e-03 1.8010229810532382e-03 1.4670150827488194e-03
    1.6438427936158648e-03 1.2181464526396448e-03 1.3163840697880032e-03
    5.1083560917146399e-04 2.0957358324983136e-04 8.2480303357761756e-02
    1.1755113267972572e-01 5.8746095054718356e-03 9.4308112462424107e-04
    1.8337688534360245e-03 3.2549397148489432e-03 3.6806360558251632e-03
    4.7743481934102204e-03 6.1365764845341241e-03 6.7914939321898479e-03
    6.8766332003850914e-03 6.6146662213228025e-04 5.1083560917146399e-04
    6.4836827317916578e-04 4.6499138783556330e-04 5.1083560917146399e-04
    4.1914716649966272e-04 1.7682771086704522e-04 4.0604881754654825e-04
    9.8237617148358447e-05 1.5063101296081629e-04 5.6322900498392175e-04
    2.2922110667950306e-04 5.9597487736670791e-04 3.2090954935130427e-04
    5.1738478364802111e-04 6.8111414556195195e-04 8.3174515852276821e-04
    9.1688442671801224e-04 1.1461055333975153e-03 1.2246956271162021e-03
    5.1083560917146399e-04 6.1562240079637961e-04 7.2040919242129535e-04
    7.7935176271031034e-04 5.8287652841359345e-04 5.1738478364802111e-04
    3.2090954935130427e-04 3.9949964306999102e-04 1.3753266400770182e-04
    1.3687774656004610e-03 1.8272196789594671e-03 4.5844221335900612e-04
    2.3511536370840456e-03 1.8337688534360245e-03 1.4670150827488194e-03
    1.8730639002953677e-03 1.8468672023891390e-03 1.5521543509440636e-03
    1.6438427936158648e-03 1.7944738065766811e-03 8.3829433299932544e-04
    7.5970423928063864e-04 1.2115972781630876e-03 9.2998277567112660e-04
    1.0478679162491567e-03 8.5794185642899714e-04 1.0085728693898135e-03
    5.8287652841359345e-04 2.6196697906228917e-04 7.6952800099547450e-03
    9.3587703270002816e-03 1.2574414994989882e-03 2.5541780458573195e-03
    6.0972814376747814e-03 3.6871852303017203e-03 3.0977595274115696e-03
    3.7985211964031932e-03 4.2045700139497419e-03 3.0257186081694403e-03
    2.8226941993961660e-03 6.1562240079637961e-04 7.7280258823375311e-04
    8.7104020538211161e-04 6.8111414556195195e-04 1.0216712183429280e-03
    9.7582699700702723e-04 6.7456497108539471e-04 3.9949964306999102e-04
    3.3400789830441874e-04 6.7980431066664050e-03 8.2257631425558808e-03
    1.5521543509440636e-03 2.2398176709825727e-03 3.8312670687859797e-03
    6.2479124506355970e-03 3.0322677826459974e-03 2.9209318165445246e-03
    3.1828987956068139e-03 3.2483905403723860e-03 2.6917107098650213e-03
    6.6146662213228025e-04 5.6322900498392175e-04 7.2695836689785247e-04
    5.8942570289015068e-04 9.6272864805391277e-04 6.6801579660883748e-04
    5.5013065603080728e-04 5.5013065603080728e-04 2.9471285144507534e-04
    3.8836604645984376e-03 4.6171680059728468e-03 1.7617279341938948e-03
    2.4428420797558466e-03 2.4690387776620756e-03 3.6806360558251632e-03
    3.8181687198328650e-03 2.5869239182401060e-03 2.3053094157481449e-03
    2.1808751006935577e-03 2.3577028115606027e-03 4.9118808574179229e-04
