<?xml version="1.0"?>
<opencv_storage>
<ATM type_id="opencv-matrix">
  <rows>20</rows>
  <cols>20</cols>
  <dt>d</dt>
  <data>
    0. 2.7397260273972603e-03 0. 0. 0. 0. 2.7397260273972603e-03
    8.2191780821917800e-03 2.7397260273972603e-03 2.7397260273972603e-03
    0. 0. 2.7397260273972603e-03 1.3698630136986301e-02
    5.4794520547945206e-03 2.7397260273972603e-03 0. 0.
    8.2191780821917800e-03 0. 0. 0. 2.7397260273972603e-03 0. 0. 0.
    5.4794520547945206e-03 0. 0. 1.0958904109589041e-02
    5.4794520547945206e-03 8.2191780821917800e-03 2.7397260273972603e-03
    2.7397260273972603e-03 0. 2.7397260273972603e-03 0.
    5.4794520547945206e-03 5.4794520547945206e-03 2.7397260273972603e-03
    0. 0. 0. 1.3698630136986301e-02 0. 0. 0. 0. 0.
    2.7397260273972603e-03 2.7397260273972603e-03 1.0958904109589041e-02
    2.7397260273972603e-03 2.1917808219178082e-02 2.7397260273972603e-03
    0. 2.7397260273972603e-03 5.4794520547945206e-03
    5.4794520547945206e-03 0. 5.4794520547945206e-03 0. 0. 0. 0. 0. 0.
    0. 5.4794520547945206e-03 0. 0. 8.2191780821917800e-03
    8.2191780821917800e-03 5.4794520547945206e-03 2.7397260273972603e-03
    2.7397260273972603e-03 0. 5.4794520547945206e-03
    5.4794520547945206e-03 2.7397260273972603e-03 0.
    2.7397260273972603e-03 0. 2.7397260273972603e-03 0. 0.
    1.3698630136986301e-02 2.7397260273972603e-03 2.7397260273972603e-03
    2.7397260273972603e-03 2.7397260273972603e-03 8.2191780821917800e-03
    8.2191780821917800e-03 1.0958904109589041e-02 2.7397260273972603e-03
    2.7397260273972603e-03 2.7397260273972603e-03 0.
    2.7397260273972603e-03 2.7397260273972603e-03 0.
    2.7397260273972603e-03 2.7397260273972603e-03 0. 0. 0.
    2.7397260273972603e-03 0. 2.7397260273972603e-03
    5.4794520547945206e-03 2.7397260273972603e-03 0.
    5.4794520547945206e-03 0. 1.0958904109589041e-02
    5.4794520547945206e-03 0. 2.7397260273972603e-03
    2.7397260273972603e-03 2.7397260273972603e-03 2.7397260273972603e-03
    0. 0. 0. 2.7397260273972603e-03 2.7397260273972603e-03 0. 0.
    2.7397260273972603e-03 0. 2.7397260273972603e-03 0. 0. 0.
    5.4794520547945206e-03 0. 0. 2.7397260273972603e-03
    1.0958904109589041e-02 2.7397260273972603e-03 0. 0.
    2.7397260273972603e-03 2.7397260273972603e-03 0. 0.
    2.7397260273972603e-03 0. 0. 2.7397260273972603e-03 0.
    5.4794520547945206e-03 2.7397260273972603e-03 0. 0. 0.
    2.7397260273972603e-03 5.4794520547945206e-03 8.2191780821917800e-03
    0. 0. 0. 0. 0. 0. 0. 0. 0. 0. 0. 2.7397260273972603e-03 0. 0. 0.
    2.7397260273972603e-03 2.7397260273972603e-03 0.
    5.4794520547945206e-03 2.7397260273972603e-03 0. 0. 0. 0.
    8.2191780821917800e-03 2.7397260273972603e-03 2.7397260273972603e-03
    1.0958904109589041e-02 0. 2.7397260273972603e-03 0. 0. 0. 0.
    1.6438356164383560e-02 1.0958904109589041e-02 5.4794520547945206e-03
    0. 8.2191780821917800e-03 2.7397260273972603e-03 0.
    2.7397260273972603e-03 1.0958904109589041e-02 0.
    5.4794520547945206e-03 2.7397260273972603e-03 0. 0. 0. 0. 0. 0. 0.
    0. 3.5616438356164383e-02 1.6438356164383560e-02
    8.2191780821917800e-03 8.2191780821917800e-03 2.7397260273972603e-03
    5.4794520547945206e-03 2.7397260273972603e-03 0. 0. 0.
    2.7397260273972603e-03 2.7397260273972603e-03 0.
    5.4794520547945206e-03 0. 0. 2.7397260273972603e-03 0. 0. 0.
    5.4794520547945206e-03 2.7397260273972603e-03 0. 0. 0. 0.
    2.7397260273972603e-03 2.7397260273972603e-03 0.
    5.4794520547945206e-03 0. 0. 0. 2.7397260273972603e-03 0.
    2.7397260273972603e-03 5.4794520547945206e-03 0.
    2.7397260273972603e-03 2.7397260273972603e-03 2.7397260273972603e-03
    0. 0. 5.4794520547945206e-03 0. 2.7397260273972603e-03
    2.7397260273972603e-03 2.7397260273972603e-03 2.7397260273972603e-03
    1.0958904109589041e-02 0. 2.7397260273972603e-03
    2.7397260273972603e-03 0. 0. 8.2191780821917800e-03 0. 0. 0. 0. 0.
    0. 2.7397260273972603e-03 0. 0. 0. 2.7397260273972603e-03 0.
    2.7397260273972603e-03 0. 0. 2.7397260273972603e-03 0.
    2.7397260273972603e-03 0. 5.4794520547945206e-03
    2.7397260273972603e-03 2.7397260273972603e-03 0. 0.
    2.7397260273972603e-03 5.4794520547945206e-03 0.
    5.4794520547945206e-03 0. 0. 0. 5.4794520547945206e-03
    5.4794520547945206e-03 0. 0. 2.7397260273972603e-03 0.
    5.4794520547945206e-03 2.7397260273972603e-03 0. 0.
    8.2191780821917800e-03 0. 2.7397260273972603e-03
    5.4794520547945206e-03 0. 2.7397260273972603e-03
    2.7397260273972603e-03 2.7397260273972603e-03 2.7397260273972603e-03
    2.7397260273972603e-03 0. 2.7397260273972603e-03 0. 0. 0. 0.
    2.7397260273972603e-03 2.7397260273972603e-03 2.7397260273972603e-03
    0. 0. 2.7397260273972603e-03 5.4794520547945206e-03
    5.4794520547945206e-03 2.7397260273972603e-03 2.7397260273972603e-03
    8.2191780821917800e-03 0. 0. 5.4794520547945206e-03 0.
    2.7397260273972603e-03 2.7397260273972603e-03 0. 0.
    2.7397260273972603e-03 0. 0. 5.4794520547945206e-03 0.
    5.4794520547945206e-03 2.7397260273972603e-03 8.2191780821917800e-03
    1.6438356164383560e-02 2.7397260273972603e-03 0. 0.
    5.4794520547945206e-03 2.7397260273972603e-03 8.2191780821917800e-03
    0. 2.7397260273972603e-03 0. 2.7397260273972603e-03 0. 0. 0.
    5.4794520547945206e-03 0. 8.2191780821917800e-03 0.
    2.7397260273972603e-03 8.2191780821917800e-03 2.7397260273972603e-03
    5.4794520547945206e-03 2.7397260273972603e-03 0.
    2.7397260273972603e-03 5.4794520547945206e-03 5.4794520547945206e-03
    0. 0. 0. 0. 0. 2.7397260273972603e-03 2.7397260273972603e-03
    2.7397260273972603e-03 5.4794520547945206e-03 0.
    2.7397260273972603e-03 0. 5.4794520547945206e-03
    2.7397260273972603e-03 0. 0. 0. 0. 2.7397260273972603e-03
    1.3698630136986301e-02</data></ATM>
</opencv_storage>
