<?xml version="1.0"?>
<opencv_storage>
<baby_bed type_id="opencv-matrix">
  <rows>20</rows>
  <cols>20</cols>
  <dt>d</dt>
  <data>
    6.5847234416154519e-04 7.6821773485513613e-04 8.7796312554872696e-04
    5.4872695346795436e-04 5.4872695346795436e-04 5.4872695346795436e-04
    3.2923617208077259e-04 1.0974539069359087e-03 3.2923617208077259e-04
    2.6338893766461808e-03 2.5241439859525899e-03 7.6821773485513613e-04
    2.1949078138718174e-03 1.3169446883230904e-03 3.2923617208077259e-04
    7.6821773485513613e-04 5.4872695346795436e-04 4.3898156277436348e-04
    5.4872695346795436e-04 2.1949078138718174e-04 2.1949078138718174e-04
    1.0974539069359087e-04 2.1949078138718174e-04 7.6821773485513613e-04
    1.0974539069359087e-03 3.2923617208077259e-04 4.3898156277436348e-04
    1.2071992976294996e-03 1.0974539069359087e-03 2.0851624231782266e-03
    2.7436347673397716e-03 1.3169446883230904e-03 1.4266900790166812e-03
    1.0974539069359087e-03 5.4872695346795436e-04 5.4872695346795436e-04
    6.5847234416154519e-04 7.6821773485513613e-04 9.8770851624231789e-04
    4.3898156277436348e-04 2.1949078138718174e-04 3.2923617208077259e-04
    4.3898156277436348e-04 6.5847234416154519e-04 4.3898156277436348e-04
    4.3898156277436348e-04 9.8770851624231789e-04 2.1949078138718174e-04
    8.7796312554872696e-04 2.3046532045654083e-03 2.1949078138718174e-03
    1.4266900790166812e-03 1.3169446883230904e-03 1.8656716417910447e-03
    2.1949078138718174e-04 7.6821773485513613e-04 4.3898156277436348e-04
    5.4872695346795436e-04 1.0974539069359087e-04 3.2923617208077259e-04
    2.1949078138718174e-04 2.1949078138718174e-04 7.6821773485513613e-04
    4.3898156277436348e-04 5.4872695346795436e-04 3.2923617208077259e-04
    5.4872695346795436e-04 7.6821773485513613e-04 1.0974539069359087e-03
    3.6215978928884987e-03 4.0605794556628624e-03 5.4872695346795436e-04
    4.3898156277436348e-04 4.3898156277436348e-04 6.5847234416154519e-04
    5.4872695346795436e-04 3.2923617208077259e-04 6.5847234416154519e-04
    7.6821773485513613e-04 4.3898156277436348e-04 5.4872695346795436e-04
    1.0974539069359087e-04 4.3898156277436348e-04 5.4872695346795436e-04
    3.2923617208077259e-04 4.3898156277436348e-04 1.0974539069359087e-04
    5.4872695346795436e-04 1.3169446883230904e-03 2.0851624231782266e-03
    2.8533801580333624e-03 7.6821773485513613e-04 1.4266900790166812e-03
    2.1949078138718174e-04 5.4872695346795436e-04 2.1949078138718174e-04
    5.4872695346795436e-04 8.7796312554872696e-04 8.7796312554872696e-04
    6.5847234416154519e-04 7.6821773485513613e-04 9.8770851624231789e-04
    3.2923617208077259e-04 1.0974539069359087e-04 3.2923617208077259e-04
    5.4872695346795436e-04 0. 3.2923617208077259e-04 0.
    1.9754170324846358e-03 1.5364354697102723e-03 3.2923617208077259e-04
    1.0974539069359087e-04 5.4872695346795436e-04 4.3898156277436348e-04
    5.4872695346795436e-04 3.2923617208077259e-04 7.6821773485513613e-04
    4.3898156277436348e-04 3.2923617208077259e-04 6.5847234416154519e-04
    5.4872695346795436e-04 9.8770851624231789e-04 5.4872695346795436e-04
    6.5847234416154519e-04 1.0974539069359087e-04 3.2923617208077259e-04
    2.1949078138718174e-04 2.1949078138718174e-04 3.2923617208077259e-04
    9.8770851624231789e-04 1.0974539069359087e-04 5.4872695346795436e-04
    1.2510974539069360e-02 4.3898156277436348e-04 5.4872695346795436e-04
    7.6821773485513613e-04 7.6821773485513613e-04 9.8770851624231789e-04
    1.0974539069359087e-03 6.5847234416154519e-04 8.7796312554872696e-04
    1.2071992976294996e-03 6.5847234416154519e-04 5.4872695346795436e-04
    4.3898156277436348e-04 1.0974539069359087e-04 2.1949078138718174e-04
    0. 4.3898156277436348e-04 2.1949078138718174e-04
    1.0974539069359087e-04 1.0974539069359087e-04 5.4872695346795436e-04
    4.3898156277436348e-04 3.2923617208077259e-04 8.7796312554872696e-04
    4.3898156277436348e-04 2.1949078138718174e-04 9.8770851624231789e-04
    5.4872695346795436e-04 2.1949078138718174e-03 1.4266900790166812e-03
    2.9631255487269537e-03 1.4266900790166812e-03 1.8656716417910447e-03
    6.5847234416154519e-04 2.1949078138718174e-04 0.
    4.3898156277436348e-04 7.6821773485513613e-04 1.0974539069359087e-04
    1.0974539069359087e-04 3.2923617208077259e-04 7.6821773485513613e-04
    1.7559262510974539e-03 2.1949078138718174e-03 1.7559262510974539e-03
    1.0974539069359087e-03 9.8770851624231789e-04 2.1949078138718174e-03
    2.7436347673397716e-03 4.9385425812115890e-03 5.3775241439859523e-03
    3.6215978928884987e-03 2.8533801580333624e-03 9.8770851624231789e-04
    3.2923617208077259e-04 4.3898156277436348e-04 3.7313432835820892e-02
    3.9947322212467079e-02 1.0974539069359087e-04 4.3898156277436348e-04
    1.5364354697102723e-03 1.9754170324846358e-03 4.0605794556628624e-03
    3.6215978928884987e-03 4.7190517998244074e-03 3.2923617208077262e-03
    3.5118525021949078e-03 2.9631255487269537e-03 3.2923617208077262e-03
    4.7190517998244074e-03 5.2677787532923615e-03 5.8165057067603157e-03
    1.8656716417910447e-03 1.9754170324846358e-03 2.1949078138718174e-04
    1.0974539069359087e-04 1.3191395961369623e-01 3.2122475856014049e-01
    2.1949078138718174e-04 4.3898156277436348e-04 1.3169446883230904e-03
    2.6338893766461808e-03 4.0605794556628624e-03 6.5847234416154523e-03
    4.4995610184372257e-03 3.8410886742756803e-03 2.4143985952589991e-03
    4.2800702370500441e-03 4.6093064091308165e-03 4.9385425812115890e-03
    4.4995610184372257e-03 2.8533801580333624e-03 1.4266900790166812e-03
    1.3169446883230904e-03 0. 1.0974539069359087e-04
    6.5847234416154519e-04 3.2923617208077259e-04 0.
    1.0974539069359087e-04 3.2923617208077259e-04 1.6461808604038631e-03
    2.7436347673397716e-03 3.4021071115013170e-03 4.3898156277436349e-03
    4.9385425812115890e-03 2.8533801580333624e-03 2.9631255487269537e-03
    1.2071992976294996e-03 1.4266900790166812e-03 3.2923617208077262e-03
    1.2071992976294996e-03 4.3898156277436348e-04 1.3169446883230904e-03
    2.1949078138718174e-04 1.0974539069359087e-04 2.1949078138718174e-04
    7.6821773485513613e-04 0. 3.2923617208077259e-04
    7.6821773485513613e-04 3.2923617208077259e-04 1.3169446883230904e-03
    1.4266900790166812e-03 1.4266900790166812e-03 1.8656716417910447e-03
    2.1949078138718174e-03 1.6461808604038631e-03 5.4872695346795436e-04
    4.3898156277436348e-04 8.7796312554872696e-04 6.5847234416154519e-04
    7.6821773485513613e-04 2.1949078138718174e-04 2.1949078138718174e-04
    3.2923617208077259e-04 9.8770851624231789e-04 9.8770851624231789e-04
    3.2923617208077259e-04 2.1949078138718174e-04 1.0974539069359087e-04
    5.4872695346795436e-04 8.7796312554872696e-04 6.5847234416154519e-04
    8.7796312554872696e-04 8.7796312554872696e-04 5.4872695346795436e-04
    7.6821773485513613e-04 6.5847234416154519e-04 6.5847234416154519e-04
    7.6821773485513613e-04 6.5847234416154519e-04 1.0974539069359087e-04
    5.4872695346795436e-04 4.3898156277436348e-04 7.6821773485513613e-04
    2.1949078138718174e-03 1.7559262510974539e-03 8.7796312554872696e-04
    3.2923617208077259e-04 3.2923617208077259e-04 2.1949078138718174e-04
    6.5847234416154519e-04 6.5847234416154519e-04 8.7796312554872696e-04
    1.2071992976294996e-03 6.5847234416154519e-04 2.1949078138718174e-04
    6.5847234416154519e-04 1.5364354697102723e-03 4.3898156277436348e-04
    3.2923617208077259e-04 8.7796312554872696e-04 6.5847234416154519e-04
    2.3046532045654083e-03 1.3169446883230904e-03 2.9631255487269537e-03
    2.5241439859525899e-03 4.3898156277436348e-04 1.2071992976294996e-03
    4.3898156277436348e-04 7.6821773485513613e-04 2.1949078138718174e-04
    1.4266900790166812e-03 7.6821773485513613e-04 6.5847234416154519e-04
    7.6821773485513613e-04 1.3169446883230904e-03 6.5847234416154519e-04
    6.5847234416154519e-04 5.4872695346795436e-04 3.2923617208077259e-04
    8.7796312554872696e-04 7.6821773485513613e-04 9.8770851624231789e-04
