<?xml version="1.0"?>
<opencv_storage>
<basketball_hoop type_id="opencv-matrix">
  <rows>20</rows>
  <cols>20</cols>
  <dt>d</dt>
  <data>
    0. 0. 0. 0. 1.0362694300518135e-02 5.1813471502590676e-03 0. 0.
    5.1813471502590676e-03 1.0362694300518135e-02 1.0362694300518135e-02
    0. 0. 0. 0. 0. 0. 5.1813471502590676e-03 5.1813471502590676e-03 0.
    0. 0. 0. 0. 0. 0. 0. 0. 5.1813471502590676e-03 0.
    1.0362694300518135e-02 0. 5.1813471502590676e-03
    5.1813471502590676e-03 0. 0. 0. 0. 0. 0. 0. 0. 0. 0. 0. 0. 0.
    1.0362694300518135e-02 0. 0. 5.1813471502590676e-03 0. 0. 0. 0. 0.
    5.1813471502590676e-03 0. 0. 0. 0. 1.0362694300518135e-02 0. 0. 0.
    5.1813471502590676e-03 0. 0. 2.5906735751295335e-02 0. 0.
    1.0362694300518135e-02 0. 0. 0. 0. 0. 5.1813471502590676e-03
    5.1813471502590676e-03 0. 0. 0. 0. 0. 0. 0. 0. 0.
    1.0362694300518135e-02 1.5544041450777202e-02 0. 0. 0.
    1.5544041450777202e-02 1.0362694300518135e-02 5.1813471502590676e-03
    5.1813471502590676e-03 0. 0. 5.1813471502590676e-03 0. 0.
    5.1813471502590676e-03 0. 0. 0. 0. 0. 2.0725388601036270e-02
    5.1813471502590676e-03 5.1813471502590676e-03 0.
    1.5544041450777202e-02 0. 0. 0. 1.5544041450777202e-02 0.
    1.5544041450777202e-02 5.1813471502590676e-03 0.
    5.1813471502590676e-03 0. 1.0362694300518135e-02 0. 0. 0. 0. 0. 0.
    0. 5.1813471502590676e-03 5.1813471502590676e-03
    5.1813471502590676e-03 0. 0. 5.1813471502590676e-03 0.
    5.1813471502590676e-03 0. 5.1813471502590676e-03 0.
    5.1813471502590676e-03 0. 5.1813471502590676e-03 0.
    5.1813471502590676e-03 0. 0. 0. 0. 0. 0. 5.1813471502590676e-03 0.
    1.0362694300518135e-02 0. 0. 0. 0. 0. 0. 5.1813471502590676e-03
    5.1813471502590676e-03 0. 5.1813471502590676e-03
    5.1813471502590676e-03 0. 0. 0. 0. 0. 0. 0. 0. 0.
    5.1813471502590676e-03 0. 0. 5.1813471502590676e-03 0. 0. 0.
    5.1813471502590676e-03 5.1813471502590676e-03 0. 0. 0. 0. 0.
    5.1813471502590676e-03 5.1813471502590676e-03 5.1813471502590676e-03
    5.1813471502590676e-03 0. 5.1813471502590676e-03
    5.1813471502590676e-03 1.0362694300518135e-02 2.5906735751295335e-02
    1.5544041450777202e-02 5.1813471502590676e-03 0. 0. 0.
    5.1813471502590676e-03 5.1813471502590676e-03 0. 0. 0. 0. 0. 0. 0.
    1.0362694300518135e-02 0. 0. 0. 0. 5.1813471502590676e-03
    5.1813471502590676e-03 0. 5.1813471502590676e-03 0.
    5.1813471502590676e-03 0. 5.1813471502590676e-03 0. 0. 0. 0. 0. 0.
    0. 0. 0. 0. 0. 1.0362694300518135e-02 0. 0. 0.
    5.1813471502590676e-03 0. 5.1813471502590676e-03 0. 0. 0. 0. 0. 0.
    0. 0. 0. 0. 0. 0. 5.1813471502590676e-03 0. 5.1813471502590676e-03
    0. 0. 5.1813471502590676e-03 5.1813471502590676e-03 0. 0. 0. 0. 0.
    0. 0. 5.1813471502590676e-03 0. 5.1813471502590676e-03 0. 0. 0.
    1.0362694300518135e-02 5.1813471502590676e-03 0.
    5.1813471502590676e-03 0. 5.1813471502590676e-03 0. 0. 0. 0. 0. 0.
    1.0362694300518135e-02 0. 0. 0. 5.1813471502590676e-03 0.
    5.1813471502590676e-03 0. 0. 0. 0. 0. 5.1813471502590676e-03 0. 0.
    5.1813471502590676e-03 0. 0. 0. 0. 1.0362694300518135e-02
    5.1813471502590676e-03 1.0362694300518135e-02 5.1813471502590676e-03
    5.1813471502590676e-03 0. 5.1813471502590676e-03
    5.1813471502590676e-03 5.1813471502590676e-03 0. 0. 0. 0.
    5.1813471502590676e-03 5.1813471502590676e-03 0. 0. 0.
    5.1813471502590676e-03 5.1813471502590676e-03 1.0362694300518135e-02
    0. 1.0362694300518135e-02 1.0362694300518135e-02 0. 0.
    1.0362694300518135e-02 5.1813471502590676e-03 0. 0.
    5.1813471502590676e-03 0. 5.1813471502590676e-03 0.
    5.1813471502590676e-03 0. 0. 0. 0. 0. 3.6269430051813469e-02 0.
    1.5544041450777202e-02 2.0725388601036270e-02 5.1813471502590676e-03
    0. 0. 1.0362694300518135e-02 0. 5.1813471502590676e-03
    5.1813471502590676e-03 5.1813471502590676e-03 0. 0. 0. 0. 0. 0. 0.
    0. 0. 0. 5.1813471502590676e-03 1.0362694300518135e-02
    5.1813471502590676e-03 0. 0. 0. 5.1813471502590676e-03
    5.1813471502590676e-03 0. 5.1813471502590676e-03
    5.1813471502590676e-03 0. 0. 0. 0. 0. 0. 0. 1.0362694300518135e-02
    1.0362694300518135e-02 5.1813471502590676e-03 5.1813471502590676e-03
    0. 0. 0. 0. 5.1813471502590676e-03 5.1813471502590676e-03 0. 0.</data></basketball_hoop>
</opencv_storage>
