<?xml version="1.0"?>
<opencv_storage>
<bathtub type_id="opencv-matrix">
  <rows>20</rows>
  <cols>20</cols>
  <dt>d</dt>
  <data>
    2.1881838074398249e-03 1.0940919037199124e-03 0.
    2.1881838074398249e-03 1.0940919037199124e-03 1.0940919037199124e-03
    1.0940919037199124e-03 0. 2.1881838074398249e-03
    2.1881838074398249e-03 2.1881838074398249e-03 3.2822757111597373e-03
    1.0940919037199124e-03 1.0940919037199124e-03 3.2822757111597373e-03
    3.2822757111597373e-03 2.1881838074398249e-03 1.0940919037199124e-03
    2.1881838074398249e-03 1.0940919037199124e-03 1.0940919037199124e-03
    0. 5.4704595185995622e-03 0. 0. 4.3763676148796497e-03
    1.0940919037199124e-03 2.1881838074398249e-03 2.1881838074398249e-03
    2.1881838074398249e-03 4.3763676148796497e-03 2.1881838074398249e-03
    0. 2.1881838074398249e-03 2.1881838074398249e-03
    1.0940919037199124e-03 1.0940919037199124e-03 1.0940919037199124e-03
    2.1881838074398249e-03 2.1881838074398249e-03 2.1881838074398249e-03
    0. 0. 2.1881838074398249e-03 0. 0. 0. 0. 4.3763676148796497e-03
    4.3763676148796497e-03 1.0940919037199124e-03 0.
    1.0940919037199124e-03 0. 1.0940919037199124e-03
    1.0940919037199124e-03 1.0940919037199124e-03 0.
    1.0940919037199124e-03 1.0940919037199124e-03 0.
    1.0940919037199124e-03 0. 0. 0. 0. 0. 4.3763676148796497e-03
    5.4704595185995622e-03 3.2822757111597373e-03 3.2822757111597373e-03
    1.0940919037199124e-03 1.0940919037199124e-03 0.
    1.0940919037199124e-03 0. 1.0940919037199124e-03 0.
    2.1881838074398249e-03 2.1881838074398249e-03 1.0940919037199124e-03
    0. 1.0940919037199124e-03 0. 1.0940919037199124e-03
    3.2822757111597373e-03 1.0940919037199124e-03 1.0940919037199124e-03
    2.1881838074398249e-03 3.2822757111597373e-03 1.0940919037199124e-03
    2.1881838074398249e-03 1.0940919037199124e-03 4.3763676148796497e-03
    6.5645514223194746e-03 1.0940919037199124e-03 2.1881838074398249e-03
    1.0940919037199124e-03 4.3763676148796497e-03 1.0940919037199124e-03
    2.1881838074398249e-03 1.0940919037199124e-03 1.0940919037199124e-03
    4.3763676148796497e-03 0. 0. 6.5645514223194746e-03 0.
    5.4704595185995622e-03 1.0940919037199124e-03 2.1881838074398249e-03
    1.0940919037199124e-03 1.0940919037199124e-03 0.
    2.1881838074398249e-03 0. 2.1881838074398249e-03
    3.2822757111597373e-03 0. 1.0940919037199124e-03 0.
    2.1881838074398249e-03 0. 3.2822757111597373e-03
    1.0940919037199124e-03 2.1881838074398249e-03 0.
    1.0940919037199124e-03 3.2822757111597373e-03 1.0940919037199124e-03
    2.1881838074398249e-03 2.1881838074398249e-03 2.1881838074398249e-03
    4.3763676148796497e-03 2.1881838074398249e-03 4.3763676148796497e-03
    3.2822757111597373e-03 1.0940919037199124e-03 7.6586433260393870e-03
    2.1881838074398249e-03 2.1881838074398249e-03 6.5645514223194746e-03
    1.0940919037199124e-03 4.3763676148796497e-03 2.1881838074398249e-03
    2.1881838074398249e-03 2.1881838074398249e-03 0.
    2.1881838074398249e-03 2.1881838074398249e-03 0.
    4.3763676148796497e-03 1.0940919037199124e-03 2.1881838074398249e-03
    2.1881838074398249e-03 1.0940919037199124e-03 2.1881838074398249e-03
    0. 2.1881838074398249e-03 2.1881838074398249e-03
    1.0940919037199124e-03 3.2822757111597373e-03 2.1881838074398249e-03
    0. 0. 3.2822757111597373e-03 1.0940919037199124e-03
    2.1881838074398249e-03 3.2822757111597373e-03 8.7527352297592995e-03
    1.4223194748358862e-02 4.3763676148796497e-03 0.
    3.2822757111597373e-03 1.0940919037199124e-03 4.3763676148796497e-03
    3.2822757111597373e-03 2.1881838074398249e-03 3.2822757111597373e-03
    2.1881838074398249e-03 3.2822757111597373e-03 0.
    2.1881838074398249e-03 0. 6.5645514223194746e-03
    5.4704595185995622e-03 2.1881838074398249e-03 2.1881838074398249e-03
    3.2822757111597373e-03 3.5010940919037198e-02 3.5010940919037198e-02
    2.1881838074398249e-03 2.1881838074398249e-03 8.7527352297592995e-03
    2.1881838074398249e-03 2.1881838074398249e-03 1.0940919037199124e-03
    4.3763676148796497e-03 4.3763676148796497e-03 2.1881838074398249e-03
    2.1881838074398249e-03 0. 5.4704595185995622e-03
    1.0940919037199124e-03 0. 2.1881838074398249e-03
    3.2822757111597373e-03 0. 7.6586433260393870e-03
    7.7680525164113792e-02 8.8621444201312904e-02 4.3763676148796497e-03
    2.1881838074398249e-03 9.8468271334792128e-03 3.2822757111597373e-03
    3.2822757111597373e-03 6.5645514223194746e-03 2.1881838074398249e-03
    5.4704595185995622e-03 3.2822757111597373e-03 3.2822757111597373e-03
    3.2822757111597373e-03 1.0940919037199124e-03 2.1881838074398249e-03
    2.1881838074398249e-03 1.0940919037199124e-03 0. 0.
    1.0940919037199124e-02 1.8599562363238512e-02 8.7527352297592995e-03
    2.1881838074398249e-03 1.0940919037199124e-03 0.
    2.1881838074398249e-03 2.1881838074398249e-03 4.3763676148796497e-03
    3.2822757111597373e-03 3.2822757111597373e-03 3.2822757111597373e-03
    1.0940919037199124e-03 3.2822757111597373e-03 0.
    1.0940919037199124e-03 1.0940919037199124e-03 1.0940919037199124e-03
    2.1881838074398249e-03 2.1881838074398249e-03 3.2822757111597373e-03
    2.1881838074398249e-03 0. 1.0940919037199124e-03
    2.1881838074398249e-03 3.2822757111597373e-03 2.1881838074398249e-03
    1.0940919037199124e-03 0. 1.0940919037199124e-03
    5.4704595185995622e-03 2.1881838074398249e-03 0.
    1.0940919037199124e-03 1.0940919037199124e-03 1.0940919037199124e-03
    0. 2.1881838074398249e-03 0. 0. 4.3763676148796497e-03
    3.2822757111597373e-03 7.6586433260393870e-03 1.0940919037199124e-03
    1.0940919037199124e-03 1.0940919037199124e-03 3.2822757111597373e-03
    1.0940919037199124e-03 1.0940919037199124e-03 2.1881838074398249e-03
    0. 0. 1.0940919037199124e-03 0. 0. 1.0940919037199124e-03
    4.3763676148796497e-03 0. 0. 2.1881838074398249e-03
    2.1881838074398249e-03 0. 1.0940919037199124e-03
    1.0940919037199124e-03 0. 0. 5.4704595185995622e-03
    1.0940919037199124e-03 1.0940919037199124e-03 0. 0.
    3.2822757111597373e-03 1.0940919037199124e-03 0. 0. 0.
    1.0940919037199124e-03 1.0940919037199124e-03 6.5645514223194746e-03
    1.0940919037199124e-03 2.1881838074398249e-03 1.0940919037199124e-03
    0. 1.0940919037199124e-03 1.0940919037199124e-03
    2.1881838074398249e-03 1.0940919037199124e-03 0.
    2.1881838074398249e-03 0. 2.1881838074398249e-03 0.
    1.0940919037199124e-03 0. 2.1881838074398249e-03
    1.0940919037199124e-03 0. 1.0940919037199124e-03
    2.1881838074398249e-03 1.0940919037199124e-03 2.1881838074398249e-03
    5.4704595185995622e-03 6.5645514223194746e-03 1.0940919037199124e-03
    3.2822757111597373e-03 1.0940919037199124e-03 0.
    1.0940919037199124e-03 2.1881838074398249e-03 1.0940919037199124e-03
    3.2822757111597373e-03 0. 0. 1.0940919037199124e-03
    2.1881838074398249e-03 1.0940919037199124e-03 0.
    1.0940919037199124e-03 2.1881838074398249e-03 1.0940919037199124e-03
    3.2822757111597373e-03 1.0940919037199124e-03 2.1881838074398249e-03
    5.4704595185995622e-03 0. 2.1881838074398249e-03 0.
    1.0940919037199124e-03 1.0940919037199124e-03 1.0940919037199124e-03
    0. 1.0940919037199124e-03 2.1881838074398249e-03 0.
    1.0940919037199124e-03 0. 2.1881838074398249e-03 0.
    1.0940919037199124e-03 1.0940919037199124e-03 1.0940919037199124e-03
    1.0940919037199124e-03 3.2822757111597373e-03 3.2822757111597373e-03
    4.3763676148796497e-03 0. 0. 1.0940919037199124e-03
    1.0940919037199124e-03 0. 1.0940919037199124e-03 0.
    1.0940919037199124e-03 1.0940919037199124e-03 1.0940919037199124e-03
    1.0940919037199124e-03 0. 0. 0. 3.2822757111597373e-03 0. 0.
    8.7527352297592995e-03 2.1881838074398249e-03 1.0940919037199124e-03
    1.0940919037199124e-03 1.0940919037199124e-03 1.0940919037199124e-03
    0. 0. 1.0940919037199124e-03 1.0940919037199124e-03</data></bathtub>
</opencv_storage>
