<?xml version="1.0"?>
<opencv_storage>
<beer type_id="opencv-matrix">
  <rows>20</rows>
  <cols>20</cols>
  <dt>d</dt>
  <data>
    1.2778645463580860e-03 3.2656538406928867e-03 1.1358795967627432e-03
    1.1358795967627432e-03 8.5190969757205739e-04 1.7038193951441148e-03
    1.9877892943348007e-03 8.5190969757205739e-04 4.2595484878602869e-04
    8.5190969757205739e-04 1.8458043447394576e-03 1.2778645463580860e-03
    1.8458043447394576e-03 3.1236688910975439e-03 1.1358795967627432e-03
    1.1358795967627432e-03 1.9877892943348007e-03 1.4198494959534289e-03
    1.7038193951441148e-03 1.2778645463580860e-03 1.4198494959534289e-03
    1.7038193951441148e-03 9.9389464716740034e-04 2.8680959818259265e-02
    1.4198494959534289e-03 2.1297742439301435e-03 2.1297742439301435e-03
    1.8458043447394576e-03 2.5557290927161721e-03 1.7038193951441148e-03
    2.2717591935254864e-03 1.1358795967627432e-03 1.9877892943348007e-03
    1.7038193951441148e-03 1.4198494959534289e-03 1.5618344455487719e-03
    1.7038193951441148e-03 1.7038193951441148e-03 1.1358795967627432e-03
    7.0992474797671444e-04 9.9389464716740034e-04 1.7038193951441148e-03
    9.9389464716740034e-04 1.9877892943348007e-03 1.1358795967627432e-03
    1.4198494959534289e-03 1.5618344455487719e-03 8.5190969757205739e-04
    1.9877892943348007e-03 1.1358795967627432e-03 1.5618344455487719e-03
    1.9877892943348007e-03 1.2778645463580860e-03 1.5618344455487719e-03
    2.4137441431208292e-03 1.8458043447394576e-03 2.2717591935254864e-03
    1.4198494959534289e-03 2.2717591935254864e-03 1.8458043447394576e-03
    1.7038193951441148e-03 1.2778645463580860e-03 1.7038193951441148e-03
    1.5618344455487719e-03 1.5618344455487719e-03 1.4198494959534289e-03
    2.1297742439301435e-03 2.5557290927161721e-03 1.9877892943348007e-03
    3.1236688910975439e-03 2.6977140423115149e-03 1.4198494959534289e-03
    5.6793979838137159e-04 2.8396989919068577e-03 1.2778645463580860e-03
    1.4198494959534289e-03 1.2778645463580860e-03 1.9877892943348007e-03
    2.1297742439301435e-03 1.5618344455487719e-03 8.5190969757205739e-04
    8.5190969757205739e-04 8.5190969757205739e-04 1.4198494959534289e-03
    1.7038193951441148e-03 1.1358795967627432e-03 1.5618344455487719e-03
    1.9877892943348007e-03 2.2717591935254864e-03 2.9816839415022006e-03
    2.6977140423115149e-03 2.2717591935254864e-03 1.4198494959534289e-03
    2.5557290927161721e-03 4.1175635382649442e-03 2.6977140423115149e-03
    1.9877892943348007e-03 1.8458043447394576e-03 1.8458043447394576e-03
    1.4198494959534289e-03 5.6793979838137159e-04 2.2717591935254864e-03
    1.8458043447394576e-03 2.4137441431208292e-03 2.2717591935254864e-03
    2.4137441431208292e-03 3.9755785886696014e-03 3.4076387902882295e-03
    2.1297742439301435e-03 2.5557290927161721e-03 2.5557290927161721e-03
    3.5496237398835724e-03 3.5496237398835724e-03 1.1216811018032088e-02
    3.4076387902882295e-03 3.2656538406928867e-03 2.8396989919068577e-03
    2.8396989919068577e-03 1.8458043447394576e-03 1.5618344455487719e-03
    2.5557290927161721e-03 9.9389464716740034e-04 8.5190969757205739e-04
    1.8458043447394576e-03 1.9877892943348007e-03 2.2717591935254864e-03
    3.1236688910975439e-03 3.9755785886696014e-03 2.2717591935254864e-03
    3.5496237398835724e-03 2.9816839415022006e-03 4.5435183870509727e-03
    5.2534431350276869e-03 3.2656538406928867e-03 3.5496237398835724e-03
    3.4076387902882295e-03 2.8396989919068577e-03 2.1297742439301435e-03
    2.2717591935254864e-03 1.8458043447394576e-03 1.7038193951441148e-03
    1.8458043447394576e-03 1.2778645463580860e-03 1.4198494959534289e-03
    1.4198494959534289e-03 2.8396989919068577e-03 9.5129916228879740e-03
    2.8396989919068577e-03 3.1236688910975439e-03 2.4137441431208292e-03
    3.1236688910975439e-03 2.1297742439301435e-03 4.8274882862416584e-03
    3.6916086894789152e-03 3.9755785886696014e-03 3.8335936390742581e-03
    2.8396989919068577e-03 2.6977140423115149e-03 1.8458043447394576e-03
    2.2717591935254864e-03 9.9389464716740034e-04 1.7038193951441148e-03
    9.9389464716740034e-04 2.2717591935254864e-03 1.7038193951441148e-03
    2.8396989919068577e-03 2.9816839415022006e-03 2.8396989919068577e-03
    1.5618344455487719e-03 1.5618344455487719e-03 1.1358795967627432e-03
    1.8458043447394576e-03 4.4015334374556299e-03 6.2473377821950877e-03
    4.1175635382649442e-03 3.1236688910975439e-03 1.9877892943348007e-03
    1.8458043447394576e-03 1.5618344455487719e-03 1.5618344455487719e-03
    9.9389464716740034e-04 1.9877892943348007e-03 1.9877892943348007e-03
    2.9816839415022006e-03 2.8396989919068577e-03 3.1236688910975439e-03
    4.1175635382649442e-03 4.1175635382649442e-03 2.1297742439301435e-03
    1.1358795967627432e-03 1.4198494959534290e-04 1.4198494959534289e-03
    3.4076387902882295e-03 5.1114581854323441e-03 4.8274882862416584e-03
    4.2595484878602870e-03 3.8335936390742581e-03 3.5496237398835724e-03
    3.4076387902882295e-03 2.1297742439301435e-03 1.5618344455487719e-03
    2.5557290927161721e-03 2.9816839415022006e-03 2.1297742439301435e-03
    2.6977140423115149e-03 2.6977140423115149e-03 4.5435183870509727e-03
    5.1114581854323441e-03 2.4137441431208292e-03 2.8396989919068580e-04
    1.4198494959534290e-04 1.7038193951441148e-03 5.3954280846230298e-03
    3.9755785886696014e-03 3.4076387902882295e-03 2.4137441431208292e-03
    2.6977140423115149e-03 2.2717591935254864e-03 2.1297742439301435e-03
    4.1175635382649442e-03 1.4198494959534289e-03 1.9877892943348007e-03
    1.5618344455487719e-03 1.7038193951441148e-03 2.6977140423115149e-03
    9.9389464716740034e-04 2.1297742439301435e-03 3.5496237398835724e-03
    1.2778645463580860e-03 4.2595484878602869e-04 1.2778645463580860e-03
    8.5190969757205739e-04 2.4137441431208292e-03 3.8335936390742581e-03
    1.8458043447394576e-03 2.8396989919068577e-03 2.2717591935254864e-03
    2.5557290927161721e-03 2.2717591935254864e-03 1.2778645463580860e-03
    1.5618344455487719e-03 2.6977140423115149e-03 5.6793979838137159e-04
    1.8458043447394576e-03 2.9816839415022006e-03 3.8335936390742581e-03
    2.6977140423115149e-03 4.2595484878602870e-03 4.1175635382649442e-03
    2.4137441431208292e-03 2.9816839415022006e-03 3.1236688910975439e-03
    2.8396989919068577e-03 6.5313076813857734e-03 3.4076387902882295e-03
    2.8396989919068577e-03 3.2656538406928867e-03 9.9389464716740034e-04
    2.4137441431208292e-03 1.1358795967627432e-03 1.7038193951441148e-03
    2.1297742439301435e-03 2.2717591935254864e-03 1.7038193951441148e-03
    2.9816839415022006e-03 2.8396989919068577e-03 4.4015334374556299e-03
    3.6916086894789152e-03 3.1236688910975439e-03 3.8335936390742581e-03
    5.3954280846230298e-03 3.8335936390742581e-03 4.9694732358370013e-03
    3.6916086894789152e-03 5.8213829334090583e-03 9.2290217236972883e-03
    1.9877892943348007e-03 2.1297742439301435e-03 1.9877892943348007e-03
    8.5190969757205739e-04 8.5190969757205739e-04 1.8458043447394576e-03
    1.9877892943348007e-03 1.4198494959534289e-03 1.8458043447394576e-03
    3.2656538406928867e-03 2.4137441431208292e-03 2.2717591935254864e-03
    3.1236688910975439e-03 2.8396989919068577e-03 4.5435183870509727e-03
    2.9816839415022006e-03 3.4076387902882295e-03 4.2595484878602870e-03
    3.5496237398835724e-03 1.9877892943348007e-03 2.5557290927161721e-03
    2.2717591935254864e-03 2.1297742439301435e-03 2.6977140423115149e-03
    1.4198494959534289e-03 2.5557290927161721e-03 1.7038193951441148e-03
    2.1297742439301435e-03 3.8335936390742581e-03 2.2717591935254864e-03
    2.4137441431208292e-03 2.6977140423115149e-03 4.8274882862416584e-03
    3.2656538406928867e-03 3.4076387902882295e-03 1.9877892943348007e-03
    2.9816839415022006e-03 2.5557290927161721e-03 2.9816839415022006e-03
    1.8458043447394576e-03 2.4137441431208292e-03 2.5557290927161721e-03
    1.8458043447394576e-03 1.4198494959534289e-03 1.2778645463580860e-03
