<?xml version="1.0"?>
<opencv_storage>
<bench_chair type_id="opencv-matrix">
  <rows>20</rows>
  <cols>20</cols>
  <dt>d</dt>
  <data>
    0. 1.0235414534288639e-03 2.0470829068577278e-03 0.
    1.0235414534288639e-03 0. 2.0470829068577278e-03
    1.0235414534288639e-03 2.0470829068577278e-03 2.0470829068577278e-03
    2.0470829068577278e-03 2.0470829068577278e-03 1.0235414534288639e-03
    1.0235414534288639e-03 2.0470829068577278e-03 2.0470829068577278e-03
    2.0470829068577278e-03 2.0470829068577278e-03 1.0235414534288639e-03
    1.0235414534288639e-03 0. 0. 2.0470829068577278e-03 0.
    1.0235414534288639e-03 0. 0. 0. 2.0470829068577278e-03
    1.0235414534288639e-03 4.0941658137154556e-03 3.0706243602865915e-03
    1.0235414534288639e-03 0. 1.0235414534288639e-03
    3.0706243602865915e-03 1.0235414534288639e-03 6.1412487205731829e-03
    0. 0. 1.0235414534288639e-03 0. 1.0235414534288639e-03
    5.1177072671443197e-03 2.0470829068577278e-03 3.0706243602865915e-03
    0. 2.0470829068577278e-03 0. 1.0235414534288639e-03
    2.0470829068577278e-03 0. 1.0235414534288639e-03
    5.1177072671443197e-03 1.0235414534288639e-03 1.0235414534288639e-03
    2.0470829068577278e-03 1.0235414534288639e-03 0.
    1.0235414534288639e-03 1.0235414534288639e-03 0. 0.
    1.0235414534288639e-03 2.0470829068577278e-03 4.0941658137154556e-03
    4.0941658137154556e-03 1.0235414534288639e-03 3.0706243602865915e-03
    3.0706243602865915e-03 3.0706243602865915e-03 3.0706243602865915e-03
    7.1647901740020470e-03 8.1883316274309111e-03 3.0706243602865915e-03
    0. 1.0235414534288639e-03 1.0235414534288639e-03
    2.0470829068577278e-03 3.0706243602865915e-03 1.0235414534288639e-03
    3.0706243602865915e-03 1.0235414534288639e-03 3.0706243602865915e-03
    3.0706243602865915e-03 1.0235414534288639e-03 0.
    2.0470829068577278e-03 2.0470829068577278e-03 0.
    5.1177072671443197e-03 1.0235414534288639e-03 3.0706243602865915e-03
    7.1647901740020470e-03 1.0235414534288639e-03 5.1177072671443197e-03
    2.0470829068577278e-03 1.0235414534288639e-03 3.0706243602865915e-03
    2.0470829068577278e-03 0. 1.0235414534288639e-03
    1.0235414534288639e-03 4.0941658137154556e-03 3.0706243602865915e-03
    4.0941658137154556e-03 7.1647901740020470e-03 5.1177072671443197e-03
    3.0706243602865915e-03 3.0706243602865915e-03 2.0470829068577278e-03
    1.0235414534288639e-03 6.1412487205731829e-03 1.5353121801432957e-02
    2.0470829068577278e-03 5.1177072671443197e-03 1.0235414534288639e-03
    3.0706243602865915e-03 3.0706243602865915e-03 4.0941658137154556e-03
    0. 3.0706243602865915e-03 1.0235414534288639e-03
    2.0470829068577278e-03 3.0706243602865915e-03 4.0941658137154556e-03
    4.0941658137154556e-03 1.0235414534288639e-03 3.0706243602865915e-03
    2.0470829068577278e-03 1.0235414534288639e-03 4.0941658137154556e-03
    2.0470829068577278e-03 9.2118730808597744e-03 9.2118730808597744e-03
    1.0235414534288639e-03 1.0235414534288639e-03 3.0706243602865915e-03
    3.0706243602865915e-03 2.0470829068577278e-03 0.
    1.0235414534288639e-03 1.0235414534288639e-03 2.0470829068577278e-03
    2.0470829068577278e-03 5.1177072671443197e-03 2.0470829068577278e-03
    3.0706243602865915e-03 3.0706243602865915e-03 1.0235414534288639e-03
    3.0706243602865915e-03 4.0941658137154556e-03 8.1883316274309111e-03
    5.1177072671443197e-03 4.0941658137154556e-03 0.
    5.1177072671443197e-03 2.0470829068577278e-03 1.0235414534288639e-03
    4.0941658137154556e-03 1.0235414534288639e-03 1.0235414534288639e-03
    2.0470829068577278e-03 1.0235414534288639e-03 1.0235414534288639e-03
    0. 2.0470829068577278e-03 2.0470829068577278e-03
    5.1177072671443197e-03 1.0235414534288639e-03 2.0470829068577278e-03
    4.0941658137154556e-03 1.0235414534288639e-03 2.0470829068577278e-03
    0. 2.0470829068577278e-03 3.0706243602865915e-03 0.
    3.0706243602865915e-03 2.0470829068577278e-03 0.
    2.0470829068577278e-03 4.0941658137154556e-03 1.0235414534288639e-03
    2.0470829068577278e-03 3.0706243602865915e-03 5.1177072671443197e-03
    5.1177072671443197e-03 1.0235414534288639e-02 1.0235414534288639e-03
    6.1412487205731829e-03 3.0706243602865915e-03 3.0706243602865915e-03
    3.0706243602865915e-03 1.0235414534288639e-03 3.0706243602865915e-03
    2.0470829068577278e-03 3.0706243602865915e-03 1.0235414534288639e-03
    7.1647901740020470e-03 0. 2.0470829068577278e-03
    1.0235414534288639e-03 3.0706243602865915e-03 0. 0.
    1.0235414534288639e-03 3.0706243602865915e-03 2.0470829068577278e-03
    2.0470829068577278e-03 2.0470829068577278e-03 7.1647901740020470e-03
    3.0706243602865915e-03 4.0941658137154556e-03 2.0470829068577278e-03
    1.0235414534288639e-03 4.0941658137154556e-03 5.1177072671443197e-03
    5.1177072671443197e-03 2.0470829068577278e-03 1.0235414534288639e-03
    3.0706243602865915e-03 1.0235414534288639e-03 1.0235414534288639e-03
    5.1177072671443197e-03 4.0941658137154556e-03 2.0470829068577278e-03
    4.0941658137154556e-03 1.0235414534288639e-03 5.1177072671443197e-03
    4.0941658137154556e-03 1.4329580348004094e-02 4.0941658137154556e-03
    6.1412487205731829e-03 0. 3.0706243602865915e-03
    2.0470829068577278e-03 1.0235414534288639e-03 3.0706243602865915e-03
    1.0235414534288639e-03 1.0235414534288639e-03 3.0706243602865915e-03
    2.0470829068577278e-03 1.0235414534288639e-03 3.0706243602865915e-03
    4.0941658137154556e-03 1.0235414534288639e-03 5.1177072671443197e-03
    3.0706243602865915e-03 3.0706243602865915e-03 3.0706243602865915e-03
    6.1412487205731829e-03 6.1412487205731829e-03 8.1883316274309111e-03
    4.0941658137154556e-03 5.1177072671443197e-03 5.1177072671443197e-03
    3.0706243602865915e-03 4.0941658137154556e-03 2.0470829068577278e-03
    0. 3.0706243602865915e-03 1.0235414534288639e-03
    4.0941658137154556e-03 4.0941658137154556e-03 0.
    6.1412487205731829e-03 1.0235414534288639e-03 5.1177072671443197e-03
    2.0470829068577278e-03 0. 5.1177072671443197e-03
    4.0941658137154556e-03 1.1258955987717503e-02 4.0941658137154556e-03
    3.0706243602865915e-03 2.0470829068577278e-03 1.0235414534288639e-03
    2.0470829068577278e-03 3.0706243602865915e-03 0.
    2.0470829068577278e-03 1.0235414534288639e-03 3.0706243602865915e-03
    9.2118730808597744e-03 5.1177072671443197e-03 6.1412487205731829e-03
    5.1177072671443197e-03 6.1412487205731829e-03 2.0470829068577278e-03
    2.0470829068577278e-03 3.0706243602865915e-03 7.1647901740020470e-03
    1.1258955987717503e-02 7.1647901740020470e-03 1.0235414534288639e-03
    2.0470829068577278e-03 3.0706243602865915e-03 0.
    4.0941658137154556e-03 1.0235414534288639e-03 0.
    1.0235414534288639e-03 1.0235414534288639e-03 1.0235414534288639e-03
    4.0941658137154556e-03 2.0470829068577278e-03 2.0470829068577278e-03
    1.0235414534288639e-03 1.0235414534288639e-03 1.0235414534288639e-03
    1.0235414534288639e-03 5.1177072671443197e-03 8.1883316274309111e-03
    4.0941658137154556e-03 1.0235414534288639e-03 7.1647901740020470e-03
    0. 0. 5.1177072671443197e-03 0. 1.0235414534288639e-03
    1.0235414534288639e-03 2.0470829068577278e-03 2.0470829068577278e-03
    2.0470829068577278e-03 5.1177072671443197e-03 3.0706243602865915e-03
    1.0235414534288639e-03 3.0706243602865915e-03 0.
    1.0235414534288639e-03 6.1412487205731829e-03 5.1177072671443197e-03
    3.0706243602865915e-03 3.0706243602865915e-03 2.0470829068577278e-03
    3.0706243602865915e-03 3.0706243602865915e-03 2.0470829068577278e-03
    1.0235414534288639e-03 1.0235414534288639e-03 0. 0. 0.
    2.0470829068577278e-03 1.0235414534288639e-03 1.0235414534288639e-03
    2.0470829068577278e-03 1.0235414534288639e-03 2.0470829068577278e-03
    2.0470829068577278e-03 1.0235414534288639e-03 2.0470829068577278e-03
    2.0470829068577278e-03 2.0470829068577278e-03 1.0235414534288639e-03
    1.0235414534288639e-03 3.0706243602865915e-03 0. 0.
    1.0235414534288639e-03 1.0235414534288639e-03 1.0235414534288639e-03
