<?xml version="1.0"?>
<opencv_storage>
<bookshelf type_id="opencv-matrix">
  <rows>20</rows>
  <cols>20</cols>
  <dt>d</dt>
  <data>
    1.2254901960784314e-03 2.0424836601307191e-03 8.1699346405228761e-04
    1.2254901960784314e-03 8.1699346405228761e-04 8.1699346405228761e-04
    0. 1.2254901960784314e-03 4.0849673202614380e-04
    2.4509803921568627e-03 1.6339869281045752e-03 3.6764705882352941e-03
    3.6764705882352941e-03 3.2679738562091504e-03 2.4509803921568627e-03
    4.4934640522875813e-03 2.0424836601307191e-03 2.4509803921568627e-03
    2.0424836601307191e-03 4.4934640522875813e-03 2.4509803921568627e-03
    8.1699346405228761e-04 3.2679738562091504e-03 1.2254901960784314e-03
    8.1699346405228761e-04 1.6339869281045752e-03 2.4509803921568627e-03
    1.2254901960784314e-03 8.1699346405228761e-04 3.6764705882352941e-03
    3.2679738562091504e-03 4.9019607843137254e-03 4.0849673202614381e-03
    4.0849673202614381e-03 6.5359477124183009e-03 1.2254901960784314e-03
    3.2679738562091504e-03 3.6764705882352941e-03 3.6764705882352941e-03
    2.0424836601307191e-03 1.2254901960784314e-03 1.6339869281045752e-03
    2.0424836601307191e-03 1.2254901960784314e-03 1.6339869281045752e-03
    8.1699346405228761e-04 1.6339869281045752e-03 1.6339869281045752e-03
    1.6339869281045752e-03 8.1699346405228761e-04 3.2679738562091504e-03
    5.7189542483660127e-03 3.2679738562091504e-03 6.1274509803921568e-03
    8.1699346405228763e-03 1.2254901960784314e-03 4.0849673202614381e-03
    3.2679738562091504e-03 2.4509803921568627e-03 2.0424836601307191e-03
    0. 2.8594771241830064e-03 1.2254901960784314e-03
    8.1699346405228761e-04 1.6339869281045752e-03 2.4509803921568627e-03
    8.1699346405228761e-04 4.0849673202614380e-04 2.0424836601307191e-03
    2.0424836601307191e-03 8.1699346405228763e-03 2.4509803921568627e-03
    3.6764705882352941e-03 4.9019607843137254e-03 3.6764705882352941e-03
    4.0849673202614381e-03 3.2679738562091504e-03 4.9019607843137254e-03
    4.9019607843137254e-03 5.3104575163398695e-03 8.1699346405228761e-04
    1.6339869281045752e-03 0. 4.0849673202614380e-04
    1.2254901960784314e-03 8.1699346405228761e-04 4.0849673202614380e-04
    1.2254901960784314e-03 4.0849673202614380e-04 2.0424836601307191e-03
    1.2254901960784314e-03 1.2254901960784314e-03 5.7189542483660127e-03
    2.4509803921568627e-03 3.6764705882352941e-03 1.2254901960784314e-03
    3.6764705882352941e-03 2.8594771241830064e-03 3.6764705882352941e-03
    4.0849673202614381e-03 1.2254901960784314e-03 1.2254901960784314e-03
    1.2254901960784314e-03 4.0849673202614380e-04 2.4509803921568627e-03
    1.6339869281045752e-03 2.0424836601307191e-03 1.6339869281045752e-03
    1.2254901960784314e-03 1.2254901960784314e-03 2.8594771241830064e-03
    3.2679738562091504e-03 4.0849673202614381e-03 5.7189542483660127e-03
    6.9444444444444441e-03 4.0849673202614381e-03 2.8594771241830064e-03
    3.6764705882352941e-03 4.4934640522875813e-03 3.6764705882352941e-03
    1.2254901960784314e-03 1.2254901960784314e-03 1.2254901960784314e-03
    1.6339869281045752e-03 1.2254901960784314e-03 1.6339869281045752e-03
    1.6339869281045752e-03 1.2254901960784314e-03 8.1699346405228761e-04
    1.6339869281045752e-03 2.8594771241830064e-03 1.2254901960784314e-03
    3.2679738562091504e-03 4.0849673202614381e-03 3.2679738562091504e-03
    2.0424836601307191e-03 2.4509803921568627e-03 3.2679738562091504e-03
    6.1274509803921568e-03 5.7189542483660127e-03 8.1699346405228761e-04
    4.0849673202614380e-04 1.2254901960784314e-03 8.1699346405228761e-04
    1.2254901960784314e-03 8.1699346405228761e-04 1.2254901960784314e-03
    0. 8.1699346405228761e-04 1.2254901960784314e-03 0.
    8.1699346405228761e-04 8.1699346405228761e-04 2.8594771241830064e-03
    2.8594771241830064e-03 3.2679738562091504e-03 3.6764705882352941e-03
    5.3104575163398695e-03 5.3104575163398695e-03 6.5359477124183009e-03
    1.2254901960784314e-03 2.8594771241830064e-03 2.8594771241830064e-03
    1.2254901960784314e-03 0. 1.2254901960784314e-03
    4.0849673202614380e-04 0. 4.0849673202614380e-04
    4.0849673202614380e-04 8.1699346405228761e-04 0.
    1.6339869281045752e-03 2.0424836601307191e-03 5.3104575163398695e-03
    1.6339869281045752e-03 5.3104575163398695e-03 5.7189542483660127e-03
    6.1274509803921568e-03 4.9019607843137254e-03 1.6339869281045752e-03
    2.4509803921568627e-03 5.3104575163398695e-03 1.6339869281045752e-03
    8.1699346405228761e-04 1.6339869281045752e-03 1.2254901960784314e-03
    2.0424836601307191e-03 4.0849673202614380e-04 4.0849673202614380e-04
    4.0849673202614380e-04 4.0849673202614380e-04 3.6764705882352941e-03
    5.7189542483660127e-03 6.1274509803921568e-03 3.2679738562091504e-03
    4.4934640522875813e-03 8.5784313725490204e-03 4.4934640522875813e-03
    4.9019607843137254e-03 8.1699346405228761e-04 2.0424836601307191e-03
    4.0849673202614380e-04 1.6339869281045752e-03 4.0849673202614380e-04
    4.0849673202614380e-04 3.2679738562091504e-03 4.0849673202614380e-04
    4.0849673202614380e-04 0. 0. 8.1699346405228761e-04
    3.2679738562091504e-03 6.9444444444444441e-03 6.1274509803921568e-03
    6.1274509803921568e-03 4.4934640522875813e-03 4.9019607843137254e-03
    4.4934640522875813e-03 6.5359477124183009e-03 8.1699346405228761e-04
    1.6339869281045752e-03 1.6339869281045752e-03 1.2254901960784314e-03
    4.0849673202614380e-04 4.0849673202614380e-04 1.2254901960784314e-03
    0. 0. 4.0849673202614380e-04 4.0849673202614380e-04 0.
    1.6339869281045752e-03 4.9019607843137254e-03 4.9019607843137254e-03
    6.1274509803921568e-03 2.4509803921568627e-03 4.4934640522875813e-03
    2.8594771241830064e-03 6.9444444444444441e-03 2.4509803921568627e-03
    2.0424836601307191e-03 1.6339869281045752e-03 8.1699346405228761e-04
    1.6339869281045752e-03 1.6339869281045752e-03 2.0424836601307191e-03
    8.1699346405228761e-04 0. 4.0849673202614380e-04
    4.0849673202614380e-04 4.0849673202614380e-04 1.2254901960784314e-03
    8.1699346405228761e-04 3.6764705882352941e-03 1.6339869281045752e-03
    5.7189542483660127e-03 3.6764705882352941e-03 4.9019607843137254e-03
    3.6764705882352941e-03 1.6339869281045752e-03 1.2254901960784314e-03
    4.0849673202614380e-04 8.1699346405228761e-04 4.0849673202614380e-04
    1.6339869281045752e-03 2.4509803921568627e-03 1.6339869281045752e-03
    0. 1.6339869281045752e-03 2.4509803921568627e-03
    4.0849673202614380e-04 3.2679738562091504e-03 2.0424836601307191e-03
    4.9019607843137254e-03 4.4934640522875813e-03 2.8594771241830064e-03
    4.9019607843137254e-03 2.4509803921568627e-03 4.4934640522875813e-03
    1.2254901960784314e-03 1.2254901960784314e-03 2.4509803921568627e-03
    1.6339869281045752e-03 1.2254901960784314e-03 1.6339869281045752e-03
    2.4509803921568627e-03 4.0849673202614380e-04 1.2254901960784314e-03
    2.0424836601307191e-03 6.1274509803921568e-03 4.9019607843137254e-03
    6.9444444444444441e-03 4.4934640522875813e-03 7.3529411764705881e-03
    1.6339869281045752e-03 3.6764705882352941e-03 2.0424836601307191e-03
    4.4934640522875813e-03 5.3104575163398695e-03 8.1699346405228761e-04
    4.0849673202614380e-04 2.4509803921568627e-03 1.6339869281045752e-03
    1.2254901960784314e-03 1.2254901960784314e-03 2.4509803921568627e-03
    8.1699346405228761e-04 1.2254901960784314e-03 1.2254901960784314e-03
    2.4509803921568627e-03 4.4934640522875813e-03 3.6764705882352941e-03
    6.1274509803921568e-03 5.3104575163398695e-03 1.2254901960784314e-03
    4.0849673202614381e-03 3.2679738562091504e-03 3.2679738562091504e-03
    2.4509803921568627e-03 2.4509803921568627e-03 1.2254901960784314e-03
    0. 1.2254901960784314e-03 0. 4.0849673202614380e-04
    4.0849673202614380e-04 1.2254901960784314e-03 1.2254901960784314e-03
    1.6339869281045752e-03 4.9019607843137254e-03 4.9019607843137254e-03
    3.6764705882352941e-03 2.4509803921568627e-03 5.7189542483660127e-03
