<?xml version="1.0"?>
<opencv_storage>
<book type_id="opencv-matrix">
  <rows>20</rows>
  <cols>20</cols>
  <dt>d</dt>
  <data>
    8.3480196642240980e-04 1.2985808366570819e-03 1.2522029496336146e-03
    1.0203135145162787e-03 1.4377144977274835e-03 1.6696039328448196e-03
    9.7393562749281139e-04 1.4377144977274835e-03 1.2985808366570819e-03
    1.4377144977274835e-03 1.6232260458213523e-03 1.9942491420090903e-03
    2.7362953343845653e-03 2.5971616733141637e-03 1.5304702717744180e-03
    1.3913366107040164e-03 1.0203135145162787e-03 8.8117985344587696e-04
    1.0666914015397459e-03 1.3449587236805491e-03 1.0666914015397459e-03
    1.1594471755866803e-03 9.7393562749281139e-04 1.2985808366570819e-03
    1.1594471755866803e-03 1.4377144977274835e-03 1.5768481587978853e-03
    1.1594471755866803e-03 1.3913366107040164e-03 1.6696039328448196e-03
    1.9942491420090903e-03 2.2261385771264260e-03 2.5971616733141637e-03
    2.7826732214080328e-03 1.6696039328448196e-03 1.5768481587978853e-03
    1.3449587236805491e-03 1.1130692885632130e-03 9.7393562749281139e-04
    1.5304702717744180e-03 1.3449587236805491e-03 8.8117985344587696e-04
    7.8842407939894263e-04 7.8842407939894263e-04 1.1130692885632130e-03
    1.1130692885632130e-03 1.7159818198682869e-03 1.9478712549856228e-03
    1.2058250626101475e-03 1.9478712549856228e-03 1.9014933679621557e-03
    2.2725164641498935e-03 2.3188943511733605e-03 2.9218068824784344e-03
    1.4377144977274835e-03 1.5304702717744180e-03 1.2522029496336146e-03
    1.2058250626101475e-03 1.2522029496336146e-03 1.2522029496336146e-03
    1.3913366107040164e-03 7.4204619237547536e-04 9.2755774046934423e-04
    1.4377144977274835e-03 2.0406270290325573e-03 1.7159818198682869e-03
    3.3392078656896392e-03 1.8087375939152212e-03 1.8087375939152212e-03
    1.8087375939152212e-03 2.0406270290325573e-03 2.6899174473610983e-03
    3.3855857527131062e-03 3.8957425099712456e-03 2.4580280122437621e-03
    1.5304702717744180e-03 1.8087375939152212e-03 2.1333828030794919e-03
    4.2203877191355158e-03 1.4840923847509507e-03 7.4204619237547536e-04
    1.3913366107040164e-03 8.8117985344587696e-04 1.4377144977274835e-03
    1.7623597068917539e-03 1.9478712549856228e-03 2.1797606901029589e-03
    2.1333828030794919e-03 1.9478712549856228e-03 1.3913366107040164e-03
    2.0870049160560244e-03 2.8290511084314999e-03 3.5710973008069753e-03
    3.4783415267600408e-03 3.0609405435488360e-03 1.7159818198682869e-03
    1.0666914015397459e-03 1.1130692885632130e-03 1.2985808366570819e-03
    1.5304702717744180e-03 1.0666914015397459e-03 9.7393562749281139e-04
    2.0406270290325573e-03 2.0870049160560244e-03 2.4580280122437621e-03
    3.3392078656896392e-03 1.9942491420090903e-03 2.0406270290325573e-03
    8.6262869863649016e-03 2.5971616733141637e-03 2.6435395603376312e-03
    2.8754289954549669e-03 4.5914108153232540e-03 4.3595213802059178e-03
    3.7102309618773769e-03 2.5971616733141637e-03 2.3188943511733605e-03
    1.4377144977274835e-03 1.9478712549856228e-03 1.7159818198682869e-03
    1.1594471755866803e-03 1.7623597068917539e-03 1.6232260458213523e-03
    1.6696039328448196e-03 2.5044058992672292e-03 2.5507837862906967e-03
    2.8754289954549669e-03 4.2203877191355158e-03 3.2000742046192376e-03
    3.7566088489008440e-03 4.0812540580651147e-03 4.3595213802059178e-03
    6.7711715054262125e-03 5.1479454596048604e-03 4.0348761710416476e-03
    2.7826732214080328e-03 2.3188943511733605e-03 1.6232260458213523e-03
    2.4116501252202951e-03 1.5304702717744180e-03 1.5768481587978853e-03
    5.2407012336517945e-03 1.2985808366570819e-03 1.6232260458213523e-03
    2.0870049160560244e-03 2.6435395603376312e-03 3.4319636397365737e-03
    4.5914108153232540e-03 3.2928299786661721e-03 2.8754289954549669e-03
    3.2000742046192376e-03 5.4262127817456636e-03 8.7190427604118357e-03
    8.8117985344587698e-03 3.8493646229477785e-03 3.1073184305723030e-03
    2.4116501252202951e-03 1.6232260458213523e-03 2.1797606901029589e-03
    2.3188943511733605e-03 1.6696039328448196e-03 1.7623597068917539e-03
    1.9942491420090903e-03 1.2985808366570819e-03 1.2522029496336146e-03
    2.4116501252202951e-03 3.4783415267600408e-03 2.8290511084314999e-03
    1.8551154809386885e-03 1.2985808366570819e-03 2.3652722381968276e-03
    4.0348761710416476e-03 7.8378629069659582e-03 8.4871533252945004e-03
    5.4262127817456636e-03 2.6435395603376312e-03 2.2725164641498935e-03
    1.6232260458213523e-03 1.3449587236805491e-03 1.8087375939152212e-03
    2.1797606901029589e-03 1.8551154809386885e-03 2.4580280122437621e-03
    2.1333828030794919e-03 3.2464520916427046e-03 3.5710973008069753e-03
    5.1943233466283274e-03 3.5710973008069753e-03 1.8551154809386885e-03
    2.1797606901029589e-03 2.4580280122437621e-03 5.7508579909099338e-03
    1.2290140061218811e-02 1.4609034412392171e-02 7.1885724886374177e-03
    3.4783415267600408e-03 3.8029867359243115e-03 2.4580280122437621e-03
    1.6232260458213523e-03 2.0870049160560244e-03 1.7623597068917539e-03
    1.8551154809386885e-03 2.4580280122437621e-03 2.9218068824784344e-03
    3.3855857527131062e-03 4.5450329282997869e-03 5.9363695390038029e-03
    4.5450329282997869e-03 2.3188943511733605e-03 1.9942491420090903e-03
    2.5507837862906967e-03 6.7247936184027454e-03 1.3681476671922828e-02
    1.2846674705500417e-02 7.4668398107782209e-03 3.2928299786661721e-03
    3.4783415267600408e-03 2.6435395603376312e-03 1.7159818198682869e-03
    2.6899174473610983e-03 1.9014933679621557e-03 1.6696039328448196e-03
    1.2522029496336146e-03 2.3652722381968276e-03 1.7159818198682869e-03
    3.0609405435488360e-03 4.6841665893701881e-03 3.5247194137835078e-03
    1.9478712549856228e-03 1.2985808366570819e-03 1.2985808366570819e-03
    3.5247194137835078e-03 8.9045543085057039e-03 9.2755774046934421e-03
    5.1479454596048604e-03 3.0145626565253685e-03 2.9681847695019014e-03
    1.9014933679621557e-03 2.4116501252202951e-03 2.0870049160560244e-03
    1.2522029496336146e-03 1.4840923847509507e-03 1.8551154809386885e-03
    1.4377144977274835e-03 2.0406270290325573e-03 5.0088117985344583e-03
    4.2667656061589837e-03 5.6117243298395326e-03 3.7566088489008440e-03
    2.4116501252202951e-03 3.9884982840181805e-03 4.6841665893701881e-03
    1.0156757258139320e-02 7.3740840367312868e-03 6.5392820703088763e-03
    2.7826732214080328e-03 2.9681847695019014e-03 2.0870049160560244e-03
    1.7159818198682869e-03 1.2058250626101475e-03 1.4840923847509507e-03
    1.6696039328448196e-03 2.2261385771264260e-03 1.6696039328448196e-03
    2.8290511084314999e-03 2.9218068824784344e-03 3.8957425099712456e-03
    3.8957425099712456e-03 3.6638530748539099e-03 3.6638530748539099e-03
    3.5710973008069753e-03 5.1943233466283274e-03 5.4262127817456636e-03
    5.4725906687691306e-03 3.8493646229477785e-03 2.5044058992672292e-03
    2.9218068824784344e-03 1.5304702717744180e-03 1.5304702717744180e-03
    1.2522029496336146e-03 1.0203135145162787e-03 1.2522029496336146e-03
    1.8087375939152212e-03 1.3913366107040164e-03 2.6435395603376312e-03
    1.9478712549856228e-03 2.7826732214080328e-03 2.2261385771264260e-03
    2.9681847695019014e-03 3.0145626565253685e-03 3.2464520916427046e-03
    2.3652722381968276e-03 3.2464520916427046e-03 4.2667656061589837e-03
    3.5247194137835078e-03 2.5971616733141637e-03 1.9942491420090903e-03
    1.5768481587978853e-03 1.8551154809386885e-03 1.5768481587978853e-03
    1.1130692885632130e-03 1.0666914015397459e-03 1.0203135145162787e-03
    1.1130692885632130e-03 1.0203135145162787e-03 1.4840923847509507e-03
    1.8551154809386885e-03 1.6696039328448196e-03 1.9014933679621557e-03
    1.9478712549856228e-03 1.9478712549856228e-03 2.4116501252202951e-03
    3.0609405435488360e-03 4.0812540580651147e-03 3.4319636397365737e-03
    1.9478712549856228e-03 1.3913366107040164e-03 1.2522029496336146e-03
    6.4929041832854093e-04 1.2522029496336146e-03 6.4929041832854093e-04
