<?xml version="1.0"?>
<opencv_storage>
<books type_id="opencv-matrix">
  <rows>20</rows>
  <cols>20</cols>
  <dt>d</dt>
  <data>
    7.5754097608006976e-04 8.0345255038795284e-04 6.8867361461824529e-04
    7.8049676323401125e-04 1.2396125063128414e-03 1.8135071851613791e-03
    8.9527569900371879e-04 1.4003030163904321e-03 1.4462145906983151e-03
    1.0789219962352508e-03 1.9282861209310867e-03 2.8006060327808641e-03
    2.4103576511638582e-03 2.8235618199348054e-03 3.5581470088609339e-03
    1.9741976952389697e-03 1.5609935264680225e-03 1.5380377393140810e-03
    1.6987282493916716e-03 1.5380377393140810e-03 6.8867361461824529e-04
    6.6571782746430370e-04 7.1162940177218678e-04 5.2798310454065466e-04
    6.1980625315642072e-04 7.8049676323401125e-04 1.1937009320049585e-03
    1.5380377393140810e-03 1.3084798677746659e-03 1.1248335705431340e-03
    1.5609935264680225e-03 3.2367659887057526e-03 2.4103576511638582e-03
    2.8694733942426884e-03 3.0301639043202790e-03 2.1348882053165603e-03
    1.9512419080850282e-03 1.9971534823929114e-03 1.7675956108534961e-03
    1.4691703778522565e-03 1.0559662090813093e-03 7.3458518892612827e-04
    6.6571782746430370e-04 7.1162940177218678e-04 7.8049676323401125e-04
    1.5609935264680225e-03 1.0789219962352508e-03 1.1937009320049585e-03
    2.4333134383177999e-03 1.3773472292364906e-03 1.6528166750837887e-03
    3.6958817317845828e-03 3.3056333501675773e-03 3.5581470088609339e-03
    4.4075111335567701e-03 1.8135071851613791e-03 1.7675956108534961e-03
    2.0660208438547357e-03 1.8364629723153208e-03 2.2955787153941510e-03
    8.4936412469583582e-04 9.1823148615766039e-04 8.9527569900371879e-04
    7.5754097608006976e-04 1.1248335705431340e-03 1.6987282493916716e-03
    1.3773472292364906e-03 1.6298608879298472e-03 1.8364629723153208e-03
    1.2396125063128414e-03 2.0430650567007944e-03 3.8795280290161152e-03
    3.5351912217069922e-03 3.4892796473991092e-03 4.7748037280198339e-03
    2.7776502456269224e-03 2.3644460768559752e-03 1.8364629723153208e-03
    1.5609935264680225e-03 2.3414902897020340e-03 1.0100546347734263e-03
    8.7231991184977731e-04 8.7231991184977731e-04 1.0330104219273678e-03
    9.8709884761948486e-04 1.9282861209310867e-03 1.3314356549286074e-03
    1.8364629723153208e-03 1.4232588035443736e-03 2.0660208438547357e-03
    2.0660208438547357e-03 2.5710481612414488e-03 3.4892796473991092e-03
    4.4993342821725360e-03 4.2468206234791790e-03 3.0072081171663378e-03
    2.1807997796244433e-03 2.5251365869335659e-03 1.9741976952389697e-03
    1.9741976952389697e-03 1.3084798677746659e-03 1.4462145906983151e-03
    1.5839493136219642e-03 1.4232588035443736e-03 1.8594187594692623e-03
    1.9053303337771452e-03 2.7087828841650982e-03 2.4562692254717416e-03
    2.9842523300123961e-03 2.4792250126256829e-03 2.7317386713190395e-03
    4.4075111335567701e-03 5.3946099811762547e-03 5.9225930857169096e-03
    5.2339194710986636e-03 3.9943069647858228e-03 3.2597217758596943e-03
    3.2138102015518114e-03 3.2367659887057526e-03 3.4204122859372850e-03
    1.4691703778522565e-03 1.3773472292364906e-03 1.1477893576970755e-03
    1.4921261650061980e-03 1.9971534823929114e-03 2.8465176070887471e-03
    3.5811027960148752e-03 3.9024838161700564e-03 3.0531196914742207e-03
    2.8235618199348054e-03 3.1219870529360450e-03 5.4175657683301964e-03
    6.0373720214866164e-03 8.4706854598044171e-03 6.1980625315642074e-03
    4.6829805794040679e-03 2.6399155227032735e-03 2.6399155227032735e-03
    3.1908544143978697e-03 3.9024838161700564e-03 1.2855240806207244e-03
    1.2396125063128414e-03 1.3543914420825491e-03 1.4921261650061980e-03
    1.9512419080850282e-03 2.6169597355493318e-03 3.7417933060924658e-03
    3.7417933060924658e-03 2.2496671410862680e-03 1.5150819521601395e-03
    1.5839493136219642e-03 3.5811027960148752e-03 7.4835866121849316e-03
    8.5854643955741248e-03 9.0904917129608371e-03 5.4864331297920206e-03
    3.4663238602451680e-03 2.8924291813966301e-03 3.7417933060924658e-03
    2.8694733942426884e-03 1.7216840365456131e-03 1.3084798677746659e-03
    1.4462145906983151e-03 4.8207153023277164e-03 2.2037555667783850e-03
    2.6169597355493318e-03 3.0531196914742207e-03 2.6858270970111565e-03
    9.4118727331160188e-04 5.9685046600247923e-04 7.5754097608006976e-04
    2.3874018640099169e-03 5.0043615995592492e-03 9.3200495845002524e-03
    8.5395528212662414e-03 4.7748037280198339e-03 4.1090859005555296e-03
    3.4433680730912263e-03 4.1320416877094713e-03 3.0301639043202790e-03
    1.3084798677746659e-03 1.2625682934667829e-03 1.3773472292364906e-03
    1.6298608879298472e-03 1.9282861209310867e-03 2.6628713098572148e-03
    2.8235618199348054e-03 1.3084798677746659e-03 5.9685046600247923e-04
    6.1980625315642072e-04 6.4276204031036221e-04 1.6987282493916716e-03
    3.6270143703227582e-03 7.5754097608006976e-03 9.7791653275790830e-03
    5.2109636839447228e-03 3.5351912217069922e-03 3.4433680730912263e-03
    4.3615995592488866e-03 2.7776502456269224e-03 1.0330104219273678e-03
    1.1707451448510170e-03 1.1937009320049585e-03 1.5380377393140810e-03
    2.0660208438547357e-03 2.8694733942426884e-03 2.2496671410862680e-03
    1.5150819521601395e-03 2.0660208438547358e-04 5.7389467884853774e-04
    5.5093889169459626e-04 5.9914604471787338e-03 3.8565722418621735e-03
    7.8049676323401129e-03 1.0903998898122217e-02 5.0961847481750151e-03
    3.6040585831688169e-03 3.3056333501675773e-03 2.9842523300123961e-03
    2.8694733942426884e-03 1.2625682934667829e-03 1.5380377393140810e-03
    1.3773472292364906e-03 1.5380377393140810e-03 2.5251365869335659e-03
    2.2496671410862680e-03 2.9153849685505718e-03 1.9512419080850282e-03
    7.3458518892612827e-04 6.1980625315642072e-04 8.7231991184977731e-04
    1.6757724622377301e-03 4.6141132179422437e-03 8.9298012028832460e-03
    9.0904917129608371e-03 4.3386437720949449e-03 3.6729259446306416e-03
    3.6958817317845828e-03 3.0990312657821037e-03 3.0072081171663378e-03
    1.2855240806207244e-03 1.2396125063128414e-03 1.1937009320049585e-03
    3.0301639043202790e-03 2.0430650567007944e-03 2.3414902897020340e-03
    3.5811027960148752e-03 3.0072081171663378e-03 1.6298608879298472e-03
    8.9527569900371879e-04 1.2396125063128414e-03 2.6628713098572148e-03
    5.9685046600247921e-03 9.2282264358844873e-03 7.9886139295716457e-03
    4.7748037280198339e-03 4.3845553464028283e-03 3.1449428400899867e-03
    2.0889766310086774e-03 2.8465176070887471e-03 1.0330104219273678e-03
    1.4462145906983151e-03 1.6298608879298472e-03 1.1707451448510170e-03
    1.9512419080850282e-03 2.9383407557045131e-03 3.1219870529360450e-03
    3.1449428400899867e-03 2.7776502456269224e-03 2.1807997796244433e-03
    2.9612965428584548e-03 3.8565722418621735e-03 5.5323447040999032e-03
    6.4046646159496810e-03 6.5423993388733304e-03 4.7288921537119505e-03
    2.9383407557045131e-03 2.9612965428584548e-03 2.8694733942426884e-03
    2.7317386713190395e-03 9.4118727331160188e-04 1.0789219962352508e-03
    1.4921261650061980e-03 1.2855240806207244e-03 1.6987282493916716e-03
    1.3314356549286074e-03 2.2955787153941510e-03 2.2496671410862680e-03
    1.8594187594692623e-03 2.4333134383177999e-03 2.8006060327808641e-03
    4.3156879849410032e-03 3.6270143703227582e-03 4.7977595151737756e-03
    5.2339194710986636e-03 3.6499701574766999e-03 4.0172627519397637e-03
    3.0760754786281620e-03 2.6399155227032735e-03 2.5480923740875076e-03
    1.0330104219273678e-03 1.0100546347734263e-03 8.7231991184977731e-04
    1.0100546347734263e-03 8.9527569900371879e-04 1.6987282493916716e-03
    1.2166567191589000e-03 1.4691703778522565e-03 1.5150819521601395e-03
    1.6298608879298472e-03 2.1578439924705016e-03 2.9153849685505718e-03
    3.5581470088609339e-03 3.9943069647858228e-03 5.5553004912538449e-03
    3.6040585831688169e-03 3.2597217758596943e-03 1.8364629723153208e-03
    2.4333134383177999e-03 2.1807997796244433e-03 7.3458518892612827e-04
