<?xml version="1.0"?>
<opencv_storage>
<bottle type_id="opencv-matrix">
  <rows>20</rows>
  <cols>20</cols>
  <dt>d</dt>
  <data>
    5.0994390617032130e-04 7.0117287098419169e-04 1.3832228454869965e-02
    1.2748597654258032e-03 8.2865884752677209e-04 1.4660887302396736e-03
    1.4660887302396736e-03 1.8485466598674146e-03 1.5935747067822540e-03
    7.6491585925548189e-04 1.0198878123406426e-03 1.4660887302396736e-03
    1.2748597654258032e-03 1.2748597654258032e-03 1.3386027536970934e-03
    7.0117287098419169e-04 1.0198878123406426e-03 8.9240183579806218e-04
    7.0117287098419169e-04 9.5614482406935239e-04 7.0117287098419169e-04
    1.2111167771545130e-03 1.7848036715961244e-03 1.0836308006119328e-03
    1.4023457419683834e-03 1.5298317185109638e-03 1.6573176950535442e-03
    1.6573176950535442e-03 1.8485466598674146e-03 2.4222335543090260e-03
    2.2947475777664456e-03 2.6134625191228966e-03 2.1035186129525754e-03
    1.5935747067822540e-03 1.4660887302396736e-03 2.1035186129525754e-03
    1.8485466598674146e-03 1.2111167771545130e-03 5.7368689444161139e-04
    1.2748597654258032e-03 1.0836308006119328e-03 1.7210606833248342e-03
    1.4023457419683834e-03 1.2748597654258032e-03 1.2111167771545130e-03
    1.4023457419683834e-03 1.1473737888832228e-03 1.5935747067822540e-03
    1.7210606833248342e-03 1.8485466598674146e-03 2.6772055073941868e-03
    1.9760326364099950e-03 1.9122896481387048e-03 1.7848036715961244e-03
    1.8485466598674146e-03 1.0836308006119328e-03 1.7848036715961244e-03
    1.7210606833248342e-03 1.1473737888832228e-03 1.2748597654258032e-03
    1.4023457419683834e-03 1.4660887302396736e-03 1.6573176950535442e-03
    1.6573176950535442e-03 1.4660887302396736e-03 1.7210606833248342e-03
    1.8485466598674146e-03 2.2310045894951554e-03 2.6134625191228966e-03
    2.2947475777664456e-03 3.1234064252932178e-03 2.2947475777664456e-03
    2.0397756246812852e-03 1.9760326364099950e-03 1.7210606833248342e-03
    1.5935747067822540e-03 1.9122896481387048e-03 1.7210606833248342e-03
    1.1473737888832228e-03 1.5298317185109638e-03 1.4023457419683834e-03
    1.5298317185109638e-03 6.3742988271290159e-04 1.7210606833248342e-03
    1.8485466598674146e-03 2.8046914839367667e-03 3.1871494135645080e-03
    2.2947475777664456e-03 2.9321774604793471e-03 4.0795512493625704e-03
    3.5696073431922487e-03 1.9122896481387048e-03 3.5696073431922487e-03
    2.2947475777664456e-03 1.7848036715961244e-03 1.5298317185109638e-03
    1.2748597654258032e-03 2.1035186129525754e-03 1.7848036715961244e-03
    1.3386027536970934e-03 8.2865884752677209e-04 1.9122896481387048e-03
    8.9240183579806218e-04 2.1035186129525754e-03 2.1035186129525754e-03
    3.5696073431922487e-03 3.5696073431922487e-03 3.1234064252932178e-03
    2.6772055073941868e-03 4.9719530851606323e-03 5.8006119326874045e-03
    3.8245792962774095e-03 4.6532381438041817e-03 2.8684344722080569e-03
    3.1871494135645080e-03 2.3584905660377358e-03 2.8046914839367667e-03
    2.1672616012238656e-03 1.3386027536970934e-03 1.1473737888832228e-03
    1.2748597654258032e-03 1.2748597654258032e-03 6.3742988271290159e-04
    1.3386027536970934e-03 3.1234064252932178e-03 2.3584905660377358e-03
    4.3345232024477312e-03 4.9719530851606323e-03 5.0356960734319221e-03
    5.0356960734319221e-03 6.0555838857725653e-03 4.9719530851606323e-03
    4.7807241203467622e-03 5.8643549209586943e-03 3.6333503314635389e-03
    2.2310045894951554e-03 3.1871494135645080e-03 2.7409484956654770e-03
    1.5298317185109638e-03 1.9122896481387048e-03 1.0836308006119328e-03
    1.4023457419683834e-03 1.5298317185109638e-03 1.7848036715961244e-03
    2.6772055073941868e-03 4.3982661907190209e-03 4.6532381438041817e-03
    5.8643549209586943e-03 4.3345232024477312e-03 4.6532381438041817e-03
    4.5894951555328911e-03 5.0994390617032127e-03 6.7567567567567571e-03
    4.9082100968893426e-03 3.8883222845486998e-03 2.2310045894951554e-03
    2.1672616012238656e-03 2.9321774604793471e-03 1.9122896481387048e-03
    1.5935747067822540e-03 1.0198878123406426e-03 1.6573176950535442e-03
    1.8485466598674146e-03 2.2310045894951554e-03 2.2947475777664456e-03
    3.0596634370219276e-03 5.8643549209586943e-03 3.3783783783783786e-03
    2.4859765425803162e-03 1.7848036715961244e-03 1.9760326364099950e-03
    2.4859765425803162e-03 6.8204997450280469e-03 4.7169811320754715e-03
    4.0795512493625704e-03 2.8684344722080569e-03 2.5497195308516064e-03
    2.0397756246812852e-03 2.1035186129525754e-03 1.8485466598674146e-03
    1.7848036715961244e-03 1.5935747067822540e-03 1.9122896481387048e-03
    2.6772055073941868e-03 3.4421213666496683e-03 5.8006119326874045e-03
    6.3742988271290159e-03 5.0994390617032127e-03 2.0397756246812852e-03
    3.1871494135645080e-04 3.1871494135645080e-04 2.1672616012238656e-03
    5.5456399796022437e-03 6.1193268740438551e-03 5.9918408975012747e-03
    2.8684344722080569e-03 3.0596634370219276e-03 3.3783783783783786e-03
    2.8046914839367667e-03 1.7848036715961244e-03 1.3386027536970934e-03
    1.4660887302396736e-03 9.5614482406935239e-04 3.3783783783783786e-03
    3.8245792962774095e-03 5.2269250382457931e-03 4.3345232024477312e-03
    4.7169811320754715e-03 2.4859765425803162e-03 5.0994390617032130e-04
    7.0117287098419169e-04 2.3584905660377358e-03 4.8444671086180519e-03
    6.9479857215706273e-03 5.2906680265170829e-03 3.8245792962774095e-03
    3.2508924018357982e-03 2.2947475777664456e-03 2.0397756246812852e-03
    2.6134625191228966e-03 9.5614482406935239e-04 1.4660887302396736e-03
    1.2748597654258032e-03 1.6573176950535442e-03 3.5696073431922487e-03
    3.5696073431922487e-03 5.2906680265170829e-03 5.4818969913309539e-03
    3.3146353901070884e-03 1.0836308006119328e-03 1.5935747067822540e-03
    2.8684344722080569e-03 5.9280979092299849e-03 5.5456399796022437e-03
    4.7169811320754715e-03 2.9321774604793471e-03 1.4023457419683834e-03
    2.3584905660377358e-03 1.2748597654258032e-03 1.7210606833248342e-03
    7.6491585925548189e-04 1.3386027536970934e-03 1.4023457419683834e-03
    1.5298317185109638e-03 2.8684344722080569e-03 3.5696073431922487e-03
    5.9918408975012747e-03 5.6093829678735335e-03 3.7608363080061193e-03
    3.6970933197348291e-03 6.1193268740438551e-03 3.9520652728199900e-03
    7.7766445690973995e-03 5.3544110147883735e-03 4.0795512493625704e-03
    3.0596634370219276e-03 2.1672616012238656e-03 1.7848036715961244e-03
    1.5298317185109638e-03 1.6573176950535442e-03 1.0836308006119328e-03
    1.2111167771545130e-03 9.5614482406935239e-04 1.7848036715961244e-03
    2.2947475777664456e-03 3.3146353901070884e-03 5.8006119326874045e-03
    6.1830698623151457e-03 5.9918408975012747e-03 5.3544110147883735e-03
    5.9918408975012747e-03 6.1830698623151457e-03 6.6930137684854665e-03
    6.1830698623151457e-03 4.0158082610912797e-03 7.7129015808261089e-03
    2.8046914839367667e-03 3.2508924018357982e-03 1.0198878123406426e-03
    1.4023457419683834e-03 1.2111167771545130e-03 1.0198878123406426e-03
    1.0836308006119328e-03 1.8485466598674146e-03 1.5935747067822540e-03
    3.1871494135645080e-03 3.9520652728199900e-03 3.5058643549209585e-03
    4.2707802141764405e-03 5.8643549209586943e-03 4.3982661907190209e-03
    2.7409484956654770e-03 4.3982661907190209e-03 5.7368689444161139e-03
    2.8684344722080569e-03 2.2947475777664456e-03 2.7409484956654770e-03
    1.9760326364099950e-03 1.3386027536970934e-03 1.5298317185109638e-03
    1.2748597654258032e-03 1.0198878123406426e-03 9.5614482406935239e-04
    1.5298317185109638e-03 1.5298317185109638e-03 2.0397756246812852e-03
    3.3146353901070884e-03 1.9760326364099950e-03 2.0397756246812852e-03
    3.8883222845486998e-03 4.7807241203467622e-03 2.2947475777664456e-03
    2.3584905660377358e-03 3.4421213666496683e-03 1.6573176950535442e-03
    2.1672616012238656e-03 7.4579296277409489e-03 2.2310045894951554e-03
    8.2865884752677209e-04 1.5935747067822540e-03 1.3386027536970934e-03
