<?xml version="1.0"?>
<opencv_storage>
<bread type_id="opencv-matrix">
  <rows>20</rows>
  <cols>20</cols>
  <dt>d</dt>
  <data>
    0. 0. 0. 6.6445182724252493e-03 0. 0. 0. 0. 0.
    3.3222591362126247e-03 0. 0. 6.6445182724252493e-03
    3.3222591362126247e-03 0. 0. 0. 0. 0. 0. 0. 0. 0. 0. 0. 0. 0. 0. 0.
    6.6445182724252493e-03 0. 3.3222591362126247e-03 0.
    3.3222591362126247e-03 0. 0. 0. 0. 0. 3.3222591362126247e-03 0. 0.
    0. 0. 3.3222591362126247e-03 0. 0. 0. 0. 0. 0. 0. 0. 0. 0.
    3.3222591362126247e-03 0. 0. 0. 0. 0. 0. 0. 3.3222591362126247e-03
    3.3222591362126247e-03 0. 6.6445182724252493e-03
    6.6445182724252493e-03 0. 0. 3.3222591362126247e-03 0. 0. 0. 0. 0.
    0. 0. 0. 0. 3.3222591362126247e-03 0. 0. 3.3222591362126247e-03 0.
    0. 3.3222591362126247e-03 0. 0. 0. 3.3222591362126247e-03
    6.6445182724252493e-03 0. 0. 0. 3.3222591362126247e-03
    3.3222591362126247e-03 0. 3.3222591362126247e-03 0. 0.
    3.3222591362126247e-03 0. 0. 3.3222591362126247e-03 0. 0. 0.
    3.3222591362126247e-03 9.9667774086378731e-03 9.9667774086378731e-03
    0. 9.9667774086378731e-03 3.3222591362126247e-03 0. 0. 0.
    3.3222591362126247e-03 0. 0. 0. 3.3222591362126247e-03
    3.3222591362126247e-03 0. 1.3289036544850499e-02
    3.3222591362126247e-03 0. 3.3222591362126247e-03
    6.6445182724252493e-03 9.9667774086378731e-03 9.9667774086378731e-03
    6.6445182724252493e-03 9.9667774086378731e-03 6.6445182724252493e-03
    0. 9.9667774086378731e-03 0. 0. 3.3222591362126247e-03 0. 0.
    3.3222591362126247e-03 0. 3.3222591362126247e-03
    3.3222591362126247e-03 3.3222591362126247e-03 6.6445182724252493e-03
    1.6611295681063124e-02 3.3222591362126247e-03 6.6445182724252493e-03
    0. 3.3222591362126247e-03 2.3255813953488372e-02
    6.6445182724252493e-03 1.3289036544850499e-02 0.
    6.6445182724252493e-03 0. 3.3222591362126247e-03 0. 0. 0. 0.
    3.3222591362126247e-03 3.3222591362126247e-03 6.6445182724252493e-03
    9.9667774086378731e-03 9.9667774086378731e-03 3.3222591362126247e-03
    6.6445182724252493e-03 0. 6.6445182724252493e-03
    1.6611295681063124e-02 6.6445182724252493e-03 3.3222591362126247e-03
    3.3222591362126247e-03 0. 0. 0. 0. 0. 3.3222591362126247e-03
    3.3222591362126247e-03 3.3222591362126247e-03 0.
    3.3222591362126247e-03 3.3222591362126247e-03 0.
    3.3222591362126247e-03 0. 3.3222591362126247e-03
    6.6445182724252493e-03 3.3222591362126247e-03 6.6445182724252493e-03
    6.6445182724252493e-03 3.3222591362126247e-03 0.
    3.3222591362126247e-03 3.3222591362126247e-03 0. 0.
    3.3222591362126247e-03 0. 3.3222591362126247e-03
    3.3222591362126247e-03 3.3222591362126247e-03 6.6445182724252493e-03
    9.9667774086378731e-03 0. 0. 0. 3.3222591362126247e-03
    1.6611295681063124e-02 3.3222591362126247e-03 0.
    9.9667774086378731e-03 0. 0. 3.3222591362126247e-03 0. 0.
    3.3222591362126247e-03 0. 0. 3.3222591362126247e-03
    6.6445182724252493e-03 3.3222591362126247e-03 6.6445182724252493e-03
    9.9667774086378731e-03 0. 3.3222591362126247e-03
    1.9933554817275746e-02 3.3222591362126247e-03 9.9667774086378731e-03
    9.9667774086378731e-03 0. 6.6445182724252493e-03 0. 0.
    3.3222591362126247e-03 0. 0. 3.3222591362126247e-03
    3.3222591362126247e-03 9.9667774086378731e-03 3.3222591362126247e-03
    3.3222591362126247e-03 1.6611295681063124e-02 3.3222591362126247e-03
    9.9667774086378731e-03 6.6445182724252493e-03 3.3222591362126247e-03
    1.3289036544850499e-02 9.9667774086378731e-03 9.9667774086378731e-03
    3.3222591362126247e-03 3.3222591362126247e-03 0. 0. 0.
    3.3222591362126247e-03 3.3222591362126247e-03 0.
    3.3222591362126247e-03 6.6445182724252493e-03 0.
    3.3222591362126247e-03 3.3222591362126247e-03 6.6445182724252493e-03
    1.3289036544850499e-02 3.3222591362126247e-03 6.6445182724252493e-03
    6.6445182724252493e-03 3.3222591362126247e-03 3.3222591362126247e-03
    6.6445182724252493e-03 0. 6.6445182724252493e-03
    3.3222591362126247e-03 3.3222591362126247e-03 0. 0. 0. 0. 0.
    6.6445182724252493e-03 6.6445182724252493e-03 3.3222591362126247e-03
    3.3222591362126247e-03 1.3289036544850499e-02 6.6445182724252493e-03
    3.3222591362126247e-03 6.6445182724252493e-03 0.
    9.9667774086378731e-03 1.3289036544850499e-02 0. 0.
    6.6445182724252493e-03 0. 0. 3.3222591362126247e-03 0. 0. 0. 0. 0.
    0. 0. 3.3222591362126247e-03 3.3222591362126247e-03
    3.3222591362126247e-03 3.3222591362126247e-03 0. 0. 0. 0. 0.
    3.3222591362126247e-03 0. 0. 0. 3.3222591362126247e-03 0. 0.
    3.3222591362126247e-03 3.3222591362126247e-03 0. 0.
    6.6445182724252493e-03 9.9667774086378731e-03 3.3222591362126247e-03
    0. 0. 6.6445182724252493e-03 3.3222591362126247e-03 0. 0. 0. 0.
    3.3222591362126247e-03 0. 0. 0. 0. 6.6445182724252493e-03
    3.3222591362126247e-03 0. 0. 0. 0. 0. 0. 0. 6.6445182724252493e-03
    3.3222591362126247e-03 0. 0. 0. 0. 0. 0. 0. 0. 0. 0. 0. 0. 0. 0.
    3.3222591362126247e-03 0. 0. 0. 0. 0. 0. 3.3222591362126247e-03 0.
    0. 0. 9.9667774086378731e-03 0. 0. 0. 0. 0. 0. 0. 0. 0. 0. 0. 0. 0.
    3.3222591362126247e-03 0. 0. 0. 0.</data></bread>
</opencv_storage>
