<?xml version="1.0"?>
<opencv_storage>
<bunker_bed type_id="opencv-matrix">
  <rows>20</rows>
  <cols>20</cols>
  <dt>d</dt>
  <data>
    4.4017959327405582e-04 6.1625143058367815e-04 3.5214367461924466e-04
    1.7607183730962233e-04 5.2821551192886698e-04 2.6410775596443349e-04
    8.8035918654811164e-05 4.4017959327405582e-04 5.2821551192886698e-04
    5.4582269565982919e-03 4.3137600140857471e-03 1.8487542917510343e-03
    1.3205387798221674e-03 4.4017959327405582e-04 4.4017959327405582e-04
    1.7607183730962233e-04 5.2821551192886698e-04 7.0428734923848931e-04
    7.0428734923848931e-04 8.8035918654811164e-04 6.1625143058367815e-04
    2.6410775596443349e-04 1.7607183730962233e-04 2.6410775596443349e-04
    8.8035918654811164e-05 8.8035918654811164e-05 4.4017959327405582e-04
    7.0428734923848931e-04 1.1444669425125450e-03 1.5846465357866010e-03
    7.9232326789330048e-04 7.9232326789330048e-04 1.0564310238577340e-03
    6.1625143058367815e-04 2.6410775596443349e-04 5.2821551192886698e-04
    5.2821551192886698e-04 8.8035918654811164e-04 7.0428734923848931e-04
    4.4017959327405582e-04 0. 0. 7.9232326789330048e-04
    1.7607183730962233e-04 1.7607183730962233e-04 1.7607183730962233e-04
    0. 3.5214367461924466e-04 4.4017959327405582e-04
    1.4085746984769786e-03 1.1444669425125450e-03 1.4085746984769786e-03
    1.2325028611673563e-03 5.2821551192886698e-04 0.
    3.5214367461924466e-04 6.1625143058367815e-04 5.2821551192886698e-04
    1.1444669425125450e-03 7.0428734923848931e-04 3.5214367461924466e-04
    8.8035918654811164e-05 1.7607183730962233e-04 8.8035918654811164e-05
    8.8035918654811164e-05 2.6410775596443349e-04 0.
    8.8035918654811164e-05 8.8035918654811164e-05 7.9232326789330048e-04
    1.3205387798221674e-03 1.7607183730962233e-04 5.2821551192886698e-04
    2.6410775596443349e-04 3.5214367461924466e-04 2.6410775596443349e-04
    3.5214367461924466e-04 9.6839510520292280e-04 6.1625143058367815e-04
    7.9232326789330048e-04 1.7607183730962233e-04 1.7607183730962233e-04
    0. 1.7607183730962233e-04 3.5214367461924466e-04
    8.8035918654811164e-05 3.5214367461924466e-04 2.6410775596443349e-04
    8.8035918654811164e-05 4.4017959327405582e-04 2.6410775596443349e-04
    8.8035918654811164e-05 8.8035918654811164e-05 8.8035918654811164e-05
    8.8035918654811164e-05 1.7607183730962233e-04 5.2821551192886698e-04
    6.1625143058367815e-04 5.2821551192886698e-04 8.8035918654811164e-04
    0. 1.7607183730962233e-04 0. 1.7607183730962233e-04
    8.8035918654811164e-05 5.2821551192886698e-04 5.2821551192886698e-04
    1.7607183730962233e-04 0. 5.2821551192886698e-04
    8.8035918654811164e-05 8.8035918654811164e-05 0.
    7.0428734923848931e-04 1.2589136367637995e-02 4.4017959327405582e-04
    1.7607183730962233e-04 1.7607183730962233e-04 7.9232326789330048e-04
    4.4017959327405582e-04 3.5214367461924466e-04 9.6839510520292280e-04
    5.2821551192886698e-04 8.8035918654811164e-05 8.8035918654811164e-05
    1.7607183730962233e-04 8.8035918654811164e-05 0.
    8.8035918654811164e-05 0. 8.8035918654811164e-05
    1.7607183730962233e-04 4.4017959327405582e-04 2.6410775596443349e-04
    8.8035918654811164e-04 5.2821551192886698e-04 4.4017959327405582e-04
    1.4966106171317897e-03 9.6839510520292280e-04 1.5846465357866010e-03
    5.2821551192886698e-04 7.0428734923848931e-04 1.4085746984769786e-03
    2.6410775596443349e-04 1.7607183730962233e-04 1.7607183730962233e-04
    1.7607183730962233e-04 1.7607183730962233e-04 8.8035918654811164e-05
    7.9232326789330048e-04 7.0428734923848931e-04 6.1625143058367815e-04
    2.6410775596443349e-04 6.1625143058367815e-04 2.6410775596443349e-04
    1.1444669425125450e-03 2.0248261290606567e-03 3.3453649088828240e-03
    2.0248261290606567e-03 2.6410775596443347e-03 7.0428734923848931e-04
    1.1444669425125450e-03 4.4017959327405582e-04 3.5214367461924466e-04
    4.4017959327405582e-04 4.4017959327405582e-04 8.8035918654811164e-05
    0. 8.8035918654811164e-05 1.4966106171317897e-03
    9.6839510520292280e-04 1.1444669425125450e-03 7.0428734923848931e-04
    7.0428734923848931e-04 3.5214367461924466e-04 8.8035918654811164e-04
    2.4650057223347126e-03 3.6975085835020687e-03 2.9932212342635794e-03
    2.2889338850250900e-03 3.3453649088828240e-03 3.6975085835020687e-03
    4.4017959327405584e-03 3.9616163394665021e-03 1.3205387798221674e-03
    6.1625143058367815e-04 1.7607183730962233e-04 8.8035918654811164e-05
    8.8035918654811164e-04 4.6482965049740296e-02 4.8771898934765384e-02
    2.2008979663702792e-03 1.3205387798221674e-03 1.3205387798221674e-03
    9.6839510520292280e-04 1.7607183730962233e-03 4.6659036887049914e-03
    8.0993045162426267e-03 8.0993045162426267e-03 7.8351967602781937e-03
    5.9864424685271587e-03 6.7787657364204593e-03 5.7223347125627258e-03
    3.7855445021568799e-03 1.4085746984769786e-03 8.8035918654811164e-04
    0. 1.7607183730962233e-04 1.1444669425125450e-03
    1.5820054582269566e-01 3.8233999471784486e-01 1.4085746984769786e-03
    6.1625143058367815e-04 4.4017959327405582e-04 7.0428734923848931e-04
    3.0812571529183906e-03 4.0496522581213133e-03 8.0993045162426267e-03
    9.5078792147196053e-03 9.5078792147196053e-03 8.8035918654811164e-04
    7.9232326789330048e-04 9.6839510520292280e-04 5.2821551192886698e-04
    2.6410775596443349e-04 0. 0. 8.8035918654811164e-05
    1.7607183730962233e-04 3.5214367461924466e-04 7.0428734923848931e-04
    3.5214367461924466e-04 8.8035918654811164e-05 3.5214367461924466e-04
    1.7607183730962233e-04 2.6410775596443349e-04 8.8035918654811164e-04
    1.0564310238577340e-03 1.9367902104058456e-03 1.6726824544414120e-03
    5.2821551192886698e-04 2.6410775596443349e-04 7.9232326789330048e-04
    4.4017959327405582e-04 2.6410775596443349e-04 4.4017959327405582e-04
    0. 0. 8.8035918654811164e-05 6.1625143058367815e-04
    2.6410775596443349e-04 1.7607183730962233e-04 2.6410775596443349e-04
    0. 8.8035918654811164e-05 5.2821551192886698e-04
    7.0428734923848931e-04 1.4966106171317897e-03 1.3205387798221674e-03
    2.2008979663702792e-03 2.6410775596443349e-04 8.8035918654811164e-05
    6.1625143058367815e-04 0. 2.6410775596443349e-04 0.
    1.7607183730962233e-04 0. 0. 0. 1.7607183730962233e-04
    2.6410775596443349e-04 0. 8.8035918654811164e-05
    3.5214367461924466e-04 6.1625143058367815e-04 5.2821551192886698e-04
    1.4966106171317897e-03 1.4966106171317897e-03 1.2325028611673563e-03
    7.0428734923848931e-04 2.6410775596443349e-04 1.7607183730962233e-04
    1.7607183730962233e-04 8.8035918654811164e-05 8.8035918654811164e-05
    0. 0. 0. 4.4017959327405582e-04 4.4017959327405582e-04 0. 0.
    2.6410775596443349e-04 3.5214367461924466e-04 3.5214367461924466e-04
    6.1625143058367815e-04 8.8035918654811164e-04 1.0564310238577340e-03
    1.1444669425125450e-03 2.6410775596443349e-04 1.7607183730962233e-04
    1.7607183730962233e-04 0. 3.5214367461924466e-04
    8.8035918654811164e-05 0. 3.5214367461924466e-04
    1.7607183730962233e-04 5.2821551192886698e-04 2.6410775596443349e-04
    8.8035918654811164e-05 2.6410775596443349e-04 2.6410775596443349e-04
    3.5214367461924466e-04 2.6410775596443349e-04 7.9232326789330048e-04
    1.3205387798221674e-03 1.4085746984769786e-03 1.4966106171317897e-03
    1.7607183730962233e-04 7.0428734923848931e-04 3.5214367461924466e-04
    8.8035918654811164e-05 7.0428734923848931e-04 1.7607183730962233e-04
    0. 8.8035918654811164e-05 1.0564310238577340e-03
    1.2325028611673563e-03 1.0564310238577340e-03 1.8487542917510343e-03
    5.2821551192886698e-04 3.5214367461924466e-04 7.0428734923848931e-04
    6.1625143058367815e-04 9.6839510520292280e-04 1.2325028611673563e-03
    2.2008979663702792e-03 8.8035918654811164e-04 1.7607183730962233e-04
    8.8035918654811164e-05 5.2821551192886698e-04 3.5214367461924466e-04
    8.8035918654811164e-05 8.8035918654811164e-05 6.1625143058367815e-04
    4.4017959327405582e-04 7.9232326789330048e-04 1.9367902104058456e-03
