<?xml version="1.0"?>
<opencv_storage>
<camera type_id="opencv-matrix">
  <rows>20</rows>
  <cols>20</cols>
  <dt>d</dt>
  <data>
    0. 0. 0. 0. 0. 0. 0. 0. 0. 0. 4.1152263374485600e-03
    4.1152263374485600e-03 0. 0. 4.1152263374485600e-03 0. 0. 0. 0. 0.
    0. 0. 0. 0. 4.1152263374485600e-03 8.2304526748971200e-03 0. 0. 0.
    0. 4.1152263374485600e-03 0. 0. 0. 4.1152263374485600e-03 0. 0. 0.
    4.1152263374485600e-03 8.2304526748971200e-03 4.1152263374485600e-03
    0. 0. 0. 0. 4.1152263374485600e-03 0. 4.1152263374485600e-03 0. 0.
    0. 8.2304526748971200e-03 8.2304526748971200e-03 0. 0.
    4.1152263374485600e-03 4.1152263374485600e-03 4.1152263374485600e-03
    0. 0. 0. 4.1152263374485600e-03 4.1152263374485600e-03 0. 0. 0. 0.
    0. 0. 0. 0. 0. 4.1152263374485600e-03 1.2345679012345678e-02
    8.2304526748971200e-03 4.1152263374485600e-03 4.1152263374485600e-03
    0. 4.1152263374485600e-03 4.1152263374485600e-03 0. 0.
    4.1152263374485600e-03 0. 4.1152263374485600e-03
    4.1152263374485600e-03 4.1152263374485600e-03 4.1152263374485600e-03
    0. 0. 8.2304526748971200e-03 0. 0. 4.1152263374485600e-03
    8.2304526748971200e-03 0. 4.1152263374485600e-03 0. 0.
    4.1152263374485600e-03 0. 0. 0. 0. 0. 4.1152263374485600e-03
    4.1152263374485600e-03 4.1152263374485600e-03 0. 0. 0. 0.
    8.2304526748971200e-03 0. 4.1152263374485600e-03 0.
    4.1152263374485600e-03 4.1152263374485600e-03 8.2304526748971200e-03
    1.6460905349794240e-02 0. 4.1152263374485600e-03
    4.1152263374485600e-03 0. 0. 0. 0. 4.1152263374485600e-03 0.
    4.1152263374485600e-03 8.2304526748971200e-03 8.2304526748971200e-03
    0. 0. 4.1152263374485600e-03 0. 8.2304526748971200e-03 0. 0. 0. 0.
    0. 0. 0. 0. 0. 4.1152263374485600e-03 0. 4.1152263374485600e-03
    8.2304526748971200e-03 0. 0. 1.2345679012345678e-02
    2.4691358024691357e-02 0. 8.2304526748971200e-03
    8.2304526748971200e-03 0. 4.1152263374485600e-03
    4.1152263374485600e-03 0. 0. 0. 4.1152263374485600e-03 0. 0.
    4.1152263374485600e-03 4.1152263374485600e-03 0. 0.
    4.1152263374485600e-03 4.1152263374485600e-03 8.2304526748971200e-03
    8.2304526748971200e-03 8.2304526748971200e-03 4.1152263374485600e-03
    4.1152263374485600e-03 0. 0. 0. 0. 0. 4.1152263374485600e-03 0. 0.
    0. 0. 0. 0. 0. 8.2304526748971200e-03 0. 1.2345679012345678e-02
    4.1152263374485600e-03 8.2304526748971200e-03 4.1152263374485600e-03
    8.2304526748971200e-03 4.1152263374485600e-03 0. 0. 0. 0. 0.
    1.2345679012345678e-02 0. 0. 1.2345679012345678e-02 0. 0. 0. 0.
    4.1152263374485600e-03 4.1152263374485600e-03 2.0576131687242798e-02
    8.2304526748971200e-03 0. 8.2304526748971200e-03 0. 0.
    8.2304526748971200e-03 0. 0. 0. 0. 0. 0. 4.1152263374485600e-03 0.
    0. 0. 0. 4.1152263374485600e-03 1.6460905349794240e-02
    1.2345679012345678e-02 0. 0. 1.2345679012345678e-02
    4.1152263374485600e-03 0. 0. 0. 0. 0. 0. 0. 0. 0.
    1.2345679012345678e-02 0. 0. 8.2304526748971200e-03 0.
    1.2345679012345678e-02 8.2304526748971200e-03 1.6460905349794240e-02
    4.1152263374485600e-03 0. 0. 8.2304526748971200e-03 0. 0. 0. 0. 0.
    0. 0. 4.1152263374485600e-03 1.6460905349794240e-02
    8.2304526748971200e-03 0. 4.1152263374485600e-03
    8.2304526748971200e-03 4.1152263374485600e-03 1.2345679012345678e-02
    0. 0. 0. 4.1152263374485600e-03 0. 0. 4.1152263374485600e-03 0.
    4.1152263374485600e-03 0. 0. 0. 0. 4.1152263374485600e-03 0. 0.
    4.1152263374485600e-03 2.0576131687242798e-02 4.1152263374485600e-03
    4.1152263374485600e-03 4.1152263374485600e-03 4.1152263374485600e-03
    0. 0. 4.1152263374485600e-03 4.1152263374485600e-03 0. 0. 0. 0. 0.
    0. 4.1152263374485600e-03 4.1152263374485600e-03
    4.1152263374485600e-03 4.1152263374485600e-03 8.2304526748971200e-03
    0. 1.2345679012345678e-02 4.1152263374485600e-03
    4.1152263374485600e-03 4.1152263374485600e-03 0. 0. 0. 0. 0. 0. 0.
    0. 8.2304526748971200e-03 0. 4.1152263374485600e-03 0. 0.
    4.1152263374485600e-03 0. 4.1152263374485600e-03 0.
    2.0576131687242798e-02 4.1152263374485600e-03 0. 0. 0.
    1.2345679012345678e-02 8.2304526748971200e-03 0.
    4.1152263374485600e-03 0. 0. 0. 0. 4.1152263374485600e-03 0. 0. 0.
    0. 4.1152263374485600e-03 4.1152263374485600e-03 0. 0. 0. 0. 0. 0.
    0. 0. 0. 0. 0. 8.2304526748971200e-03 0. 0. 0.
    4.1152263374485600e-03 0. 0. 4.1152263374485600e-03
    4.1152263374485600e-03 0. 8.2304526748971200e-03 0. 0. 0. 0.
    4.1152263374485600e-03 0. 0. 0. 0. 0. 0. 4.1152263374485600e-03 0.
    0. 0. 0. 0. 4.1152263374485600e-03 8.2304526748971200e-03
    4.1152263374485600e-03 8.2304526748971200e-03 4.1152263374485600e-03
    4.1152263374485600e-03 0. 0.</data></camera>
</opencv_storage>
