<?xml version="1.0"?>
<opencv_storage>
<candle type_id="opencv-matrix">
  <rows>20</rows>
  <cols>20</cols>
  <dt>d</dt>
  <data>
    4.1291032964007983e-04 4.1291032964007983e-04 4.1291032964007983e-04
    4.1291032964007983e-04 1.1010942123735462e-03 8.2582065928015966e-04
    9.6345743582685293e-04 1.0322758241001996e-03 5.5054710618677311e-04
    2.1333700364737458e-03 1.6516413185603193e-03 7.5700227100681302e-04
    9.6345743582685293e-04 1.0322758241001996e-03 1.7892780951070126e-03
    3.4409194136673319e-04 1.2387309889202395e-03 2.7527355309338655e-04
    4.1291032964007983e-04 8.9463904755350630e-04 7.5700227100681302e-04
    7.5700227100681302e-04 1.1010942123735462e-03 4.1291032964007983e-04
    4.1291032964007983e-04 1.5140045420136260e-03 1.3075493771935861e-03
    1.3075493771935861e-03 9.6345743582685293e-04 3.0280090840272521e-03
    2.8215539192072122e-03 1.1699126006468928e-03 1.4451861537402794e-03
    9.6345743582685293e-04 2.0645516482003991e-03 7.5700227100681302e-04
    1.1699126006468928e-03 9.6345743582685293e-04 1.1699126006468928e-03
    4.1291032964007983e-04 8.2582065928015966e-04 1.1010942123735462e-03
    5.5054710618677311e-04 7.5700227100681302e-04 1.0322758241001996e-03
    1.6516413185603193e-03 1.2387309889202395e-03 1.2387309889202395e-03
    1.3075493771935861e-03 3.0280090840272521e-03 3.6473745784873718e-03
    1.0322758241001996e-03 8.9463904755350630e-04 1.6516413185603193e-03
    1.7204597068336660e-03 8.9463904755350630e-04 8.2582065928015966e-04
    8.9463904755350630e-04 1.2387309889202395e-03 6.1936549446011974e-04
    8.2582065928015966e-04 9.6345743582685293e-04 4.8172871791342647e-04
    2.7527355309338655e-04 1.2387309889202395e-03 7.3635675452480903e-03
    2.2021884247470924e-03 1.3763677654669328e-03 1.1699126006468928e-03
    8.9463904755350630e-03 3.5785561902140252e-03 1.2387309889202395e-03
    1.7204597068336660e-03 1.9957332599270525e-03 7.5700227100681302e-03
    1.6516413185603193e-03 8.9463904755350630e-04 8.9463904755350630e-04
    8.2582065928015966e-04 6.8818388273346638e-04 1.2387309889202395e-03
    6.8818388273346638e-04 1.3763677654669328e-03 1.6516413185603193e-03
    2.2021884247470924e-03 2.6839171426605189e-03 2.6839171426605189e-03
    2.8215539192072122e-03 2.6150987543871723e-03 5.4366526735943844e-03
    5.1613791205009979e-03 2.3398252012937857e-03 3.6473745784873718e-03
    1.7892780951070126e-03 3.2344642488472920e-03 2.2021884247470924e-03
    2.1333700364737458e-03 1.3763677654669328e-03 9.6345743582685293e-04
    1.5828229302869727e-03 8.2582065928015966e-04 1.1010942123735462e-03
    1.0322758241001996e-03 1.8580964833803592e-03 2.1333700364737458e-03
    4.4043768494941848e-03 4.8172871791342647e-03 4.4043768494941848e-03
    3.4409194136673319e-03 5.2990158970476911e-03 5.8495630032344642e-03
    3.5785561902140252e-03 4.6796504025875714e-03 4.3355584612208382e-03
    5.0237423439543046e-03 2.7527355309338655e-03 1.9957332599270525e-03
    1.9957332599270525e-03 1.2387309889202395e-03 8.2582065928015966e-04
    9.6345743582685293e-04 1.5140045420136260e-03 2.0645516482003991e-03
    2.4086435895671323e-03 2.4086435895671323e-03 5.2990158970476911e-03
    4.9549239556809579e-03 5.5742894501410777e-03 3.7850113550340651e-03
    4.7484687908609180e-03 6.5377468859679306e-03 3.9914665198541050e-03
    5.8495630032344642e-03 5.0237423439543046e-03 4.6796504025875714e-03
    2.5462803661138256e-03 2.2710068130204391e-03 1.3763677654669328e-03
    1.9269148716537059e-03 1.1699126006468928e-03 1.3075493771935861e-03
    1.3075493771935861e-03 1.4451861537402794e-03 1.1010942123735462e-03
    2.0645516482003991e-03 1.0529213405822037e-02 6.2624733328745441e-03
    4.8861055674076113e-03 2.6839171426605189e-03 5.3678342853210378e-03
    3.7850113550340651e-03 2.4774619778404790e-03 6.5377468859679306e-03
    4.6796504025875714e-03 1.0598031794095382e-02 3.3721010253939853e-03
    1.8580964833803592e-03 1.4451861537402794e-03 1.2387309889202395e-03
    1.7892780951070126e-03 1.2387309889202395e-03 8.9463904755350630e-04
    1.1010942123735462e-03 9.6345743582685293e-04 2.2710068130204391e-03
    9.3593008051751428e-03 7.5700227100681302e-03 4.4731952377675315e-03
    1.5828229302869727e-03 4.1291032964007983e-04 5.5054710618677311e-04
    1.8580964833803592e-03 5.5742894501410777e-03 6.7442020507879705e-03
    1.0253939852728650e-02 2.3398252012937857e-03 1.5828229302869727e-03
    1.5140045420136260e-03 8.9463904755350630e-04 1.0322758241001996e-03
    2.4774619778404790e-03 2.2710068130204391e-03 3.4409194136673319e-03
    3.3032826371206386e-03 5.0925607322276512e-03 7.9829330397082100e-03
    7.2259307687013970e-03 5.2301975087743445e-03 1.0322758241001996e-03
    2.7527355309338655e-04 2.0645516482003991e-04 1.4451861537402794e-03
    5.2301975087743445e-03 4.8172871791342647e-03 5.4366526735943844e-03
    4.3355584612208382e-03 2.9591906957539054e-03 2.5462803661138256e-03
    1.6516413185603193e-03 2.0645516482003991e-03 1.9957332599270525e-03
    2.1333700364737458e-03 2.4086435895671323e-03 2.3398252012937857e-03
    3.8538297433074117e-03 5.6431078384144243e-03 7.5012043217947836e-03
    3.8538297433074117e-03 1.1010942123735462e-03 2.0645516482003991e-04
    2.0645516482003991e-04 1.3075493771935861e-03 6.5377468859679306e-03
    7.5012043217947836e-03 9.0152088638084105e-03 5.0237423439543046e-03
    4.0602849081274517e-03 2.7527355309338655e-03 2.5462803661138256e-03
    2.8215539192072122e-03 8.9463904755350630e-04 9.6345743582685293e-04
    1.4451861537402794e-03 8.2582065928015966e-04 1.3763677654669328e-03
    9.9098479113619159e-03 7.7076594866148235e-03 5.2301975087743445e-03
    1.7204597068336660e-03 7.5700227100681302e-04 4.8172871791342647e-04
    1.7204597068336660e-03 5.8495630032344642e-03 5.9871997797811575e-03
    4.6796504025875714e-03 2.0645516482003991e-03 1.7892780951070126e-03
    1.1699126006468928e-03 1.2387309889202395e-03 1.7892780951070126e-03
    1.4451861537402794e-03 1.1699126006468928e-03 1.4451861537402794e-03
    1.8580964833803592e-03 3.0968274723005987e-03 9.7033927465418768e-03
    5.3678342853210378e-03 5.2301975087743445e-03 2.8215539192072122e-03
    4.8172871791342647e-03 3.5097378019406785e-03 2.6839171426605189e-03
    4.5420136260408781e-03 6.3312917211478907e-03 1.5071227031862915e-02
    2.6150987543871723e-03 1.8580964833803592e-03 1.3075493771935861e-03
    1.2387309889202395e-03 1.7892780951070126e-03 8.9463904755350630e-04
    1.1699126006468928e-03 1.1010942123735462e-03 2.3398252012937857e-03
    2.4086435895671323e-03 5.0925607322276512e-03 5.5054710618677311e-03
    5.7807446149611176e-03 3.1656458605739454e-03 4.8172871791342647e-03
    6.0560181680545042e-03 4.0602849081274517e-03 6.4689284976945840e-03
    4.6108320143142248e-03 5.3678342853210378e-03 2.8903723074805588e-03
    2.1333700364737458e-03 2.2710068130204391e-03 1.7204597068336660e-03
    1.4451861537402794e-03 1.0322758241001996e-03 1.0322758241001996e-03
    1.1699126006468928e-03 1.7204597068336660e-03 2.5462803661138256e-03
    4.8172871791342647e-03 4.6796504025875714e-03 3.7161929667607185e-03
    3.1656458605739454e-03 6.3312917211478907e-03 5.0925607322276512e-03
    2.1333700364737458e-03 4.8861055674076113e-03 4.4043768494941848e-03
    5.2301975087743445e-03 2.8903723074805588e-03 1.4451861537402794e-03
    1.7892780951070126e-03 1.9957332599270525e-03 8.9463904755350630e-04
    1.3763677654669328e-03 1.1010942123735462e-03 1.0322758241001996e-03
    1.7892780951070126e-03 1.7204597068336660e-03 2.2021884247470924e-03
    2.4086435895671323e-03 2.5462803661138256e-03 2.4086435895671323e-03
    1.1836762783015622e-02 4.8172871791342647e-03 3.1656458605739454e-03
    3.5097378019406785e-03 2.3398252012937857e-03 2.6150987543871723e-03
    2.2710068130204391e-03 2.0645516482003991e-03 9.6345743582685293e-04
    1.1699126006468928e-03 1.7892780951070126e-03 4.8172871791342647e-04
