<?xml version="1.0"?>
<opencv_storage>
<car type_id="opencv-matrix">
  <rows>20</rows>
  <cols>20</cols>
  <dt>d</dt>
  <data>
    1.2804097311139564e-03 2.5608194622279128e-03 1.2804097311139564e-03
    3.8412291933418692e-03 3.8412291933418692e-03 1.2804097311139564e-03
    3.8412291933418692e-03 1.2804097311139564e-03 2.5608194622279128e-03
    2.5608194622279128e-03 1.2804097311139564e-03 5.1216389244558257e-03
    2.5608194622279128e-03 2.5608194622279128e-03 2.5608194622279128e-03
    1.2804097311139564e-03 1.2804097311139564e-03 2.5608194622279128e-03
    0. 3.8412291933418692e-03 3.8412291933418692e-03
    3.8412291933418692e-03 1.2804097311139564e-03 3.8412291933418692e-03
    0. 3.8412291933418692e-03 2.5608194622279128e-03
    2.5608194622279128e-03 1.2804097311139564e-03 3.8412291933418692e-03
    0. 5.1216389244558257e-03 2.5608194622279128e-03
    2.5608194622279128e-03 3.8412291933418692e-03 1.2804097311139564e-03
    2.5608194622279128e-03 5.1216389244558257e-03 1.2804097311139564e-03
    0. 1.2804097311139564e-03 3.8412291933418692e-03 0.
    2.5608194622279128e-03 1.2804097311139564e-03 0.
    1.2804097311139564e-03 2.5608194622279128e-03 3.8412291933418692e-03
    1.2804097311139564e-03 2.5608194622279128e-03 5.1216389244558257e-03
    2.5608194622279128e-03 1.2804097311139564e-03 6.4020486555697821e-03
    1.2804097311139564e-03 6.4020486555697821e-03 3.8412291933418692e-03
    1.2804097311139564e-03 0. 6.4020486555697821e-03
    1.2804097311139564e-03 3.8412291933418692e-03 1.2804097311139564e-03
    7.6824583866837385e-03 1.2804097311139564e-03 2.5608194622279128e-03
    6.4020486555697821e-03 3.8412291933418692e-03 2.5608194622279128e-03
    2.5608194622279128e-03 3.8412291933418692e-03 1.2804097311139564e-03
    5.1216389244558257e-03 2.5608194622279128e-03 1.2804097311139564e-03
    5.1216389244558257e-03 0. 0. 1.2804097311139564e-03 0.
    1.2804097311139564e-03 3.8412291933418692e-03 1.2804097311139564e-03
    0. 0. 1.2804097311139564e-03 3.8412291933418692e-03
    1.4084507042253521e-02 5.1216389244558257e-03 6.4020486555697821e-03
    1.2804097311139564e-03 3.8412291933418692e-03 0.
    3.8412291933418692e-03 7.6824583866837385e-03 1.0243277848911651e-02
    0. 1.2804097311139564e-03 1.2804097311139564e-03
    1.2804097311139564e-03 0. 0. 0. 2.5608194622279128e-03
    1.2804097311139564e-03 1.2804097311139564e-03 0.
    3.8412291933418692e-03 3.8412291933418692e-03 6.4020486555697821e-03
    0. 0. 3.8412291933418692e-03 1.2804097311139564e-03 0. 0.
    1.2804097311139564e-03 0. 0. 0. 2.5608194622279128e-03
    1.2804097311139564e-03 1.2804097311139564e-03 2.5608194622279128e-03
    1.2804097311139564e-03 0. 1.2804097311139564e-03 0. 0.
    1.2804097311139564e-03 5.1216389244558257e-03 1.2804097311139564e-03
    8.9628681177976958e-03 1.2804097311139564e-03 5.1216389244558257e-03
    0. 2.5608194622279128e-03 1.2804097311139564e-03
    2.5608194622279128e-03 3.8412291933418692e-03 0. 0.
    1.2804097311139564e-03 3.8412291933418692e-03 2.5608194622279128e-03
    1.2804097311139564e-03 2.5608194622279128e-03 6.4020486555697821e-03
    7.6824583866837385e-03 0. 0. 1.2804097311139564e-03
    5.1216389244558257e-03 3.8412291933418692e-03 1.2804097311139564e-03
    6.4020486555697821e-03 3.8412291933418692e-03 3.8412291933418692e-03
    2.5608194622279128e-03 1.2804097311139564e-03 3.8412291933418692e-03
    2.5608194622279128e-03 0. 2.5608194622279128e-03 0. 0.
    1.2804097311139564e-03 1.2804097311139564e-03 6.4020486555697821e-03
    1.2804097311139564e-03 1.2804097311139564e-03 0.
    3.8412291933418692e-03 1.2804097311139564e-03 3.8412291933418692e-03
    1.2804097311139564e-03 1.2804097311139564e-03 3.8412291933418692e-03
    2.5608194622279128e-03 2.5608194622279128e-03 3.8412291933418692e-03
    7.6824583866837385e-03 1.2804097311139564e-03 1.2804097311139564e-03
    5.1216389244558257e-03 6.4020486555697821e-03 1.2804097311139564e-03
    2.5608194622279128e-03 7.6824583866837385e-03 3.8412291933418692e-03
    2.5608194622279128e-03 3.8412291933418692e-03 1.2804097311139564e-03
    1.2804097311139564e-03 2.5608194622279128e-03 2.5608194622279128e-03
    1.2804097311139564e-03 2.5608194622279128e-03 1.2804097311139564e-03
    1.0243277848911651e-02 7.6824583866837385e-03 6.4020486555697821e-03
    5.1216389244558257e-03 2.5608194622279128e-03 3.8412291933418692e-03
    2.5608194622279128e-03 0. 2.5608194622279128e-03
    6.4020486555697821e-03 3.8412291933418692e-03 5.1216389244558257e-03
    0. 2.5608194622279128e-03 0. 3.8412291933418692e-03
    8.9628681177976958e-03 0. 3.8412291933418692e-03
    1.2804097311139564e-03 3.8412291933418692e-03 3.8412291933418692e-03
    1.2804097311139564e-03 0. 5.1216389244558257e-03
    2.5608194622279128e-03 0. 0. 3.8412291933418692e-03
    1.2804097311139564e-03 0. 2.5608194622279128e-03
    1.2804097311139564e-03 1.2804097311139564e-03 1.2804097311139564e-03
    3.8412291933418692e-03 1.2804097311139564e-03 3.8412291933418692e-03
    1.2804097311139564e-03 0. 2.5608194622279128e-03
    3.8412291933418692e-03 1.2804097311139564e-03 3.8412291933418692e-03
    3.8412291933418692e-03 2.5608194622279128e-03 2.5608194622279128e-03
    2.5608194622279128e-03 0. 1.2804097311139564e-03
    2.5608194622279128e-03 1.2804097311139564e-03 3.8412291933418692e-03
    0. 2.5608194622279128e-03 8.9628681177976958e-03 0. 0.
    5.1216389244558257e-03 0. 1.2804097311139564e-03 0.
    1.2804097311139564e-03 0. 0. 2.5608194622279128e-03
    3.8412291933418692e-03 2.5608194622279128e-03 6.4020486555697821e-03
    3.8412291933418692e-03 0. 2.5608194622279128e-03
    2.5608194622279128e-03 0. 1.2804097311139564e-03
    1.2804097311139564e-03 2.5608194622279128e-03 2.5608194622279128e-03
    1.2804097311139564e-03 0. 1.2804097311139564e-03
    2.5608194622279128e-03 1.2804097311139564e-03 2.5608194622279128e-03
    1.2804097311139564e-03 2.5608194622279128e-03 2.5608194622279128e-03
    0. 3.8412291933418692e-03 3.8412291933418692e-03 0.
    3.8412291933418692e-03 0. 1.2804097311139564e-03
    5.1216389244558257e-03 1.2804097311139564e-03 2.5608194622279128e-03
    1.2804097311139564e-03 0. 0. 3.8412291933418692e-03
    3.8412291933418692e-03 1.2804097311139564e-03 5.1216389244558257e-03
    2.5608194622279128e-03 1.2804097311139564e-03 2.5608194622279128e-03
    7.6824583866837385e-03 5.1216389244558257e-03 6.4020486555697821e-03
    1.0243277848911651e-02 2.5608194622279128e-03 1.2804097311139564e-03
    1.2804097311139564e-03 2.5608194622279128e-03 3.8412291933418692e-03
    1.2804097311139564e-03 0. 1.2804097311139564e-03
    1.2804097311139564e-03 0. 1.2804097311139564e-03
    3.8412291933418692e-03 0. 1.2804097311139564e-03
    1.2804097311139564e-03 2.5608194622279128e-03 3.8412291933418692e-03
    6.4020486555697821e-03 2.5608194622279128e-03 5.1216389244558257e-03
    2.5608194622279128e-03 0. 0. 2.5608194622279128e-03 0. 0.
    1.2804097311139564e-03 1.2804097311139564e-03 1.2804097311139564e-03
    5.1216389244558257e-03 1.2804097311139564e-03 2.5608194622279128e-03
    5.1216389244558257e-03 3.8412291933418692e-03 1.2804097311139564e-03
    2.5608194622279128e-03 1.2804097311139564e-03 2.5608194622279128e-03
    5.1216389244558257e-03 3.8412291933418692e-03 2.5608194622279128e-03
    0. 5.1216389244558257e-03 8.9628681177976958e-03
    2.5608194622279128e-03 1.2804097311139564e-03 1.2804097311139564e-03
    2.5608194622279128e-03 2.5608194622279128e-03 5.1216389244558257e-03
    1.2804097311139564e-03 3.8412291933418692e-03 2.5608194622279128e-03
    2.5608194622279128e-03 0. 2.5608194622279128e-03
    1.2804097311139564e-03 5.1216389244558257e-03 2.5608194622279128e-03
    1.2804097311139564e-03 8.9628681177976958e-03 2.5608194622279128e-03
    1.2804097311139564e-03 6.4020486555697821e-03 1.2804097311139564e-03
    1.2804097311139564e-03 0. 1.2804097311139564e-03
    2.5608194622279128e-03 3.8412291933418692e-03 1.2804097311139564e-03
