<?xml version="1.0"?>
<opencv_storage>
<cart type_id="opencv-matrix">
  <rows>20</rows>
  <cols>20</cols>
  <dt>d</dt>
  <data>
    0. 2.9940119760479044e-03 0. 0. 0. 0. 0. 2.9940119760479044e-03
    2.9940119760479044e-03 0. 0. 0. 5.9880239520958087e-03
    5.9880239520958087e-03 2.9940119760479044e-03 2.9940119760479044e-03
    5.9880239520958087e-03 5.9880239520958087e-03 2.9940119760479044e-03
    0. 0. 2.9940119760479044e-03 2.9940119760479044e-03 0.
    2.9940119760479044e-03 2.9940119760479044e-03 8.9820359281437123e-03
    0. 0. 0. 2.9940119760479044e-03 2.9940119760479044e-03 0.
    8.9820359281437123e-03 2.9940119760479044e-03 2.9940119760479044e-03
    1.1976047904191617e-02 0. 0. 5.9880239520958087e-03
    2.9940119760479044e-03 0. 0. 2.9940119760479044e-03
    5.9880239520958087e-03 2.9940119760479044e-03 2.9940119760479044e-03
    2.9940119760479044e-03 5.9880239520958087e-03 5.9880239520958087e-03
    2.9940119760479044e-03 2.9940119760479044e-03 5.9880239520958087e-03
    0. 5.9880239520958087e-03 1.1976047904191617e-02 0. 0.
    5.9880239520958087e-03 0. 0. 2.9940119760479044e-03 0. 0. 0. 0. 0.
    0. 2.9940119760479044e-03 0. 8.9820359281437123e-03
    2.9940119760479044e-03 0. 2.9940119760479044e-03
    5.9880239520958087e-03 0. 2.9940119760479044e-03
    5.9880239520958087e-03 5.9880239520958087e-03 8.9820359281437123e-03
    2.9940119760479044e-03 0. 5.9880239520958087e-03 0.
    2.9940119760479044e-03 0. 0. 0. 5.9880239520958087e-03 0. 0.
    2.9940119760479044e-03 0. 5.9880239520958087e-03 0. 0. 0.
    2.9940119760479044e-03 2.9940119760479044e-03 8.9820359281437123e-03
    0. 0. 0. 0. 5.9880239520958087e-03 0. 1.4970059880239521e-02
    2.9940119760479044e-03 2.9940119760479044e-03 2.9940119760479044e-03
    2.9940119760479044e-03 2.9940119760479044e-03 0. 0.
    8.9820359281437123e-03 1.1976047904191617e-02 5.9880239520958087e-03
    2.9940119760479044e-03 8.9820359281437123e-03 5.9880239520958087e-03
    2.9940119760479044e-03 0. 2.9940119760479044e-03 0.
    5.9880239520958087e-03 2.9940119760479044e-03 0. 0. 0. 0.
    2.9940119760479044e-03 5.9880239520958087e-03 0.
    2.9940119760479044e-03 8.9820359281437123e-03 0.
    2.9940119760479044e-03 0. 0. 0. 2.9940119760479044e-03 0.
    2.9940119760479044e-03 2.9940119760479044e-03 8.9820359281437123e-03
    0. 5.9880239520958087e-03 0. 0. 0. 0. 0. 0. 5.9880239520958087e-03
    0. 0. 2.9940119760479044e-03 0. 5.9880239520958087e-03 0. 0. 0.
    2.9940119760479044e-03 2.9940119760479044e-03 0.
    1.1976047904191617e-02 0. 2.9940119760479044e-03 0. 0. 0. 0.
    5.9880239520958087e-03 0. 2.9940119760479044e-03 0.
    2.9940119760479044e-03 2.9940119760479044e-03 0.
    2.9940119760479044e-03 0. 8.9820359281437123e-03
    2.9940119760479044e-03 2.9940119760479044e-03 0. 0. 0.
    2.9940119760479044e-03 0. 0. 0. 0. 0. 0. 2.9940119760479044e-03
    2.9940119760479044e-03 0. 5.9880239520958087e-03
    5.9880239520958087e-03 0. 5.9880239520958087e-03
    2.9940119760479044e-03 0. 5.9880239520958087e-03
    2.9940119760479044e-03 5.9880239520958087e-03 2.9940119760479044e-03
    2.9940119760479044e-03 0. 0. 0. 0. 0. 2.9940119760479044e-03
    2.9940119760479044e-03 8.9820359281437123e-03 2.9940119760479044e-03
    5.9880239520958087e-03 5.9880239520958087e-03 2.9940119760479044e-03
    2.9940119760479044e-03 0. 0. 2.9940119760479044e-03
    2.9940119760479044e-03 0. 2.9940119760479044e-03
    5.9880239520958087e-03 0. 0. 0. 0. 0. 2.9940119760479044e-03
    2.9940119760479044e-03 5.9880239520958087e-03 0.
    5.9880239520958087e-03 2.9940119760479044e-03 0.
    2.9940119760479044e-03 2.9940119760479044e-03 2.9940119760479044e-03
    2.9940119760479044e-03 8.9820359281437123e-03 2.9940119760479044e-03
    0. 2.9940119760479044e-03 0. 0. 2.9940119760479044e-03 0. 0. 0.
    5.9880239520958087e-03 5.9880239520958087e-03 5.9880239520958087e-03
    0. 2.9940119760479044e-03 0. 0. 0. 2.9940119760479044e-03 0.
    2.9940119760479044e-03 5.9880239520958087e-03 0. 0.
    2.9940119760479044e-03 2.9940119760479044e-03 0.
    5.9880239520958087e-03 2.9940119760479044e-03 0.
    8.9820359281437123e-03 5.9880239520958087e-03 2.9940119760479044e-03
    0. 2.9940119760479044e-03 0. 5.9880239520958087e-03 0.
    8.9820359281437123e-03 0. 0. 2.9940119760479044e-03
    2.9940119760479044e-03 0. 0. 0. 0. 2.9940119760479044e-03 0.
    8.9820359281437123e-03 2.9940119760479044e-03 2.9940119760479044e-03
    0. 0. 8.9820359281437123e-03 0. 0. 0. 5.9880239520958087e-03 0.
    2.9940119760479044e-03 2.9940119760479044e-03 0.
    2.9940119760479044e-03 0. 0. 2.9940119760479044e-03 0.
    5.9880239520958087e-03 8.9820359281437123e-03 2.9940119760479044e-03
    5.9880239520958087e-03 2.9940119760479044e-03 5.9880239520958087e-03
    5.9880239520958087e-03 0. 0. 2.9940119760479044e-03 0. 0.
    2.9940119760479044e-03 0. 2.9940119760479044e-03 0.
    2.9940119760479044e-03 2.9940119760479044e-03 2.9940119760479044e-03
    2.9940119760479044e-03 5.9880239520958087e-03 2.9940119760479044e-03
    0. 1.4970059880239521e-02 2.9940119760479044e-03
    2.9940119760479044e-03 0. 2.9940119760479044e-03 0.
    2.9940119760479044e-03 0. 0. 0. 2.9940119760479044e-03 0. 0. 0. 0.
    0. 2.9940119760479044e-03 0. 8.9820359281437123e-03
    2.9940119760479044e-03 2.9940119760479044e-03 5.9880239520958087e-03
    2.9940119760479044e-03 0. 0. 0. 0. 2.9940119760479044e-03 0. 0.
    2.9940119760479044e-03 0. 5.9880239520958087e-03
    2.9940119760479044e-03 8.9820359281437123e-03 0.
    2.9940119760479044e-03 2.9940119760479044e-03 1.1976047904191617e-02
    5.9880239520958087e-03 5.9880239520958087e-03 2.9940119760479044e-03
    8.9820359281437123e-03 2.9940119760479044e-03 0. 0.
    5.9880239520958087e-03 5.9880239520958087e-03 5.9880239520958087e-03
    2.9940119760479044e-03 8.9820359281437123e-03 2.9940119760479044e-03
    0. 2.9940119760479044e-03 0. 2.9940119760479044e-03 0. 0.
    2.9940119760479044e-03 0. 0. 0. 0. 0. 0.</data></cart>
</opencv_storage>
