<?xml version="1.0"?>
<opencv_storage>
<ceiling_fan type_id="opencv-matrix">
  <rows>20</rows>
  <cols>20</cols>
  <dt>d</dt>
  <data>
    1.0798303123794833e-03 1.3883532587736214e-03 2.0825298881604320e-03
    1.7740069417662939e-03 1.8511376783648284e-03 2.2367913613575009e-03
    1.5426147319706903e-03 2.3910528345545698e-03 3.0080987273428460e-03
    2.3139220979560356e-03 3.9336675665252599e-03 1.4654839953721559e-03
    1.7740069417662939e-03 1.2340917855765523e-03 2.4681835711531045e-03
    1.0798303123794833e-03 1.2340917855765523e-03 1.1569610489780178e-03
    5.3991515618974167e-04 6.9417662938681070e-04 9.2556883918241419e-04
    1.8511376783648284e-03 1.9282684149633628e-03 1.4654839953721559e-03
    1.2340917855765523e-03 1.5426147319706903e-03 1.6197454685692248e-03
    2.2367913613575009e-03 1.9282684149633628e-03 3.1623602005399153e-03
    3.3166216737369842e-03 2.3139220979560356e-03 1.9282684149633628e-03
    1.4654839953721559e-03 1.7740069417662939e-03 1.0798303123794833e-03
    1.1569610489780178e-03 1.6968762051677595e-03 8.4843810258387973e-04
    1.2340917855765523e-03 1.2340917855765523e-03 1.6968762051677595e-03
    1.9282684149633628e-03 1.9282684149633628e-03 2.0825298881604320e-03
    2.5453143077516392e-03 2.4681835711531045e-03 1.6968762051677595e-03
    2.7767065175472428e-03 2.8538372541457770e-03 4.0879290397223293e-03
    2.4681835711531045e-03 2.5453143077516392e-03 1.3883532587736214e-03
    2.6224450443501734e-03 2.3910528345545698e-03 2.5453143077516392e-03
    2.1596606247589667e-03 1.5426147319706903e-03 1.0798303123794833e-03
    1.8511376783648284e-03 2.1596606247589667e-03 2.1596606247589667e-03
    1.4654839953721559e-03 2.3910528345545698e-03 2.3139220979560356e-03
    2.2367913613575009e-03 2.0825298881604320e-03 2.2367913613575009e-03
    3.9336675665252599e-03 4.4735827227150018e-03 2.3139220979560356e-03
    2.0825298881604320e-03 2.6995757809487081e-03 2.2367913613575009e-03
    1.8511376783648284e-03 1.6197454685692248e-03 1.3112225221750867e-03
    1.6968762051677595e-03 1.0026995757809487e-03 1.8511376783648284e-03
    1.4654839953721559e-03 1.4654839953721559e-03 1.9282684149633628e-03
    2.0053991515618973e-03 2.6995757809487081e-03 2.3139220979560356e-03
    2.3910528345545698e-03 4.0107983031237946e-03 3.2394909371384496e-03
    4.7049749325106058e-03 3.8565368299267257e-03 2.3910528345545698e-03
    1.8511376783648284e-03 2.3910528345545698e-03 1.9282684149633628e-03
    2.0053991515618973e-03 1.3883532587736214e-03 1.2340917855765523e-03
    1.0026995757809487e-03 1.1569610489780178e-03 1.3883532587736214e-03
    1.5426147319706903e-03 1.8511376783648284e-03 3.7022753567296568e-03
    2.4681835711531045e-03 2.8538372541457770e-03 3.1623602005399153e-03
    4.1650597763208640e-03 3.5480138835325878e-03 6.0933281912842266e-03
    2.2367913613575009e-03 2.6224450443501734e-03 2.3910528345545698e-03
    3.1623602005399153e-03 2.3910528345545698e-03 1.9282684149633628e-03
    1.5426147319706903e-03 1.3112225221750867e-03 1.8511376783648284e-03
    1.6968762051677595e-03 1.5426147319706903e-03 2.3910528345545698e-03
    2.2367913613575009e-03 1.9282684149633628e-03 2.5453143077516392e-03
    4.0879290397223293e-03 2.3139220979560356e-03 3.7794060933281914e-03
    5.0906286155032784e-03 3.8565368299267257e-03 3.4708831469340532e-03
    4.0879290397223293e-03 3.3166216737369842e-03 2.0053991515618973e-03
    2.8538372541457770e-03 1.6968762051677595e-03 2.1596606247589667e-03
    1.6197454685692248e-03 1.3112225221750867e-03 1.6197454685692248e-03
    2.1596606247589667e-03 1.9282684149633628e-03 2.3910528345545698e-03
    2.6224450443501734e-03 2.3910528345545698e-03 3.6251446201311221e-03
    2.8538372541457770e-03 3.3166216737369842e-03 3.0852294639413806e-03
    3.3937524103355189e-03 3.2394909371384496e-03 3.4708831469340532e-03
    2.2367913613575009e-03 2.7767065175472428e-03 2.8538372541457770e-03
    2.5453143077516392e-03 2.0825298881604320e-03 2.6224450443501734e-03
    9.2556883918241419e-04 1.6197454685692248e-03 1.6968762051677595e-03
    2.2367913613575009e-03 2.1596606247589667e-03 3.0852294639413806e-03
    3.0080987273428460e-03 3.3166216737369842e-03 2.6224450443501734e-03
    2.5453143077516392e-03 4.7821056691091397e-03 3.6251446201311221e-03
    2.6995757809487081e-03 3.0852294639413806e-03 3.3937524103355189e-03
    3.9336675665252599e-03 2.6995757809487081e-03 2.0053991515618973e-03
    2.6995757809487081e-03 1.2340917855765523e-03 1.0798303123794833e-03
    3.0852294639413806e-03 4.0107983031237946e-03 5.3220208252988815e-03
    4.1650597763208640e-03 6.0933281912842266e-03 8.0987273428461248e-03
    5.7848052448900887e-03 5.4762822984959509e-03 6.5561126108754338e-03
    8.8700347088314698e-03 8.7929039722329343e-03 4.5507134593135365e-03
    3.3937524103355189e-03 4.0107983031237946e-03 3.6251446201311221e-03
    3.5480138835325878e-03 3.7794060933281914e-03 3.1623602005399153e-03
    2.3139220979560356e-03 2.6995757809487081e-03 3.3166216737369842e-03
    3.7022753567296568e-03 3.5480138835325878e-03 4.3964519861164671e-03
    4.1650597763208640e-03 4.8592364057076743e-03 4.0879290397223293e-03
    4.0107983031237946e-03 4.3964519861164671e-03 7.6359429232549167e-03
    9.8727342846124180e-03 4.2421905129193986e-03 2.9309679907443117e-03
    4.5507134593135365e-03 5.0906286155032784e-03 4.1650597763208640e-03
    3.7794060933281914e-03 3.6251446201311221e-03 2.0825298881604320e-03
    2.8538372541457770e-03 1.4654839953721559e-03 1.4654839953721559e-03
    2.1596606247589667e-03 2.0053991515618973e-03 2.0825298881604320e-03
    2.3910528345545698e-03 3.6251446201311221e-03 3.7794060933281914e-03
    2.6224450443501734e-03 3.7022753567296568e-03 4.3964519861164671e-03
    2.5453143077516392e-03 2.9309679907443117e-03 2.9309679907443117e-03
    3.1623602005399153e-03 2.8538372541457770e-03 1.7740069417662939e-03
    3.1623602005399153e-03 1.6968762051677595e-03 1.2340917855765523e-03
    1.4654839953721559e-03 1.1569610489780178e-03 2.1596606247589667e-03
    2.1596606247589667e-03 2.7767065175472428e-03 2.1596606247589667e-03
    4.2421905129193986e-03 3.3166216737369842e-03 3.7022753567296568e-03
    3.3166216737369842e-03 3.7794060933281914e-03 2.6224450443501734e-03
    2.9309679907443117e-03 2.8538372541457770e-03 3.3166216737369842e-03
    2.2367913613575009e-03 2.0825298881604320e-03 1.4654839953721559e-03
    1.0798303123794833e-03 2.1596606247589667e-03 1.3883532587736214e-03
    2.3139220979560356e-03 2.4681835711531045e-03 2.1596606247589667e-03
    1.9282684149633628e-03 2.8538372541457770e-03 2.6224450443501734e-03
    2.9309679907443117e-03 3.4708831469340532e-03 3.1623602005399153e-03
    4.5507134593135365e-03 3.5480138835325878e-03 2.5453143077516392e-03
    3.0080987273428460e-03 2.6995757809487081e-03 3.6251446201311221e-03
    2.0053991515618973e-03 1.9282684149633628e-03 2.0053991515618973e-03
    7.7130736598534516e-04 1.2340917855765523e-03 1.6197454685692248e-03
    1.6968762051677595e-03 3.8565368299267257e-03 1.5426147319706903e-03
    3.3937524103355189e-03 2.0053991515618973e-03 2.8538372541457770e-03
    3.9336675665252599e-03 3.3937524103355189e-03 4.7821056691091397e-03
    3.6251446201311221e-03 3.0852294639413806e-03 3.4708831469340532e-03
    2.1596606247589667e-03 1.6968762051677595e-03 2.2367913613575009e-03
    1.5426147319706903e-03 1.9282684149633628e-03 1.0798303123794833e-03
    1.4654839953721559e-03 1.3883532587736214e-03 1.2340917855765523e-03
    1.6968762051677595e-03 1.6968762051677595e-03 2.4681835711531045e-03
    3.6251446201311221e-03 3.2394909371384496e-03 2.6995757809487081e-03
    3.2394909371384496e-03 5.0134978789047437e-03 2.0825298881604320e-03
    2.6224450443501734e-03 2.2367913613575009e-03 2.8538372541457770e-03
    1.9282684149633628e-03 1.6968762051677595e-03 1.2340917855765523e-03
    1.8511376783648284e-03 9.2556883918241419e-04 1.9282684149633628e-03
