<?xml version="1.0"?>
<opencv_storage>
<cellphone type_id="opencv-matrix">
  <rows>20</rows>
  <cols>20</cols>
  <dt>d</dt>
  <data>
    0. 0. 0. 0. 1.8867924528301887e-03 0. 0. 0. 0.
    3.7735849056603774e-03 0. 0. 5.6603773584905656e-03
    1.8867924528301887e-03 0. 0. 1.8867924528301887e-03
    1.8867924528301887e-03 0. 1.8867924528301887e-03 0. 0. 0.
    1.8867924528301887e-03 0. 0. 0. 0. 0. 0. 7.5471698113207548e-03 0.
    1.8867924528301887e-03 0. 0. 1.8867924528301887e-03 0. 0. 0.
    1.8867924528301887e-03 1.8867924528301887e-03 0.
    1.8867924528301887e-03 1.8867924528301887e-03 0.
    3.7735849056603774e-03 1.8867924528301887e-03 1.8867924528301887e-03
    0. 0. 1.8867924528301887e-03 3.7735849056603774e-03
    5.6603773584905656e-03 5.6603773584905656e-03 1.8867924528301887e-03
    0. 0. 0. 0. 5.6603773584905656e-03 1.8867924528301887e-03 0. 0. 0.
    5.6603773584905656e-03 3.7735849056603774e-03 5.6603773584905656e-03
    5.6603773584905656e-03 0. 3.7735849056603774e-03
    3.7735849056603774e-03 1.8867924528301887e-03 0. 0.
    3.7735849056603774e-03 0. 3.7735849056603774e-03
    1.8867924528301887e-03 0. 0. 0. 0. 3.7735849056603774e-03 0.
    1.8867924528301887e-03 3.7735849056603774e-03 1.8867924528301887e-03
    0. 0. 0. 0. 1.8867924528301887e-03 0. 3.7735849056603774e-03
    5.6603773584905656e-03 7.5471698113207548e-03 0. 0.
    3.7735849056603774e-03 1.8867924528301887e-03 1.8867924528301887e-03
    1.8867924528301887e-03 0. 0. 1.8867924528301887e-03 0.
    1.8867924528301887e-03 1.8867924528301887e-03 1.8867924528301887e-03
    7.5471698113207548e-03 3.7735849056603774e-03 0.
    1.8867924528301887e-03 3.7735849056603774e-03 1.8867924528301887e-03
    1.8867924528301887e-03 5.6603773584905656e-03 1.8867924528301887e-03
    0. 0. 5.6603773584905656e-03 0. 1.8867924528301887e-03 0.
    3.7735849056603774e-03 1.8867924528301887e-03 3.7735849056603774e-03
    3.7735849056603774e-03 5.6603773584905656e-03 7.5471698113207548e-03
    5.6603773584905656e-03 1.8867924528301887e-03 5.6603773584905656e-03
    1.8867924528301887e-03 1.8867924528301887e-03 1.8867924528301887e-03
    7.5471698113207548e-03 0. 1.8867924528301887e-03
    1.8867924528301887e-03 0. 0. 1.8867924528301887e-03
    5.6603773584905656e-03 9.4339622641509430e-03 3.7735849056603774e-03
    3.7735849056603774e-03 1.8867924528301887e-03 3.7735849056603774e-03
    5.6603773584905656e-03 0. 5.6603773584905656e-03
    3.7735849056603774e-03 7.5471698113207548e-03 3.7735849056603774e-03
    3.7735849056603774e-03 0. 1.8867924528301887e-03 0.
    1.8867924528301887e-03 0. 3.7735849056603774e-03
    1.8867924528301887e-03 3.7735849056603774e-03 9.4339622641509430e-03
    1.8867924528301887e-03 5.6603773584905656e-03 5.6603773584905656e-03
    9.4339622641509430e-03 0. 1.8867924528301887e-03
    1.8867924528301887e-03 1.1320754716981131e-02 1.3207547169811321e-02
    1.8867924528301887e-03 5.6603773584905656e-03 1.8867924528301887e-03
    1.8867924528301887e-03 0. 0. 3.7735849056603774e-03
    3.7735849056603774e-03 3.7735849056603774e-03 5.6603773584905656e-03
    7.5471698113207548e-03 1.8867924528301887e-03 5.6603773584905656e-03
    0. 5.6603773584905656e-03 1.8867924528301887e-03
    3.7735849056603774e-03 5.6603773584905656e-03 5.6603773584905656e-03
    1.1320754716981131e-02 3.7735849056603774e-03 7.5471698113207548e-03
    1.8867924528301887e-03 1.8867924528301887e-03 1.8867924528301887e-03
    0. 1.8867924528301887e-03 0. 3.7735849056603774e-03 0.
    5.6603773584905656e-03 3.7735849056603774e-03 1.8867924528301887e-03
    1.8867924528301886e-02 5.6603773584905656e-03 1.8867924528301887e-03
    5.6603773584905656e-03 3.7735849056603774e-03 1.1320754716981131e-02
    5.6603773584905656e-03 3.7735849056603774e-03 7.5471698113207548e-03
    1.8867924528301887e-03 1.8867924528301887e-03 1.8867924528301887e-03
    1.8867924528301887e-03 0. 3.7735849056603774e-03 0.
    3.7735849056603774e-03 0. 3.7735849056603774e-03
    1.1320754716981131e-02 1.3207547169811321e-02 5.6603773584905656e-03
    7.5471698113207548e-03 0. 3.7735849056603774e-03
    1.8867924528301887e-03 5.6603773584905656e-03 0.
    1.8867924528301887e-03 5.6603773584905656e-03 1.8867924528301887e-03
    1.8867924528301887e-03 1.8867924528301887e-03 0. 0. 0.
    1.8867924528301887e-03 3.7735849056603774e-03 5.6603773584905656e-03
    1.8867924528301887e-03 1.3207547169811321e-02 5.6603773584905656e-03
    5.6603773584905656e-03 1.8867924528301887e-03 1.6981132075471698e-02
    3.7735849056603774e-03 7.5471698113207548e-03 0. 0.
    3.7735849056603774e-03 3.7735849056603774e-03 1.1320754716981131e-02
    0. 3.7735849056603774e-03 0. 3.7735849056603774e-03
    3.7735849056603774e-03 0. 7.5471698113207548e-03 0. 0.
    7.5471698113207548e-03 0. 9.4339622641509430e-03
    1.8867924528301887e-03 0. 3.7735849056603774e-03
    3.7735849056603774e-03 5.6603773584905656e-03 5.6603773584905656e-03
    3.7735849056603774e-03 1.8867924528301887e-03 1.8867924528301887e-03
    0. 0. 0. 1.8867924528301887e-03 3.7735849056603774e-03 0.
    1.8867924528301887e-03 1.8867924528301887e-03 3.7735849056603774e-03
    1.8867924528301887e-03 3.7735849056603774e-03 1.8867924528301887e-03
    0. 5.6603773584905656e-03 0. 5.6603773584905656e-03
    7.5471698113207548e-03 0. 1.8867924528301887e-03
    3.7735849056603774e-03 0. 0. 3.7735849056603774e-03
    3.7735849056603774e-03 0. 7.5471698113207548e-03
    5.6603773584905656e-03 3.7735849056603774e-03 3.7735849056603774e-03
    0. 3.7735849056603774e-03 5.6603773584905656e-03
    3.7735849056603774e-03 0. 5.6603773584905656e-03 0.
    3.7735849056603774e-03 0. 1.8867924528301887e-03 0.
    1.8867924528301887e-03 0. 3.7735849056603774e-03 0.
    3.7735849056603774e-03 1.8867924528301887e-03 1.8867924528301887e-03
    1.8867924528301887e-03 3.7735849056603774e-03 1.8867924528301887e-03
    5.6603773584905656e-03 1.8867924528301887e-03 3.7735849056603774e-03
    0. 1.8867924528301887e-03 1.8867924528301887e-03 0. 0. 0. 0.
    1.8867924528301887e-03 0. 0. 1.8867924528301887e-03 0.
    1.8867924528301887e-03 1.8867924528301887e-03 0.
    3.7735849056603774e-03 0. 0. 3.7735849056603774e-03 0.
    1.8867924528301887e-03 0. 0. 0. 1.8867924528301887e-03 0. 0. 0.
    1.8867924528301887e-03 0. 0. 1.8867924528301887e-03 0.
    3.7735849056603774e-03 0. 0. 7.5471698113207548e-03
    1.8867924528301887e-03 3.7735849056603774e-03 1.8867924528301887e-03
    0. 5.6603773584905656e-03 0. 1.8867924528301887e-03 0.
    3.7735849056603774e-03 0. 3.7735849056603774e-03 0. 0. 0. 0. 0. 0.
    1.8867924528301887e-03 0. 0. 3.7735849056603774e-03
    1.8867924528301887e-03 1.8867924528301887e-03 0.
    1.8867924528301887e-03 1.8867924528301887e-03 0. 0. 0.
    1.8867924528301887e-03</data></cellphone>
</opencv_storage>
