<?xml version="1.0"?>
<opencv_storage>
<chair type_id="opencv-matrix">
  <rows>20</rows>
  <cols>20</cols>
  <dt>d</dt>
  <data>
    5.1281608550388070e-04 5.5252911569441689e-04 4.8346297623261475e-04
    5.2144935293660594e-04 6.3713513653512440e-04 6.6476159231984534e-04
    5.7324895753295749e-04 5.2835596688278618e-04 3.3324412290319517e-04
    2.6072467646830297e-03 2.8852379760167832e-03 4.6274313439407410e-04
    7.4764095967400784e-04 1.2224706684738974e-03 1.2656370056375237e-03
    1.1965708661757215e-03 1.0584385872521172e-03 7.2001450388928701e-04
    9.3066622924778343e-04 9.4965941759977903e-04 4.3166337163626320e-04
    6.5440167140057499e-04 5.6116238312714213e-04 6.7166820626602547e-04
    6.5094836442748487e-04 1.1154181523081040e-03 7.5972753407982320e-04
    5.4734915523478166e-04 3.7295715309373136e-04 3.3721542592224881e-03
    3.4809334288748261e-03 5.1626939247697071e-04 1.0774317756041128e-03
    1.5988811285407188e-03 2.1341437093696852e-03 1.2345572428797127e-03
    1.2673636591240688e-03 1.1568578359851852e-03 1.2190173615008071e-03
    9.5483937805941415e-04 4.5583652044789392e-04 6.1986860166967392e-04
    6.8375478067184082e-04 6.0950868075040356e-04 7.8044737591836380e-04
    7.5627422710673308e-04 9.4965941759977903e-04 7.6490749453945832e-04
    4.5238321347480380e-04 3.2081221780007078e-03 3.7192116100180435e-03
    5.4734915523478166e-04 1.5056418402672859e-03 2.6486864483601107e-03
    1.9165853700650085e-03 1.2518237777451632e-03 1.3899560566687675e-03
    1.2241973219604425e-03 1.0066389826557658e-03 8.5987343629943629e-04
    4.9554955063843011e-04 7.0965458297001665e-04 7.1656119691619689e-04
    7.3037442480855725e-04 9.8937244779031511e-04 9.7037925943831962e-04
    9.4447945714014379e-04 8.9785981300342737e-04 4.1612349025735773e-04
    4.3149070628760869e-03 4.6636910671581872e-03 6.9238804810456617e-04
    2.0875240652329687e-03 2.6987593994699174e-03 1.9770182420940853e-03
    1.7819063981144945e-03 1.7439200214105033e-03 1.2811768870164290e-03
    1.2777235800433390e-03 1.1309580336870096e-03 5.3871588780205642e-04
    6.3713513653512440e-04 5.9569545285804320e-04 8.0289387124344951e-04
    1.0567119337655724e-03 9.2721292227469331e-04 8.5814678281289118e-04
    1.0463520128463019e-03 4.1267018328426761e-04 4.3822465488513439e-03
    4.9416822784919406e-03 9.2893957576123832e-04 2.8817846690436929e-03
    2.4121349207034386e-03 2.3137156719703704e-03 2.4345814160285245e-03
    1.7888130120606745e-03 1.3657829078571368e-03 1.3640562543705916e-03
    1.2276506289335325e-03 6.6476159231984534e-04 1.1050582313888338e-03
    9.7901252687104486e-04 8.1843375262235498e-04 1.0290854779808514e-03
    1.3174366102338753e-03 1.0618918942252075e-03 8.2016040610889999e-04
    4.5065655998825874e-04 6.8617209555300396e-03 7.6749747476927595e-03
    1.1516778755255501e-03 2.3586086626205421e-03 3.7019450751525928e-03
    4.9554955063843015e-03 3.1994889105679825e-03 2.7678255389317194e-03
    2.6020668042233946e-03 3.3013614662741409e-03 2.2135697697507574e-03
    7.5282092013364296e-04 1.0118189431154009e-03 1.1775776778237259e-03
    1.3191632637204202e-03 1.2483704707720732e-03 1.5798879401887232e-03
    2.4052283067572586e-03 1.2431905103124378e-03 5.4216919477514654e-04
    1.1817216461914340e-02 1.4077405875801814e-02 1.9632050142017249e-03
    4.3632533604993484e-03 8.9596049416822785e-03 5.8153689426837379e-03
    4.8035499995683368e-03 5.5149312360248982e-03 5.1350674689849864e-03
    3.6812252333140523e-03 2.7747321528778998e-03 6.3368182956203439e-04
    8.1325379216271986e-04 8.6850670373216153e-04 1.0757051221175677e-03
    1.4693821170498399e-03 1.1516778755255501e-03 1.1603111429582755e-03
    1.7560065958163187e-03 5.6288903661368714e-04 8.0772850100577567e-03
    9.1788899344734994e-03 1.8872322607937427e-03 8.0323920194075860e-03
    5.2214001433122390e-03 3.8556172354551029e-03 4.7880101181894310e-03
    3.7779178285605752e-03 2.9888371852094860e-03 2.1237837884504149e-03
    1.6385941587312551e-03 4.1612349025735773e-04 5.5770907615405201e-04
    4.8864293669224988e-04 5.6288903661368714e-04 6.1986860166967392e-04
    5.1972269945006083e-04 3.8331707401300172e-04 6.4922171094093986e-04
    2.9525774619920404e-04 2.9180443922611392e-04 3.0389101363192928e-04
    6.7684816672566070e-04 1.5021885332941959e-03 9.5829268503250427e-04
    8.4433355492053081e-04 1.0912450034964733e-03 8.6160008978598129e-04
    8.5642012932634617e-04 6.4404175048130463e-04 5.3698923431551142e-04
    1.5867945541349034e-03 2.4363080695150694e-03 2.3292555533492762e-03
    2.4915609810845112e-03 2.8437982923397017e-03 2.6763129041448316e-03
    2.6504131018466560e-03 2.1790367000198564e-03 3.1770424152428970e-04
    3.5929932401515999e-02 6.4663173071112218e-02 7.3210107829510237e-04
    1.8751456863879273e-03 3.0233702549403874e-03 4.5531852440193043e-03
    6.0450138563942291e-03 5.9621344890400671e-03 5.6288903661368718e-03
    5.5546442662154343e-03 4.3563467465531679e-03 1.2949901149087895e-03
    2.0478110350424326e-03 1.7663665167355889e-03 2.0115513118249863e-03
    2.2532827999412939e-03 2.3672419300532674e-03 2.2843625626991046e-03
    1.7508266353566835e-03 2.4345814160285244e-04 3.7535720144002901e-02
    6.4958430817311424e-02 8.4088024794744070e-04 2.3016290975645553e-03
    3.9851162469459814e-03 6.8030147369875079e-03 9.2203296181505821e-03
    9.3325620947760091e-03 8.8560057324895761e-03 8.0790116635443016e-03
    6.2470323143200010e-03 4.2475675769008297e-04 5.4562250174823666e-04
    4.6446978788061916e-04 4.6792309485370928e-04 5.9051549239840808e-04
    4.8691628320570487e-04 4.3339002512280821e-04 5.4216919477514654e-04
    2.6590463692793809e-04 2.9007778573956886e-04 2.7108459738757327e-04
    8.8922654557070213e-04 1.3295231846396907e-03 8.6332674327252641e-04
    7.9771391078381439e-04 9.8937244779031511e-04 8.4951351538016594e-04
    8.1325379216271986e-04 7.1483454342965178e-04 6.6994155277948046e-04
    6.9584135507765629e-04 7.3555438526819248e-04 9.4793276411323391e-04
    1.1741243708506359e-03 1.5039151867807408e-03 1.1292313802004645e-03
    1.2293772824200776e-03 1.8060795469261252e-03 5.0763612504424547e-04
    7.5817354594193264e-03 9.8022118431162642e-03 2.0115513118249863e-03
    7.9426060381072427e-03 4.4392261139073307e-03 3.6052524799060699e-03
    4.4633992627189610e-03 3.2098488314872531e-03 2.5899802298175790e-03
    1.7352867539777779e-03 1.3519696799647763e-03 7.7181410848563856e-04
    1.0584385872521172e-03 1.2656370056375237e-03 1.3588762939109565e-03
    1.1879375987429962e-03 1.4814686914556552e-03 2.2256563441565729e-03
    1.2086574405815369e-03 5.3698923431551142e-04 1.1551311824986402e-02
    1.4241437957023595e-02 2.0219112327442565e-03 5.0280149528191933e-03
    9.2306895390698515e-03 5.2179468363391492e-03 5.1160742806329908e-03
    5.5511909592423445e-03 4.9589488133573913e-03 3.6881318472602328e-03
    2.5468138926539527e-03 6.3368182956203439e-04 1.0169989035750361e-03
    8.3224698051471546e-04 7.3900769224128260e-04 1.0946983104695633e-03
    1.2397372033393478e-03 9.5311272457286914e-04 8.1670709913580998e-04
    4.6792309485370928e-04 6.0484671633673198e-03 7.8303735614818140e-03
    1.1447712615793699e-03 2.5157341298961420e-03 4.1491483281677613e-03
    5.2835596688278613e-03 2.9594840759382202e-03 3.0164636409942070e-03
    2.9577574224516753e-03 3.6035258264195250e-03 2.2066631558045773e-03
    5.4216919477514654e-04 6.4922171094093986e-04 5.7497561101950260e-04
    8.5814678281289118e-04 9.2375961530160320e-04 8.9267985254379224e-04
    8.5814678281289118e-04 1.0066389826557658e-03 4.4202329255553350e-04
    4.3511667860935332e-03 5.3232726990183974e-03 9.7383256641140974e-04
    2.9007778573956885e-03 2.3275288998627309e-03 2.5399072787077727e-03
    2.5312740112750473e-03 1.6800338424083363e-03 1.4831953449422003e-03
    1.4901019588883806e-03 1.4124025519938531e-03 4.7828301577297958e-04
