<?xml version="1.0"?>
<opencv_storage>
<chandelier type_id="opencv-matrix">
  <rows>20</rows>
  <cols>20</cols>
  <dt>d</dt>
  <data>
    9.2671060412995892e-04 1.1096140128398194e-03 1.3534852244529664e-03
    1.1279043537108053e-03 1.3595820047432950e-03 1.5912596557757848e-03
    1.5241950725821693e-03 1.5790660951951275e-03 1.8107437462276171e-03
    3.0910676071966396e-03 2.7923253729705342e-03 2.1948409045183239e-03
    1.7558727236146592e-03 1.9997439352278062e-03 1.3534852244529664e-03
    1.1949689369044208e-03 1.2193560580657354e-03 1.1279043537108053e-03
    8.9622670267831557e-04 1.0120655281945605e-03 1.1827753763237634e-03
    1.1766785960334346e-03 1.4632272696788826e-03 1.4998079514208546e-03
    1.7375823827436730e-03 1.7253888221630156e-03 1.9021954505825474e-03
    1.9997439352278062e-03 1.9509696929051767e-03 3.9751007492942973e-03
    3.2008096524225559e-03 2.0424213972601067e-03 1.8900018900018900e-03
    2.0911956395827363e-03 1.7924534053566311e-03 1.5912596557757848e-03
    1.1340011340011339e-03 1.3290981032916516e-03 1.3595820047432950e-03
    1.2315496186463928e-03 1.2376463989367216e-03 1.2681303003883649e-03
    1.5607757543241415e-03 1.7924534053566311e-03 1.7741630644856452e-03
    2.1399698819053658e-03 2.3228732906152259e-03 2.1399698819053658e-03
    2.1094859804537225e-03 3.8287780223264095e-03 4.0726492339395563e-03
    2.1582602227763520e-03 2.1460666621956944e-03 2.1521634424860230e-03
    2.2253248059699673e-03 1.6400338980984142e-03 1.4266465879369105e-03
    1.4327433682272393e-03 1.2925174215496797e-03 1.2132592777754068e-03
    1.2132592777754068e-03 1.1583882551624487e-03 1.7497759433243304e-03
    1.7985501856469599e-03 1.9021954505825474e-03 2.1216795410343796e-03
    2.3167765103248973e-03 2.2619054877119392e-03 2.3838410935185131e-03
    3.7373263179714795e-03 4.0238749916169268e-03 2.2497119271312821e-03
    2.4204217752604850e-03 2.2497119271312821e-03 2.0180342760987924e-03
    1.7314856024533444e-03 1.6034532163564422e-03 1.4144530273562531e-03
    1.3290981032916516e-03 1.1827753763237634e-03 1.3778723456142812e-03
    1.3473884441626378e-03 1.7070984812920297e-03 1.9753568140664915e-03
    2.1826473439376663e-03 2.7862285926802057e-03 2.7740350320995481e-03
    2.7984221532608628e-03 2.1948409045183239e-03 4.3652946878753327e-03
    4.7067143841337386e-03 2.4813895781637717e-03 2.7557446912285623e-03
    2.6094219642606741e-03 2.3655507526475269e-03 2.3228732906152259e-03
    2.0119374958084634e-03 1.5790660951951275e-03 1.3047109821303371e-03
    1.1583882551624487e-03 1.3534852244529664e-03 1.7253888221630156e-03
    1.8107437462276171e-03 2.2314215862602959e-03 2.5118734796154151e-03
    3.8836490449393676e-03 3.5605196895519475e-03 3.9263265069716686e-03
    2.8654867364544786e-03 4.3957785893269765e-03 5.2981020722956207e-03
    3.0300998042933525e-03 3.0179062437126953e-03 3.1825193115515697e-03
    3.5788100304229337e-03 2.4691960175831145e-03 1.9082922308728760e-03
    1.9936471549374776e-03 1.5302918528724981e-03 1.3534852244529664e-03
    1.4083562470659245e-03 1.7558727236146592e-03 1.8778083294212326e-03
    2.2740990482925968e-03 2.8167124941318490e-03 3.9994878704556125e-03
    3.7251327573908219e-03 3.9690039690039687e-03 3.7861005602941086e-03
    4.8713274519726129e-03 4.7067143841337386e-03 3.6885520756488499e-03
    4.2189719609074449e-03 3.9202297266813400e-03 3.2069064327128844e-03
    2.4996799190347579e-03 2.1094859804537225e-03 2.0302278366794496e-03
    1.8595179885502466e-03 1.3230013230013230e-03 1.5059047317111834e-03
    1.6461306783887430e-03 1.7070984812920297e-03 2.2253248059699673e-03
    2.4326153358411422e-03 3.4507776443260313e-03 4.5786819980368366e-03
    4.6030691191981518e-03 3.7251327573908219e-03 4.1945848397461297e-03
    3.9446168478426543e-03 3.3898098414227446e-03 4.7311015052950538e-03
    4.2006816200364583e-03 3.4690679851970174e-03 2.6825833277446180e-03
    1.9875503746471486e-03 1.7863566250663025e-03 1.6156467769370996e-03
    1.6034532163564422e-03 1.3351948835819804e-03 1.5668725346144701e-03
    2.4326153358411422e-03 2.2314215862602959e-03 2.8106157138415204e-03
    3.5178422275196470e-03 4.0726492339395563e-03 5.0359405198114873e-03
    2.8167124941318490e-03 2.6520994262929747e-03 2.6825833277446180e-03
    3.3044549173581431e-03 4.2494558623590879e-03 4.4689399528109203e-03
    3.0727772663256534e-03 2.3777443132281841e-03 2.0850988592924077e-03
    1.8839051097115614e-03 1.6156467769370996e-03 1.4937111711305260e-03
    2.6338090854219885e-03 3.2434871144548564e-03 4.2006816200364583e-03
    4.3043268849720460e-03 5.0969083227147740e-03 5.4200376781021941e-03
    5.5907475262313971e-03 5.0664244212631311e-03 3.5056486669389894e-03
    4.0360685521975848e-03 3.8348748026167381e-03 3.2556806750355135e-03
    4.7128111644240680e-03 4.9201016942952425e-03 4.4567463922302632e-03
    3.8470683631973953e-03 3.2008096524225559e-03 3.2312935538741992e-03
    2.5972284036800165e-03 2.1704537833570092e-03 2.8106157138415204e-03
    2.9142609787771077e-03 3.4751647654873460e-03 3.9446168478426543e-03
    4.2616494229397459e-03 5.2432310496826626e-03 5.2554246102633198e-03
    4.8347467702306414e-03 3.7190359771004933e-03 3.9507136281329829e-03
    3.6397778333262204e-03 3.5544229092616189e-03 4.7798757476176833e-03
    5.2981020722956207e-03 5.4139408978118655e-03 4.4750367331012489e-03
    3.6641649544875352e-03 3.0910676071966396e-03 3.0300998042933525e-03
    2.4448088964217998e-03 1.4083562470659245e-03 1.6400338980984142e-03
    1.9265825717438621e-03 2.1216795410343796e-03 2.5850348430993594e-03
    3.5300357881003041e-03 4.3957785893269765e-03 4.4994238542625641e-03
    2.9325513196480938e-03 2.8593899561641495e-03 3.0910676071966396e-03
    3.1581321903902549e-03 4.2433590820687593e-03 4.0238749916169268e-03
    3.4568744246163603e-03 2.2923893891635826e-03 2.0972924198730649e-03
    2.0729052987117505e-03 1.8351308673889319e-03 1.5424854134531553e-03
    1.4449369288078964e-03 1.4937111711305260e-03 1.9204857914535333e-03
    2.0668085184214215e-03 2.3838410935185131e-03 3.5788100304229337e-03
    3.8470683631973953e-03 4.4994238542625641e-03 3.6824552953585213e-03
    3.9872943098749553e-03 4.2250687411977735e-03 3.5788100304229337e-03
    4.7798757476176833e-03 4.1214234762621859e-03 2.8654867364544786e-03
    2.3533571920668693e-03 1.9875503746471486e-03 1.8229373068082745e-03
    1.6461306783887430e-03 1.5059047317111834e-03 1.2559367398077075e-03
    2.2862926088732540e-03 1.7680662841953164e-03 2.1338731016150372e-03
    2.4996799190347579e-03 3.5483261289712903e-03 3.7373263179714795e-03
    4.0604556733588992e-03 4.1031331353912001e-03 5.1151986635857606e-03
    4.7493918461660395e-03 3.6092939318745770e-03 4.1641009382944868e-03
    3.7312295376811504e-03 3.1581321903902549e-03 2.5301638204864012e-03
    2.2009376848086525e-03 2.0119374958084634e-03 1.7985501856469599e-03
    1.3656787850336238e-03 1.2742270806786935e-03 1.4815176105498686e-03
    1.7558727236146592e-03 1.9753568140664915e-03 2.3960346540991702e-03
    3.6275842727455632e-03 3.3532291596807726e-03 3.2434871144548564e-03
    2.9874223422610520e-03 4.5481980965851937e-03 4.5360045360045356e-03
    2.9569384408094086e-03 3.2130032130032130e-03 3.3166484779388007e-03
    3.6275842727455632e-03 2.3472604117765407e-03 1.8960986702922186e-03
    1.7863566250663025e-03 1.4632272696788826e-03 1.3169045427109942e-03
    1.3290981032916516e-03 1.3595820047432950e-03 1.7741630644856452e-03
    1.6949049207113723e-03 2.3960346540991702e-03 2.6216155248413313e-03
    2.6216155248413313e-03 2.7252607897769190e-03 2.7496479109382337e-03
    4.6579401418111099e-03 4.4018753696173051e-03 2.6520994262929747e-03
    2.4874863584541003e-03 2.7496479109382337e-03 2.4570024570024569e-03
    2.2253248059699673e-03 1.6156467769370996e-03 1.4998079514208546e-03
    1.3717755653239524e-03 1.1583882551624487e-03 1.1157107931301479e-03
