<?xml version="1.0"?>
<opencv_storage>
<chessboard type_id="opencv-matrix">
  <rows>20</rows>
  <cols>20</cols>
  <dt>d</dt>
  <data>
    6.1996280223186606e-04 4.6497210167389957e-04 1.3949163050216986e-03
    9.2994420334779914e-04 1.7048977061376318e-03 1.2399256044637321e-03
    1.5499070055796653e-03 1.7048977061376318e-03 1.2399256044637321e-03
    3.2548047117172971e-03 4.9597024178549285e-03 2.3248605083694977e-03
    1.5499070055796653e-03 1.0849349039057656e-03 6.1996280223186606e-04
    3.0998140111593303e-04 7.7495350278983265e-04 4.6497210167389957e-04
    1.0849349039057656e-03 6.1996280223186606e-04 7.7495350278983265e-04
    7.7495350278983265e-04 1.3949163050216986e-03 9.2994420334779914e-04
    7.7495350278983265e-04 1.8598884066955983e-03 2.1698698078115313e-03
    1.8598884066955983e-03 1.3019218846869188e-02 2.9448233106013641e-03
    4.6497210167389955e-03 1.8598884066955983e-03 1.8598884066955983e-03
    9.2994420334779914e-04 1.7048977061376318e-03 2.0148791072535648e-03
    3.0998140111593303e-04 1.0849349039057656e-03 6.1996280223186606e-04
    1.0849349039057656e-03 7.7495350278983265e-04 6.1996280223186606e-04
    1.7048977061376318e-03 1.8598884066955983e-03 9.2994420334779914e-04
    1.5499070055796653e-03 9.2994420334779914e-04 1.0849349039057656e-03
    1.8598884066955983e-03 4.8047117172969620e-03 7.4395536267823931e-03
    2.1698698078115313e-03 2.6348419094854307e-03 1.5499070055796653e-03
    1.8598884066955983e-03 1.0849349039057656e-03 4.6497210167389957e-04
    3.0998140111593303e-04 4.6497210167389957e-04 7.7495350278983265e-04
    7.7495350278983265e-04 7.7495350278983265e-04 1.0849349039057656e-03
    9.2994420334779914e-04 1.3949163050216986e-03 2.3248605083694977e-03
    2.9448233106013641e-03 4.0297582145071295e-03 3.4097954122752636e-03
    5.4246745195288279e-03 6.3546187228766277e-03 4.0297582145071295e-03
    2.1698698078115313e-03 2.6348419094854307e-03 1.3949163050216986e-03
    1.7048977061376318e-03 7.7495350278983265e-04 1.2399256044637321e-03
    7.7495350278983265e-04 6.1996280223186606e-04 9.2994420334779914e-04
    1.0849349039057656e-03 1.3949163050216986e-03 7.7495350278983265e-04
    2.3248605083694977e-03 2.1698698078115313e-03 2.9448233106013641e-03
    3.4097954122752636e-03 4.4947303161810290e-03 7.1295722256664602e-03
    9.1444513329200245e-03 3.2548047117172971e-03 8.0595164290142591e-03
    1.5499070055796653e-03 2.9448233106013641e-03 1.0849349039057656e-03
    9.2994420334779914e-04 9.2994420334779914e-04 1.0849349039057656e-03
    6.1996280223186606e-04 6.1996280223186606e-04 1.5499070055796653e-03
    1.7048977061376318e-03 1.8598884066955983e-03 2.4798512089274642e-03
    2.6348419094854307e-03 2.6348419094854307e-03 3.5647861128332301e-03
    2.9448233106013641e-03 7.1295722256664602e-03 1.0074395536267823e-02
    1.8598884066955983e-03 2.3248605083694977e-03 3.4097954122752636e-03
    2.7898326100433972e-03 2.4798512089274642e-03 1.7048977061376318e-03
    2.0148791072535648e-03 7.7495350278983265e-04 3.0998140111593303e-04
    1.3949163050216986e-03 1.5499070055796653e-03 1.2399256044637321e-03
    1.7048977061376318e-03 2.6348419094854307e-03 2.9448233106013641e-03
    2.9448233106013641e-03 4.1847489150650960e-03 3.2548047117172971e-03
    5.2696838189708614e-03 9.9194048357098569e-03 2.1698698078115313e-03
    2.1698698078115313e-03 3.0998140111593306e-03 2.1698698078115313e-03
    1.5499070055796653e-03 3.5647861128332301e-03 9.2994420334779914e-04
    1.0849349039057656e-03 6.1996280223186606e-04 9.2994420334779914e-04
    1.3949163050216986e-03 2.0148791072535648e-03 2.1698698078115313e-03
    1.5499070055796653e-03 2.7898326100433972e-03 3.0998140111593306e-03
    2.1698698078115313e-03 2.4798512089274642e-03 3.2548047117172971e-03
    4.8047117172969620e-03 9.2994420334779914e-04 1.5499070055796653e-03
    1.7048977061376318e-03 2.3248605083694977e-03 7.7495350278983265e-04
    2.0148791072535648e-03 2.1698698078115313e-03 2.7898326100433972e-03
    1.2399256044637321e-03 3.0998140111593306e-03 2.0148791072535648e-03
    1.8598884066955983e-03 8.5244885306881586e-03 2.9448233106013641e-03
    3.8747675139491631e-03 2.9448233106013641e-03 2.3248605083694977e-03
    1.8598884066955983e-03 1.0849349039057656e-03 1.7048977061376318e-03
    7.7495350278983265e-04 2.0148791072535648e-03 2.4798512089274642e-03
    2.6348419094854307e-03 3.5647861128332301e-03 1.5499070055796653e-03
    1.3949163050216986e-03 2.0148791072535648e-03 1.8598884066955983e-03
    1.8598884066955983e-03 4.1847489150650960e-03 5.4246745195288279e-03
    5.5796652200867944e-03 8.2145071295722256e-03 1.0694358338499689e-02
    8.6794792312461250e-03 5.2696838189708614e-03 2.3248605083694977e-03
    7.7495350278983265e-04 6.1996280223186606e-04 1.3949163050216986e-03
    4.3397396156230625e-03 6.6646001239925607e-03 7.1295722256664602e-03
    7.9045257284562926e-03 4.9597024178549285e-03 3.8747675139491631e-03
    2.3248605083694977e-03 2.6348419094854307e-03 2.4798512089274642e-03
    3.8747675139491631e-03 5.4246745195288279e-03 1.8908865468071915e-02
    1.2089274643521390e-02 8.0595164290142591e-03 7.4395536267823931e-03
    6.5096094234345942e-03 1.3949163050216986e-03 6.1996280223186606e-04
    6.1996280223186606e-04 1.7048977061376318e-03 4.3397396156230625e-03
    8.2145071295722256e-03 9.4544327340359575e-03 7.7495350278983261e-03
    5.4246745195288279e-03 4.3397396156230625e-03 2.7898326100433972e-03
    1.8598884066955983e-03 1.2399256044637321e-03 3.2548047117172971e-03
    2.4798512089274642e-03 2.4798512089274642e-03 2.7898326100433972e-03
    1.8598884066955983e-03 3.4097954122752636e-03 3.2548047117172971e-03
    9.2994420334779914e-04 1.5499070055796653e-03 1.8598884066955983e-03
    7.7495350278983265e-04 2.9448233106013641e-03 3.4097954122752636e-03
    4.0297582145071295e-03 3.2548047117172971e-03 2.1698698078115313e-03
    2.0148791072535648e-03 1.0849349039057656e-03 2.0148791072535648e-03
    9.2994420334779914e-04 2.9448233106013641e-03 2.3248605083694977e-03
    1.5499070055796653e-03 3.4097954122752636e-03 2.3248605083694977e-03
    2.0148791072535648e-03 2.3248605083694977e-03 2.3248605083694977e-03
    3.4097954122752636e-03 3.2548047117172971e-03 1.3949163050216986e-03
    1.5499070055796653e-03 1.3949163050216986e-03 2.0148791072535648e-03
    2.3248605083694977e-03 2.3248605083694977e-03 2.1698698078115313e-03
    1.0849349039057656e-03 2.3248605083694977e-03 1.0849349039057656e-03
    1.2399256044637321e-03 1.5499070055796653e-03 2.0148791072535648e-03
    3.5647861128332301e-03 3.0998140111593306e-03 4.1847489150650960e-03
    3.7197768133911966e-03 2.4798512089274642e-03 6.9745815251084937e-03
    8.9894606323620580e-03 2.1698698078115313e-03 3.0998140111593306e-03
    3.2548047117172971e-03 2.1698698078115313e-03 1.8598884066955983e-03
    1.0849349039057656e-03 1.3949163050216986e-03 1.8598884066955983e-03
    6.1996280223186606e-04 1.7048977061376318e-03 1.2399256044637321e-03
    1.7048977061376318e-03 2.4798512089274642e-03 1.8598884066955983e-03
    2.0148791072535648e-03 2.1698698078115313e-03 2.1698698078115313e-03
    2.3248605083694977e-03 1.0074395536267823e-02 7.5945443273403596e-03
    4.1847489150650960e-03 3.0998140111593306e-03 3.0998140111593306e-03
    2.3248605083694977e-03 2.3248605083694977e-03 1.5499070055796653e-03
    1.7048977061376318e-03 1.5499070055796651e-04 1.0849349039057656e-03
    1.5499070055796651e-04 1.7048977061376318e-03 1.5499070055796653e-03
    1.5499070055796653e-03 1.8598884066955983e-03 4.1847489150650960e-03
    2.7898326100433972e-03 1.2399256044637321e-03 2.9448233106013641e-03
    7.4395536267823931e-03 1.1314321140731555e-02 2.3248605083694977e-03
    3.2548047117172971e-03 2.4798512089274642e-03 1.8598884066955983e-03
    1.0849349039057656e-03 1.2399256044637321e-03 1.2399256044637321e-03
    6.1996280223186606e-04 6.1996280223186606e-04 9.2994420334779914e-04
