<?xml version="1.0"?>
<opencv_storage>
<clock type_id="opencv-matrix">
  <rows>20</rows>
  <cols>20</cols>
  <dt>d</dt>
  <data>
    2.8822596915982132e-04 6.4850843060959790e-04 6.4850843060959790e-04
    3.6028246144977663e-04 4.3233895373973193e-04 5.0439544602968729e-04
    7.2056492289955326e-04 7.2056492289955326e-04 5.7645193831964265e-04
    4.3233895373973193e-04 7.9262141518950861e-04 1.4411298457991065e-03
    2.6660902147283469e-03 2.0896382764087045e-03 5.6924628909064707e-03
    7.2777057212854877e-03 2.5940337224383916e-03 2.4499207378584809e-03
    2.1616947686986599e-03 2.8102031993082577e-03 1.4411298457991066e-04
    5.7645193831964265e-04 7.2056492289955326e-04 3.6028246144977663e-04
    8.6467790747946386e-04 7.2056492289955326e-04 7.2056492289955326e-04
    6.4850843060959790e-04 2.1616947686986597e-04 3.6028246144977663e-04
    3.6028246144977663e-04 2.6660902147283469e-03 3.7469375990776769e-03
    3.0263726761781237e-03 2.9543161838881684e-03 5.4762934140366046e-03
    3.0984291684680791e-03 3.0984291684680791e-03 2.6660902147283469e-03
    2.4499207378584809e-03 5.7645193831964265e-04 5.0439544602968729e-04
    1.4411298457991066e-04 6.4850843060959790e-04 6.4850843060959790e-04
    5.7645193831964265e-04 7.2056492289955326e-04 1.1529038766392853e-03
    3.6028246144977663e-04 5.0439544602968729e-04 1.0808473843493299e-03
    2.0896382764087045e-03 5.5483499063265600e-03 3.9631070759475430e-03
    4.8998414757169617e-03 4.3954460296872751e-03 3.8910505836575876e-03
    2.9543161838881684e-03 3.8910505836575876e-03 4.7557284911370510e-03
    5.7645193831964265e-04 9.3673439976941922e-04 8.6467790747946386e-04
    5.0439544602968729e-04 1.0087908920593746e-03 1.1529038766392853e-03
    5.7645193831964265e-04 6.4850843060959790e-04 1.4411298457991066e-04
    2.8822596915982132e-04 6.4850843060959790e-04 2.2337512609886152e-03
    5.1160109525868278e-03 4.6116155065571412e-03 5.6204063986165153e-03
    6.0527453523562475e-03 3.3866551376279001e-03 3.4587116299178555e-03
    3.3145986453379447e-03 3.2425421530479898e-03 2.1616947686986597e-04
    7.2056492289955326e-04 1.0808473843493299e-03 8.6467790747946386e-04
    7.9262141518950861e-04 1.0087908920593746e-03 7.9262141518950861e-04
    8.6467790747946386e-04 3.6028246144977663e-04 6.4850843060959790e-04
    2.2337512609886152e-03 2.3778642455685255e-03 5.1880674448767832e-03
    5.2601239371667385e-03 5.4042369217466493e-03 7.9982706441850404e-03
    3.9631070759475430e-03 3.9631070759475430e-03 4.1072200605274537e-03
    4.5395590142671858e-03 5.7645193831964265e-04 1.0087908920593746e-03
    8.6467790747946386e-04 1.0087908920593746e-03 1.5131863380890619e-03
    7.9262141518950861e-04 1.1529038766392853e-03 1.2970168612191958e-03
    1.0087908920593746e-03 3.6028246144977663e-04 1.0087908920593746e-03
    2.6660902147283469e-03 3.9631070759475430e-03 5.8365758754863814e-03
    5.0439544602968725e-03 6.2689148292261136e-03 5.0439544602968725e-03
    3.3145986453379447e-03 4.3233895373973198e-03 4.5395590142671858e-03
    4.3233895373973193e-04 3.6028246144977663e-04 1.0087908920593746e-03
    7.9262141518950861e-04 1.0808473843493299e-03 9.3673439976941922e-04
    7.2056492289955326e-04 1.0087908920593746e-03 9.3673439976941922e-04
    5.0439544602968729e-04 1.5852428303790172e-03 4.3233895373973198e-03
    4.7557284911370510e-03 5.6924628909064707e-03 5.2601239371667385e-03
    6.5571407983859350e-03 4.8998414757169617e-03 5.2601239371667385e-03
    4.6836719988470965e-03 5.9086323677763368e-03 7.2056492289955326e-04
    7.2056492289955326e-04 1.0808473843493299e-03 5.7645193831964265e-04
    9.3673439976941922e-04 6.4850843060959790e-04 9.3673439976941922e-04
    5.7645193831964265e-04 5.0439544602968729e-04 6.4850843060959790e-04
    6.5571407983859350e-03 3.8910505836575876e-03 4.4675025219772305e-03
    3.8910505836575876e-03 6.4850843060959796e-03 6.9894797521256663e-03
    4.4675025219772305e-03 4.1072200605274537e-03 3.1704856607580345e-03
    5.9806888600662921e-03 5.0439544602968729e-04 7.9262141518950861e-04
    7.9262141518950861e-04 7.2056492289955326e-04 1.0808473843493299e-03
    1.0087908920593746e-03 1.0087908920593746e-03 1.0087908920593746e-03
    1.0087908920593746e-03 7.2056492289955331e-05 5.7645193831964265e-04
    3.6748811067877215e-03 4.3954460296872751e-03 5.2601239371667385e-03
    6.9174232598357109e-03 7.4938751981553538e-03 5.5483499063265600e-03
    5.1880674448767832e-03 4.7557284911370510e-03 5.0439544602968725e-03
    8.6467790747946386e-04 3.6028246144977663e-04 9.3673439976941922e-04
    5.0439544602968729e-04 1.0087908920593746e-03 1.5852428303790172e-03
    1.2249603689292404e-03 7.2056492289955326e-04 2.8822596915982132e-04
    1.4411298457991066e-04 7.2056492289955331e-05 4.3233895373973198e-03
    8.5747225825046833e-03 9.5114569822741021e-03 1.0087908920593745e-02
    1.4627467934860932e-02 6.7733102752558002e-03 4.6116155065571412e-03
    4.8998414757169617e-03 5.6924628909064707e-03 1.3690733535091512e-03
    5.7645193831964265e-04 5.7645193831964265e-04 5.0439544602968729e-04
    6.4850843060959790e-04 9.3673439976941922e-04 1.4411298457991065e-03
    1.8014123072488831e-03 3.6028246144977663e-04 1.4411298457991066e-04
    3.6028246144977663e-04 3.5307681222078108e-03 7.9262141518950859e-03
    8.6467790747946395e-03 9.9437959360138342e-03 1.2753999135322092e-02
    6.1248018446462028e-03 5.4762934140366046e-03 5.1160109525868278e-03
    7.9262141518950859e-03 6.4850843060959790e-04 7.2056492289955326e-04
    7.2056492289955326e-04 2.8822596915982132e-04 9.3673439976941922e-04
    1.0087908920593746e-03 8.6467790747946386e-04 5.7645193831964265e-04
    5.7645193831964265e-04 2.1616947686986597e-04 5.0439544602968729e-04
    2.8102031993082577e-03 5.0439544602968725e-03 5.9806888600662921e-03
    7.3497622135754431e-03 6.7733102752558002e-03 5.0439544602968725e-03
    3.8910505836575876e-03 4.1072200605274537e-03 5.1880674448767832e-03
    7.2056492289955326e-04 6.4850843060959790e-04 7.2056492289955326e-04
    4.3233895373973193e-04 5.0439544602968729e-04 1.1529038766392853e-03
    1.5131863380890619e-03 1.0087908920593746e-03 7.2056492289955326e-04
    1.1529038766392853e-03 1.2970168612191958e-03 3.6028246144977662e-03
    4.5395590142671858e-03 5.1160109525868278e-03 5.6924628909064707e-03
    5.7645193831964260e-03 3.8910505836575876e-03 3.6028246144977662e-03
    3.6028246144977662e-03 3.3145986453379447e-03 2.1616947686986597e-04
    7.9262141518950861e-04 7.9262141518950861e-04 7.9262141518950861e-04
    1.1529038766392853e-03 8.6467790747946386e-04 7.2056492289955326e-04
    8.6467790747946386e-04 1.0808473843493299e-03 5.9086323677763368e-03
    1.4411298457991065e-03 3.9631070759475430e-03 5.4042369217466493e-03
    4.7557284911370510e-03 5.6924628909064707e-03 4.5395590142671858e-03
    5.1880674448767832e-03 4.1792765528174090e-03 4.1072200605274537e-03
    4.1072200605274537e-03 3.6028246144977663e-04 2.8822596915982132e-04
    7.9262141518950861e-04 3.6028246144977663e-04 9.3673439976941922e-04
    7.2056492289955326e-04 8.6467790747946386e-04 1.1529038766392853e-03
    4.3233895373973193e-04 7.2056492289955326e-04 1.2249603689292404e-03
    3.1704856607580345e-03 4.3233895373973198e-03 3.8910505836575876e-03
    5.2601239371667385e-03 7.6379881827352645e-03 5.7645193831964260e-03
    3.2425421530479898e-03 3.8910505836575876e-03 5.0439544602968725e-03
    4.3233895373973193e-04 2.8822596915982132e-04 8.6467790747946386e-04
    6.4850843060959790e-04 5.7645193831964265e-04 7.2056492289955326e-04
    1.1529038766392853e-03 6.4850843060959790e-04 5.0439544602968729e-04
    2.8822596915982132e-04 1.0808473843493299e-03 1.9455252918287938e-03
    4.5395590142671858e-03 4.7557284911370510e-03 7.2056492289955323e-03
    7.6379881827352645e-03 3.7469375990776769e-03 4.1072200605274537e-03
    4.3233895373973198e-03 4.6116155065571412e-03 1.4411298457991066e-04
