<?xml version="1.0"?>
<opencv_storage>
<coffee_machine type_id="opencv-matrix">
  <rows>20</rows>
  <cols>20</cols>
  <dt>d</dt>
  <data>
    9.0477267586518888e-04 2.2619316896629722e-04 2.2619316896629722e-04
    2.2619316896629722e-04 1.8095453517303778e-03 6.7857950689889169e-04
    9.0477267586518888e-04 6.7857950689889169e-04 9.0477267586518888e-04
    1.3571590137977834e-03 1.3571590137977834e-03 1.1309658448314861e-03
    3.1667043655281609e-03 2.4881248586292692e-03 3.3928975344944584e-03
    2.0357385206966751e-03 3.3928975344944584e-03 4.5238633793259443e-03
    4.7500565482922414e-03 2.9405111965618638e-03 2.2619316896629722e-04
    4.5238633793259444e-04 2.0357385206966751e-03 2.2619316896629722e-04
    2.2619316896629722e-04 1.1309658448314861e-03 4.5238633793259444e-04
    2.0357385206966751e-03 2.2619316896629722e-04 1.8095453517303778e-03
    1.1309658448314861e-03 2.0357385206966751e-03 3.3928975344944584e-03
    4.0714770413933501e-03 4.2976702103596472e-03 4.2976702103596472e-03
    3.6190907034607555e-03 5.4286360551911335e-03 5.4286360551911335e-03
    4.0714770413933501e-03 4.5238633793259444e-04 9.0477267586518888e-04
    6.7857950689889169e-04 1.1309658448314861e-03 1.3571590137977834e-03
    1.3571590137977834e-03 1.3571590137977834e-03 4.5238633793259444e-04
    1.1309658448314861e-03 2.2619316896629721e-03 1.5833521827640805e-03
    1.3571590137977834e-03 3.6190907034607555e-03 4.7500565482922414e-03
    4.9762497172585385e-03 4.2976702103596472e-03 4.0714770413933501e-03
    5.2024428862248364e-03 4.9762497172585385e-03 2.9405111965618638e-03
    6.7857950689889169e-04 9.0477267586518888e-04 1.3571590137977834e-03
    4.5238633793259444e-04 1.8095453517303778e-03 6.7857950689889169e-04
    1.1309658448314861e-03 1.3571590137977834e-03 1.3571590137977834e-03
    1.8095453517303778e-03 2.7143180275955667e-03 2.0357385206966751e-03
    4.0714770413933501e-03 5.4286360551911335e-03 3.6190907034607555e-03
    4.2976702103596472e-03 4.5238633793259443e-03 4.9762497172585385e-03
    6.1072155620900247e-03 4.2976702103596472e-03 6.7857950689889169e-04
    1.3571590137977834e-03 6.7857950689889169e-04 4.5238633793259444e-04
    6.7857950689889169e-04 1.1309658448314861e-03 4.5238633793259444e-04
    6.7857950689889169e-04 9.0477267586518888e-04 2.0357385206966751e-03
    1.3571590137977834e-03 1.5833521827640805e-03 3.8452838724270526e-03
    2.7143180275955667e-03 3.1667043655281609e-03 2.7143180275955667e-03
    4.0714770413933501e-03 5.4286360551911335e-03 5.2024428862248364e-03
    4.9762497172585385e-03 1.1309658448314861e-03 6.7857950689889169e-04
    6.7857950689889169e-04 9.0477267586518888e-04 9.0477267586518888e-04
    9.0477267586518888e-04 1.1309658448314861e-03 2.2619316896629722e-04
    4.5238633793259444e-04 9.0477267586518888e-04 9.0477267586518888e-04
    1.3571590137977834e-03 2.2619316896629721e-03 5.6548292241574306e-03
    3.8452838724270526e-03 4.2976702103596472e-03 3.3928975344944584e-03
    5.2024428862248364e-03 4.7500565482922414e-03 4.7500565482922414e-03
    2.2619316896629722e-04 2.2619316896629722e-04 6.7857950689889169e-04
    1.5833521827640805e-03 9.0477267586518888e-04 1.5833521827640805e-03
    2.0357385206966751e-03 4.5238633793259444e-04 1.1309658448314861e-03
    1.1309658448314861e-03 1.5833521827640805e-03 2.0357385206966751e-03
    4.7500565482922414e-03 4.9762497172585385e-03 5.8810223931237277e-03
    3.3928975344944584e-03 3.3928975344944584e-03 6.3334087310563218e-03
    7.2381814069215110e-03 6.1072155620900247e-03 9.0477267586518888e-04
    4.5238633793259444e-04 9.0477267586518888e-04 0.
    4.5238633793259444e-04 4.5238633793259444e-04 1.5833521827640805e-03
    6.7857950689889169e-04 0. 1.1309658448314861e-03
    1.5833521827640805e-03 1.3571590137977834e-03 4.0714770413933501e-03
    5.6548292241574306e-03 3.6190907034607555e-03 4.0714770413933501e-03
    5.2024428862248364e-03 5.4286360551911335e-03 5.2024428862248364e-03
    6.1072155620900247e-03 1.8095453517303778e-03 6.7857950689889169e-04
    6.7857950689889169e-04 6.7857950689889169e-04 4.5238633793259444e-04
    6.7857950689889169e-04 1.8095453517303778e-03 4.5238633793259444e-04
    0. 2.2619316896629722e-04 2.2619316896629722e-04
    1.1309658448314861e-03 2.7143180275955667e-03 3.6190907034607555e-03
    3.1667043655281609e-03 3.8452838724270526e-03 2.9405111965618638e-03
    6.3334087310563218e-03 5.6548292241574306e-03 4.9762497172585385e-03
    2.2619316896629722e-04 2.2619316896629722e-04 1.1309658448314861e-03
    1.3571590137977834e-03 9.0477267586518888e-04 1.1309658448314861e-03
    1.5833521827640805e-03 1.3571590137977834e-03 0.
    2.2619316896629722e-04 4.5238633793259444e-04 9.0477267586518888e-04
    4.2976702103596472e-03 6.7857950689889169e-03 7.0119882379552139e-03
    4.2976702103596472e-03 4.9762497172585385e-03 5.2024428862248364e-03
    7.6905677448541052e-03 9.5001130965844827e-03 9.0477267586518888e-04
    2.2619316896629722e-04 4.5238633793259444e-04 1.8095453517303778e-03
    4.5238633793259444e-04 1.3571590137977834e-03 2.4881248586292692e-03
    0. 0. 0. 0. 4.5238633793259444e-04 5.2024428862248364e-03
    6.5596019000226189e-03 3.6190907034607555e-03 3.3928975344944584e-03
    5.4286360551911335e-03 7.4643745758878081e-03 7.2381814069215110e-03
    5.4286360551911335e-03 4.5238633793259444e-04 4.5238633793259444e-04
    2.2619316896629722e-04 1.5833521827640805e-03 6.7857950689889169e-04
    2.2619316896629722e-04 9.0477267586518888e-04 6.7857950689889169e-04
    0. 4.5238633793259444e-04 0. 2.2619316896629722e-04
    2.7143180275955667e-03 5.2024428862248364e-03 4.9762497172585385e-03
    4.9762497172585385e-03 3.1667043655281609e-03 5.8810223931237277e-03
    9.0477267586518886e-03 5.8810223931237277e-03 9.0477267586518888e-04
    6.7857950689889169e-04 2.2619316896629722e-04 9.0477267586518888e-04
    6.7857950689889169e-04 6.7857950689889169e-04 1.5833521827640805e-03
    1.1309658448314861e-03 0. 6.7857950689889169e-04
    2.4881248586292692e-03 1.5833521827640805e-03 7.0119882379552139e-03
    4.5238633793259443e-03 6.5596019000226189e-03 4.5238633793259443e-03
    6.1072155620900247e-03 5.4286360551911335e-03 8.8215335896855915e-03
    6.7857950689889169e-03 9.0477267586518888e-04 1.1309658448314861e-03
    2.2619316896629722e-04 4.5238633793259444e-04 1.3571590137977834e-03
    4.5238633793259444e-04 2.0357385206966751e-03 1.1309658448314861e-03
    0. 2.0357385206966751e-03 1.5833521827640805e-03
    2.4881248586292692e-03 5.8810223931237277e-03 4.5238633793259443e-03
    4.9762497172585385e-03 6.3334087310563218e-03 4.9762497172585385e-03
    4.7500565482922414e-03 9.0477267586518886e-03 6.1072155620900247e-03
    2.2619316896629722e-04 4.5238633793259444e-04 2.2619316896629722e-04
    4.5238633793259444e-04 6.7857950689889169e-04 2.2619316896629722e-04
    9.0477267586518888e-04 6.7857950689889169e-04 0.
    6.7857950689889169e-04 2.9405111965618638e-03 2.2619316896629721e-03
    3.6190907034607555e-03 4.5238633793259443e-03 3.8452838724270526e-03
    4.2976702103596472e-03 4.9762497172585385e-03 3.6190907034607555e-03
    4.0714770413933501e-03 5.2024428862248364e-03 9.0477267586518888e-04
    9.0477267586518888e-04 9.0477267586518888e-04 4.5238633793259444e-04
    1.1309658448314861e-03 2.2619316896629722e-04 1.5833521827640805e-03
    4.5238633793259444e-04 1.1309658448314861e-03 4.5238633793259444e-04
    2.0357385206966751e-03 1.5833521827640805e-03 4.7500565482922414e-03
    6.1072155620900247e-03 4.2976702103596472e-03 2.0357385206966751e-03
    3.8452838724270526e-03 4.9762497172585385e-03 4.7500565482922414e-03
    4.7500565482922414e-03 9.0477267586518888e-04 6.7857950689889169e-04
    9.0477267586518888e-04 1.1309658448314861e-03 4.5238633793259444e-04
    1.1309658448314861e-03 6.7857950689889169e-04 4.5238633793259444e-04
    6.7857950689889169e-04 1.5833521827640805e-03 2.7143180275955667e-03
    1.1309658448314861e-03 3.6190907034607555e-03 4.9762497172585385e-03
