<?xml version="1.0"?>
<opencv_storage>
<coffee_table type_id="opencv-matrix">
  <rows>20</rows>
  <cols>20</cols>
  <dt>d</dt>
  <data>
    7.8708309192474608e-04 6.5590257660395510e-04 7.7615138231468023e-04
    7.8708309192474608e-04 1.0822392513965258e-03 1.0931709610065919e-03
    1.4101905396985035e-03 1.5085759261890966e-03 1.6069613126796899e-03
    3.7495763962526098e-03 3.9791422980639942e-03 1.8693223433212721e-03
    1.6178930222897560e-03 1.7928003760508105e-03 1.0822392513965258e-03
    1.1150343802267236e-03 9.8385386490593271e-04 6.7776599582408691e-04
    9.5105873607573494e-04 8.0894651114487800e-04 6.1217573816369137e-04
    7.9801480153481204e-04 9.4012702646566898e-04 1.0713075417864600e-03
    1.0603758321763941e-03 1.3008734435978444e-03 1.4429856685287013e-03
    1.8474589241011402e-03 3.9572788788438621e-03 5.2909474512719042e-03
    5.7063524164544096e-03 2.1863419220131837e-03 1.8365272144910743e-03
    1.8365272144910743e-03 1.4320539589186352e-03 9.4012702646566898e-04
    9.0733189763547121e-04 8.6360505919520758e-04 8.7453676880527343e-04
    5.1379035167309817e-04 7.6521967270461427e-04 9.7292215529586675e-04
    9.0733189763547121e-04 1.0385124129562622e-03 1.1041026706166577e-03
    1.6069613126796899e-03 1.9021174721514699e-03 2.4705663718748976e-03
    2.4377712430446999e-03 7.3242454387441652e-03 7.2695868906938353e-03
    2.3503175661641726e-03 2.3940444046044360e-03 2.5798834679755566e-03
    1.9021174721514699e-03 1.0166489937361305e-03 8.1987822075494385e-04
    9.6199044568580079e-04 1.9458443105917335e-03 8.4174163997507566e-04
    9.9478557451599856e-04 2.0770248259125244e-03 1.1696929282770533e-03
    1.2243514763273827e-03 1.1587612186669874e-03 1.6288247318998219e-03
    2.3612492757742382e-03 2.2300687604534472e-03 2.2628638892836449e-03
    6.5918208948697486e-03 7.9364211769078572e-03 2.4596346622648316e-03
    2.3284541469440405e-03 3.4106933983405665e-03 2.1098199547427221e-03
    1.2462148955475147e-03 9.6199044568580079e-04 9.5105873607573494e-04
    2.2737955988937110e-03 7.8708309192474608e-04 6.9962941504421873e-04
    1.2134197667173169e-03 1.4429856685287013e-03 1.1915563474971852e-03
    1.3992588300884375e-03 1.9021174721514699e-03 2.3831126949943704e-03
    1.8583906337112060e-03 1.8583906337112060e-03 6.7995233774610008e-03
    7.9364211769078572e-03 1.9786394394219311e-03 2.5033615007050954e-03
    3.0499469812083910e-03 2.2191370508433815e-03 1.1696929282770533e-03
    1.0931709610065919e-03 1.2024880571072510e-03 1.0931709610065919e-03
    7.9801480153481204e-04 9.0733189763547121e-04 1.3555319916481738e-03
    1.2680783147676466e-03 1.9895711490319971e-03 1.9567760202017993e-03
    1.8911857625414038e-03 2.5689517583654909e-03 1.9239808913716016e-03
    2.4268395334346338e-03 6.0015085759261887e-03 6.5480940564294852e-03
    2.3065907277239088e-03 2.2191370508433815e-03 2.4377712430446999e-03
    1.9677077298118654e-03 1.8693223433212721e-03 1.7272101183904152e-03
    1.1368977994468555e-03 1.1806246378871191e-03 9.8385386490593271e-04
    1.3008734435978444e-03 1.5741661838494922e-03 1.9349126009816674e-03
    2.6236103064158204e-03 2.0879565355225904e-03 2.7657225313466771e-03
    2.8094493697869410e-03 2.8203810793970070e-03 2.4924297910950293e-03
    5.4002645473725632e-03 5.4111962569826297e-03 2.4705663718748976e-03
    2.2737955988937110e-03 2.9734250139379298e-03 2.7766542409567432e-03
    2.1863419220131837e-03 2.2956590181138427e-03 1.5085759261890966e-03
    1.3773954108683057e-03 1.1587612186669874e-03 1.8037320856608766e-03
    1.6834832799501513e-03 2.2519321796735793e-03 2.4049761142145021e-03
    3.1592640773090504e-03 4.0119374268941920e-03 4.9083376149195975e-03
    3.2029909157493142e-03 2.1863419220131837e-03 3.4325568175606982e-03
    2.2519321796735793e-03 1.9786394394219311e-03 2.5470883391453588e-03
    3.4872153656110281e-03 3.2685811734097093e-03 2.5689517583654909e-03
    2.2300687604534472e-03 2.0551614066923927e-03 1.7928003760508105e-03
    1.3008734435978444e-03 2.0660931163024587e-03 2.0770248259125244e-03
    2.1644785027930516e-03 2.7657225313466771e-03 3.2029909157493142e-03
    3.3232397214600392e-03 4.3508204248062354e-03 3.6293275905418848e-03
    1.4320539589186352e-03 9.5105873607573494e-04 6.0124402855362552e-04
    1.7381418280004810e-03 3.5965324617116871e-03 4.4382741016867630e-03
    2.4596346622648316e-03 1.9677077298118654e-03 2.3940444046044360e-03
    2.3721809853843043e-03 1.8146637952709424e-03 1.2680783147676466e-03
    3.6402593001519509e-03 5.8047378029450029e-03 8.1331919498890438e-03
    1.0035309422040513e-02 1.2516807503525476e-02 9.2810214589459650e-03
    7.0946795369327808e-03 3.3232397214600392e-03 1.1368977994468555e-03
    1.7490735376105468e-04 3.4981470752210936e-04 1.6288247318998219e-03
    3.9135520404035987e-03 5.7938060933349364e-03 7.1493380849831107e-03
    8.3408944324802961e-03 7.3351771483542308e-03 6.9853624408321218e-03
    5.1706986455611796e-03 3.1592640773090504e-03 3.0499469812083910e-03
    4.6459765842780153e-03 7.4772893732850884e-03 9.8931971971096561e-03
    9.8822654874995905e-03 8.0894651114487796e-03 6.9962941504421875e-03
    4.2961618767559055e-03 1.8693223433212721e-03 3.0608786908184569e-04
    3.7167812674224123e-04 1.4867125069689649e-03 4.0884593941646532e-03
    7.6412650174360764e-03 8.1659870787192407e-03 1.0330465581512292e-02
    9.1717043628453052e-03 7.9254894672977898e-03 5.5861036107436842e-03
    3.6839861385922143e-03 1.3446002820381080e-03 2.1535467931829860e-03
    2.3503175661641726e-03 2.4377712430446999e-03 2.8422444986171387e-03
    2.8750396274473365e-03 4.4492058112968287e-03 3.8370300731331371e-03
    1.5523027646293605e-03 5.9031231894355956e-04 7.7615138231468023e-04
    1.4757807973588991e-03 3.2467177541895776e-03 3.8370300731331371e-03
    2.9952884331580615e-03 2.6345420160258865e-03 2.4924297910950293e-03
    2.4377712430446999e-03 2.1972736316232494e-03 2.6454737256359521e-03
    1.1478295090569213e-03 2.8313127890070727e-03 2.7766542409567432e-03
    2.2410004700635132e-03 2.6892005640762160e-03 3.8479617827432032e-03
    4.0228691365042576e-03 3.0280835619882593e-03 1.9677077298118654e-03
    2.0770248259125244e-03 2.0114345682521288e-03 2.0114345682521288e-03
    2.5470883391453588e-03 4.0775276845545876e-03 3.2467177541895776e-03
    2.5361566295352932e-03 2.1754102124031177e-03 1.9677077298118654e-03
    1.4211222493085694e-03 1.3883271204783716e-03 1.1041026706166577e-03
    1.5085759261890966e-03 1.5195076357991627e-03 2.1316833739628538e-03
    2.3065907277239088e-03 2.9843567235479955e-03 2.5908151775856226e-03
    2.6782688544661499e-03 2.4268395334346338e-03 6.1108256720268485e-03
    4.7662253899887408e-03 2.1644785027930516e-03 1.7928003760508105e-03
    2.3612492757742382e-03 2.5252249199252271e-03 2.1644785027930516e-03
    2.0332979874722610e-03 1.5632344742394263e-03 1.2024880571072510e-03
    1.0494441225663283e-03 9.8385386490593271e-04 1.2571466051575805e-03
    1.2899417339877783e-03 1.7709369568306788e-03 1.6069613126796899e-03
    2.3065907277239088e-03 2.4705663718748976e-03 1.9021174721514699e-03
    2.1207516643527882e-03 6.1326890912469798e-03 6.3403915738382329e-03
    2.2956590181138427e-03 2.1316833739628538e-03 2.5908151775856226e-03
    1.9677077298118654e-03 1.8474589241011402e-03 1.6834832799501513e-03
    1.2680783147676466e-03 1.1041026706166577e-03 8.9640018802540525e-04
    1.0057172841260644e-03 1.0385124129562622e-03 1.3446002820381080e-03
    1.2899417339877783e-03 1.2790100243777124e-03 1.8693223433212721e-03
    2.1972736316232494e-03 3.4653519463908960e-03 2.1535467931829860e-03
    7.9145577576877242e-03 7.6412650174360764e-03 1.9349126009816674e-03
    2.2082053412333155e-03 3.1046055292587209e-03 2.3503175661641726e-03
    1.2790100243777124e-03 1.1368977994468555e-03 1.0931709610065919e-03
    1.4757807973588991e-03 8.0894651114487800e-04 7.7615138231468023e-04
