<?xml version="1.0"?>
<opencv_storage>
<coffee_kettle type_id="opencv-matrix">
  <rows>20</rows>
  <cols>20</cols>
  <dt>d</dt>
  <data>
    1.7889087656529517e-03 2.6833631484794273e-03 4.4722719141323791e-03
    0. 8.9445438282647585e-04 1.7889087656529517e-03 0.
    1.7889087656529517e-03 1.7889087656529517e-03 2.6833631484794273e-03
    0. 8.9445438282647585e-04 2.6833631484794273e-03 0.
    1.7889087656529517e-03 0. 2.6833631484794273e-03
    1.7889087656529517e-03 8.9445438282647585e-04 0. 0.
    3.5778175313059034e-03 8.9445438282647585e-04 0. 0.
    2.6833631484794273e-03 1.7889087656529517e-03 2.6833631484794273e-03
    8.9445438282647585e-04 0. 2.6833631484794273e-03
    4.4722719141323791e-03 4.4722719141323791e-03 1.7889087656529517e-03
    8.9445438282647585e-04 8.9445438282647585e-04 1.7889087656529517e-03
    1.7889087656529517e-03 0. 3.5778175313059034e-03
    8.9445438282647585e-04 8.9445438282647585e-04 4.4722719141323791e-03
    1.7889087656529517e-03 1.7889087656529517e-03 0.
    2.6833631484794273e-03 8.9445438282647585e-04 0.
    8.9445438282647585e-04 8.9445438282647585e-04 1.7889087656529517e-03
    3.5778175313059034e-03 3.5778175313059034e-03 1.7889087656529517e-03
    5.3667262969588547e-03 0. 2.6833631484794273e-03
    3.5778175313059034e-03 2.6833631484794273e-03 2.6833631484794273e-03
    1.7889087656529517e-03 2.6833631484794273e-03 1.7889087656529517e-03
    1.7889087656529517e-03 8.9445438282647585e-04 2.6833631484794273e-03
    0. 4.4722719141323791e-03 2.6833631484794273e-03
    3.5778175313059034e-03 1.7889087656529517e-03 3.5778175313059034e-03
    1.7889087656529517e-03 8.9445438282647585e-04 1.7889087656529517e-03
    6.2611806797853312e-03 8.9445438282647585e-04 1.7889087656529517e-03
    4.4722719141323791e-03 8.9445438282647585e-04 2.6833631484794273e-03
    5.3667262969588547e-03 0. 8.9445438282647585e-04 0.
    1.7889087656529517e-03 8.9445438282647585e-04 3.5778175313059034e-03
    5.3667262969588547e-03 0. 8.9445438282647585e-04
    2.6833631484794273e-03 8.9445438282647585e-04 0.
    2.6833631484794273e-03 0. 1.7889087656529517e-03
    5.3667262969588547e-03 0. 1.7889087656529517e-03
    8.9445438282647585e-04 3.5778175313059034e-03 0.
    8.9445438282647585e-04 2.6833631484794273e-03 2.6833631484794273e-03
    3.5778175313059034e-03 2.6833631484794273e-03 0.
    1.7889087656529517e-03 2.6833631484794273e-03 2.6833631484794273e-03
    3.5778175313059034e-03 2.6833631484794273e-03 1.7889087656529517e-03
    1.7889087656529517e-03 1.7889087656529517e-03 1.7889087656529517e-03
    0. 4.4722719141323791e-03 3.5778175313059034e-03 0.
    2.6833631484794273e-03 1.7889087656529517e-03 2.6833631484794273e-03
    2.6833631484794273e-03 0. 8.9445438282647585e-04
    3.5778175313059034e-03 3.5778175313059034e-03 8.9445438282647585e-04
    1.7889087656529517e-03 3.5778175313059034e-03 6.2611806797853312e-03
    7.1556350626118068e-03 1.7889087656529517e-03 0.
    1.7889087656529517e-03 8.9445438282647585e-04 2.6833631484794273e-03
    2.6833631484794273e-03 3.5778175313059034e-03 3.5778175313059034e-03
    3.5778175313059034e-03 1.7889087656529517e-03 1.7889087656529517e-03
    9.8389982110912346e-03 4.4722719141323791e-03 8.9445438282647585e-04
    6.2611806797853312e-03 1.7889087656529517e-03 1.7889087656529517e-03
    3.5778175313059034e-03 1.7889087656529517e-03 3.5778175313059034e-03
    2.6833631484794273e-03 1.7889087656529517e-03 0.
    4.4722719141323791e-03 8.9445438282647585e-04 8.9445438282647585e-04
    2.6833631484794273e-03 3.5778175313059034e-03 1.7889087656529517e-03
    1.7889087656529517e-03 1.7889087656529517e-03 4.4722719141323791e-03
    4.4722719141323791e-03 8.9445438282647585e-04 0.
    8.9445438282647585e-04 2.6833631484794273e-03 1.7889087656529517e-03
    5.3667262969588547e-03 2.6833631484794273e-03 8.9445438282647585e-04
    8.9445438282647585e-04 8.9445438282647585e-04 8.9445438282647585e-04
    3.5778175313059034e-03 8.9445438282647585e-04 3.5778175313059034e-03
    8.9445438282647585e-04 2.6833631484794273e-03 4.4722719141323791e-03
    2.6833631484794273e-03 3.5778175313059034e-03 3.5778175313059034e-03
    0. 0. 8.9445438282647585e-04 3.5778175313059034e-03
    3.5778175313059034e-03 1.7889087656529517e-03 2.6833631484794273e-03
    1.7889087656529517e-03 2.6833631484794273e-03 2.6833631484794273e-03
    2.6833631484794273e-03 4.4722719141323791e-03 4.4722719141323791e-03
    5.3667262969588547e-03 3.5778175313059034e-03 1.7889087656529517e-03
    3.5778175313059034e-03 3.5778175313059034e-03 3.5778175313059034e-03
    3.5778175313059034e-03 8.9445438282647585e-04 2.6833631484794273e-03
    1.7889087656529517e-03 1.7889087656529517e-03 5.3667262969588547e-03
    2.6833631484794273e-03 2.6833631484794273e-03 2.6833631484794273e-03
    0. 4.4722719141323791e-03 1.7889087656529517e-03
    8.9445438282647585e-04 0. 3.5778175313059034e-03
    2.6833631484794273e-03 8.9445438282647585e-04 1.7889087656529517e-03
    4.4722719141323791e-03 4.4722719141323791e-03 8.9445438282647585e-04
    1.7889087656529517e-03 0. 1.7889087656529517e-03
    3.5778175313059034e-03 8.9445438282647585e-04 3.5778175313059034e-03
    1.7889087656529517e-03 2.6833631484794273e-03 1.7889087656529517e-03
    8.9445438282647585e-04 3.5778175313059034e-03 1.7889087656529517e-03
    1.7889087656529517e-03 4.4722719141323791e-03 3.5778175313059034e-03
    0. 2.6833631484794273e-03 8.0500894454382833e-03
    5.3667262969588547e-03 6.2611806797853312e-03 5.3667262969588547e-03
    3.5778175313059034e-03 3.5778175313059034e-03 8.9445438282647585e-04
    8.0500894454382833e-03 6.2611806797853312e-03 2.6833631484794273e-03
    1.7889087656529517e-03 1.7889087656529517e-03 1.7889087656529517e-03
    3.5778175313059034e-03 2.6833631484794273e-03 3.5778175313059034e-03
    3.5778175313059034e-03 2.6833631484794273e-03 4.4722719141323791e-03
    2.6833631484794273e-03 4.4722719141323791e-03 1.7889087656529517e-03
    9.8389982110912346e-03 1.7889087656529517e-03 1.7889087656529517e-03
    3.5778175313059034e-03 8.9445438282647585e-04 1.7889087656529517e-03
    3.5778175313059034e-03 3.5778175313059034e-03 3.5778175313059034e-03
    8.9445438282647585e-04 8.9445438282647585e-04 3.5778175313059034e-03
    1.7889087656529517e-03 1.7889087656529517e-03 2.6833631484794273e-03
    3.5778175313059034e-03 1.7889087656529517e-03 8.9445438282647585e-04
    3.5778175313059034e-03 3.5778175313059034e-03 1.7889087656529517e-03
    3.5778175313059034e-03 1.7889087656529517e-03 8.9445438282647585e-04
    7.1556350626118068e-03 8.9445438282647585e-04 8.9445438282647585e-04
    8.9445438282647585e-04 1.7889087656529517e-03 8.9445438282647585e-04
    1.7889087656529517e-03 2.6833631484794273e-03 4.4722719141323791e-03
    3.5778175313059034e-03 1.7889087656529517e-03 5.3667262969588547e-03
    2.6833631484794273e-03 4.4722719141323791e-03 5.3667262969588547e-03
    7.1556350626118068e-03 2.6833631484794273e-03 3.5778175313059034e-03
    8.9445438282647585e-04 2.6833631484794273e-03 2.6833631484794273e-03
    8.0500894454382833e-03 1.7889087656529517e-03 4.4722719141323791e-03
    5.3667262969588547e-03 2.6833631484794273e-03 2.6833631484794273e-03
    4.4722719141323791e-03 3.5778175313059034e-03 2.6833631484794273e-03
    3.5778175313059034e-03 8.9445438282647585e-04 4.4722719141323791e-03
    2.6833631484794273e-03 4.4722719141323791e-03 1.7889087656529517e-03
    1.7889087656529517e-03 1.7889087656529517e-03 1.7889087656529517e-03
    8.9445438282647585e-04 0. 0. 0. 3.5778175313059034e-03
    8.9445438282647585e-04 2.6833631484794273e-03 0.
    2.6833631484794273e-03 4.4722719141323791e-03 4.4722719141323791e-03
    6.2611806797853312e-03 2.6833631484794273e-03 5.3667262969588547e-03
    4.4722719141323791e-03 3.5778175313059034e-03 0.
    1.7889087656529517e-03 7.1556350626118068e-03 3.5778175313059034e-03
    5.3667262969588547e-03 3.5778175313059034e-03 3.5778175313059034e-03
