<?xml version="1.0"?>
<opencv_storage>
<column type_id="opencv-matrix">
  <rows>20</rows>
  <cols>20</cols>
  <dt>d</dt>
  <data>
    1.7882895875396597e-03 2.1920969137582923e-03 1.5575425439861553e-03
    2.1344101528699162e-03 2.4228439573117972e-03 2.8266512835304299e-03
    1.8459763484280358e-03 2.0190366310931639e-03 1.7882895875396597e-03
    1.9036631093164119e-03 1.8459763484280358e-03 1.7882895875396597e-03
    3.1150850879723105e-03 2.7689645226420538e-03 2.3074704355350445e-03
    1.9613498702047878e-03 1.9613498702047878e-03 1.5575425439861553e-03
    2.1344101528699162e-03 1.2691087395442747e-03 1.3267955004326508e-03
    2.1344101528699162e-03 1.9613498702047878e-03 2.0190366310931639e-03
    2.0190366310931639e-03 2.6535910008653016e-03 1.6152293048745314e-03
    1.9613498702047878e-03 1.5575425439861553e-03 1.6152293048745314e-03
    1.6152293048745314e-03 3.8073262186328239e-03 1.7882895875396597e-03
    2.1920969137582923e-03 2.6535910008653016e-03 2.5382174790885494e-03
    2.3074704355350445e-03 1.5575425439861553e-03 1.8459763484280358e-03
    2.0190366310931639e-03 1.4998557830977791e-03 2.9420248053071822e-03
    2.2497836746466684e-03 2.4228439573117972e-03 2.2497836746466684e-03
    2.6535910008653016e-03 1.9036631093164119e-03 1.9036631093164119e-03
    2.2497836746466684e-03 1.6729160657629075e-03 2.3074704355350445e-03
    1.9613498702047878e-03 1.9036631093164119e-03 2.1344101528699162e-03
    2.3651571964234210e-03 2.2497836746466684e-03 2.2497836746466684e-03
    1.6729160657629075e-03 1.5575425439861553e-03 2.3074704355350445e-03
    1.9613498702047878e-03 2.4228439573117972e-03 7.9607730025959035e-03
    2.6535910008653016e-03 3.8650129795212000e-03 7.0954715892702627e-03
    2.3074704355350445e-03 8.0184597634842796e-03 2.3074704355350445e-03
    2.8843380444188061e-03 7.9607730025959035e-03 2.7112777617536777e-03
    2.7112777617536777e-03 3.1150850879723105e-03 3.1727718488606866e-03
    3.2304586097490627e-03 2.7112777617536777e-03 1.9036631093164119e-03
    1.9613498702047878e-03 2.0767233919815400e-03 2.1920969137582923e-03
    3.4035188924141911e-03 2.1920969137582923e-03 2.8266512835304299e-03
    3.7496394577444477e-03 4.0957600230747040e-03 3.1150850879723105e-03
    2.8266512835304299e-03 2.1344101528699162e-03 2.8843380444188061e-03
    2.4228439573117972e-03 2.8843380444188061e-03 2.4805307182001733e-03
    2.3651571964234210e-03 4.7303143928468421e-03 2.8843380444188061e-03
    3.1150850879723105e-03 2.7112777617536777e-03 2.0767233919815400e-03
    2.0190366310931639e-03 2.1344101528699162e-03 2.6535910008653016e-03
    2.3074704355350445e-03 8.4799538505912885e-03 3.6342659359676955e-03
    2.9420248053071822e-03 8.6530141332564169e-03 2.4805307182001733e-03
    7.0377848283818866e-03 2.4805307182001733e-03 2.3074704355350445e-03
    2.2497836746466684e-03 3.4612056533025672e-03 2.9420248053071822e-03
    3.5765791750793194e-03 3.2304586097490627e-03 2.3651571964234210e-03
    2.0190366310931639e-03 1.6729160657629075e-03 2.5959042399769255e-03
    2.1344101528699162e-03 2.7689645226420538e-03 1.9613498702047878e-03
    2.5959042399769255e-03 2.4228439573117972e-03 2.8266512835304299e-03
    2.4228439573117972e-03 2.4805307182001733e-03 1.8459763484280358e-03
    1.5575425439861553e-03 1.6152293048745314e-03 2.3074704355350445e-03
    2.7112777617536777e-03 3.4035188924141911e-03 2.4228439573117972e-03
    3.2881453706374388e-03 2.1920969137582923e-03 2.6535910008653016e-03
    2.5959042399769255e-03 2.8843380444188061e-03 2.8266512835304299e-03
    1.7306028266512836e-03 2.2497836746466684e-03 2.1920969137582923e-03
    3.6342659359676955e-03 2.7112777617536777e-03 2.8843380444188061e-03
    3.2304586097490627e-03 1.8459763484280358e-03 1.2114219786558986e-03
    1.4421690222094030e-03 1.9613498702047878e-03 2.7112777617536777e-03
    5.7109893279492360e-03 5.4225555235073554e-03 3.0573983270839344e-03
    2.6535910008653016e-03 2.4228439573117972e-03 2.5382174790885494e-03
    1.2691087395442747e-03 1.4998557830977791e-03 3.1727718488606866e-03
    2.3074704355350445e-03 1.8459763484280358e-03 1.7306028266512836e-03
    1.8459763484280358e-03 2.0767233919815400e-03 2.0767233919815400e-03
    1.6729160657629075e-03 5.7686760888376112e-04 9.2298817421401791e-04
    2.1344101528699162e-03 1.4998557830977791e-03 2.3074704355350445e-03
    2.1344101528699162e-03 1.7306028266512836e-03 2.4805307182001733e-03
    2.8843380444188061e-03 2.5959042399769255e-03 1.6729160657629075e-03
    1.3267955004326508e-03 1.6729160657629075e-03 2.0190366310931639e-03
    2.8266512835304299e-03 1.9613498702047878e-03 2.4228439573117972e-03
    2.7689645226420538e-03 1.9613498702047878e-03 7.4992789154888957e-04
    9.8067493510239391e-04 1.0960484568791461e-03 1.0383616959907700e-03
    2.2497836746466684e-03 2.5959042399769255e-03 1.9036631093164119e-03
    2.6535910008653016e-03 2.4805307182001733e-03 2.4228439573117972e-03
    1.9613498702047878e-03 1.2691087395442747e-03 1.6152293048745314e-03
    2.3074704355350445e-03 1.7882895875396597e-03 2.1344101528699162e-03
    2.5382174790885494e-03 2.0190366310931639e-03 1.6152293048745314e-03
    2.1920969137582923e-03 9.8067493510239391e-04 1.5575425439861553e-03
    9.8067493510239391e-04 6.3455436977213734e-04 1.9613498702047878e-03
    2.5959042399769255e-03 2.0767233919815400e-03 2.5382174790885494e-03
    2.0767233919815400e-03 1.7306028266512836e-03 2.0190366310931639e-03
    2.0190366310931639e-03 1.9036631093164119e-03 2.4805307182001733e-03
    1.4998557830977791e-03 1.9036631093164119e-03 2.3074704355350445e-03
    2.1920969137582923e-03 1.9036631093164119e-03 2.5959042399769255e-03
    1.2691087395442747e-03 4.0380732621863284e-04 8.0761465243726568e-04
    1.6152293048745314e-03 1.4421690222094030e-03 2.8266512835304299e-03
    2.5959042399769255e-03 4.4995673492933368e-03 1.9613498702047878e-03
    1.9036631093164119e-03 2.1920969137582923e-03 1.6729160657629075e-03
    1.9613498702047878e-03 2.1920969137582923e-03 2.7689645226420538e-03
    2.4228439573117972e-03 3.5188924141909433e-03 2.3074704355350445e-03
    1.9036631093164119e-03 3.0573983270839344e-03 2.1920969137582923e-03
    2.0190366310931639e-03 1.9036631093164119e-03 2.3074704355350445e-03
    2.8266512835304299e-03 2.2497836746466684e-03 2.9997115661955583e-03
    3.5188924141909433e-03 2.3074704355350445e-03 2.3651571964234210e-03
    2.4228439573117972e-03 1.7882895875396597e-03 2.1344101528699162e-03
    1.8459763484280358e-03 2.3074704355350445e-03 2.1920969137582923e-03
    2.8843380444188061e-03 3.3458321315258150e-03 3.2881453706374388e-03
    3.8650129795212000e-03 2.3651571964234210e-03 2.3074704355350445e-03
    1.4998557830977791e-03 2.9997115661955583e-03 2.2497836746466684e-03
    3.1727718488606866e-03 3.2304586097490627e-03 3.5188924141909433e-03
    3.5765791750793194e-03 2.6535910008653016e-03 3.1150850879723105e-03
    1.9036631093164119e-03 1.9036631093164119e-03 3.4035188924141911e-03
    2.3651571964234210e-03 2.3651571964234210e-03 4.1534467839630801e-03
    3.0573983270839344e-03 3.2881453706374388e-03 3.4612056533025672e-03
    1.5575425439861553e-03 3.1150850879723105e-03 2.7689645226420538e-03
    2.1920969137582923e-03 2.5959042399769255e-03 3.9803865012979518e-03
    3.9803865012979518e-03 3.2881453706374388e-03 3.1150850879723105e-03
    2.8266512835304299e-03 2.7112777617536777e-03 2.3074704355350445e-03
    2.4228439573117972e-03 4.2111335448514562e-03 3.2304586097490627e-03
    3.4612056533025672e-03 4.7880011537352182e-03 4.2111335448514562e-03
    4.3265070666282084e-03 3.1727718488606866e-03 3.8073262186328239e-03
    3.8073262186328239e-03 3.1727718488606866e-03 3.5765791750793194e-03
    3.5188924141909433e-03 3.5765791750793194e-03 4.6726276319584651e-03
    5.1918084799538510e-03 1.8459763484280358e-03 4.0380732621863279e-03
    2.3074704355350445e-03 2.5959042399769255e-03 2.1920969137582923e-03
