<?xml version="1.0"?>
<opencv_storage>
<computer type_id="opencv-matrix">
  <rows>20</rows>
  <cols>20</cols>
  <dt>d</dt>
  <data>
    8.3712993222467282e-04 8.2103127968189066e-04 4.6686092374068289e-04
    8.2103127968189066e-04 7.2443936442519760e-04 1.2395962457942271e-03
    9.9811645765249452e-04 7.0834071188241544e-04 6.4394610171128680e-04
    7.5663666951076192e-04 1.1752016356230983e-03 1.4649773813931774e-03
    3.3324210763559089e-03 3.8958739153532851e-03 2.0767261780188996e-03
    1.1108070254519696e-03 7.7273532205354408e-04 1.2395962457942271e-03
    1.3361881610509201e-03 1.6420625593637813e-03 6.9224205933963328e-04
    5.1515688136902942e-04 7.4053801696797976e-04 8.2103127968189066e-04
    6.7614340679685112e-04 1.0142151101952767e-03 7.7273532205354408e-04
    9.4982050002414794e-04 5.9565014408294022e-04 7.2443936442519760e-04
    1.2717935508797914e-03 2.1250221356472463e-03 3.5578022119548596e-03
    5.5862324323454129e-03 1.8674436949627316e-03 8.0493262713910850e-04
    7.7273532205354408e-04 1.0464124152808410e-03 1.3039908559653558e-03
    1.5937666017354348e-03 4.8295957628346505e-04 4.6686092374068289e-04
    8.2103127968189066e-04 7.8883397459632624e-04 5.6345283899737590e-04
    1.3039908559653558e-03 1.4488787288503952e-03 1.0625110678236232e-03
    7.7273532205354408e-04 8.0493262713910850e-04 1.4810760339359595e-03
    1.9640356102194247e-03 3.2519278136419983e-03 4.5720173221501358e-03
    2.1411207881900287e-03 9.4982050002414794e-04 9.8201780510971236e-04
    1.4488787288503952e-03 1.1591029830803161e-03 1.4649773813931774e-03
    5.6345283899737590e-04 5.4735418645459374e-04 1.0625110678236232e-03
    1.4166814237648309e-03 1.0464124152808410e-03 1.1430043305375340e-03
    1.4649773813931774e-03 1.0625110678236232e-03 9.1762319493858362e-04
    1.1269056779947518e-03 1.4971746864787417e-03 2.0445288729333353e-03
    3.5417035594120772e-03 6.2945731442278280e-03 2.7367709322729688e-03
    1.1591029830803161e-03 1.2234975932514448e-03 1.4971746864787417e-03
    1.3844841186792666e-03 1.4971746864787417e-03 8.8542588985301930e-04
    4.5076227119790073e-04 7.8883397459632624e-04 1.3522868135937022e-03
    1.3683854661364844e-03 9.1762319493858362e-04 1.2395962457942271e-03
    1.2556948983370093e-03 9.0152454239580146e-04 7.4053801696797976e-04
    1.1591029830803161e-03 1.4649773813931774e-03 3.7348873899254631e-03
    5.4252459069175909e-03 2.0284302203905534e-03 1.0625110678236232e-03
    1.3200895085081379e-03 1.5293719915643060e-03 1.1108070254519696e-03
    2.0928248305616820e-03 4.9905822882624726e-04 1.0142151101952767e-03
    9.3372184748136578e-04 9.9811645765249452e-04 1.0625110678236232e-03
    1.5454706441070882e-03 1.2556948983370093e-03 1.2073989407086626e-03
    9.9811645765249452e-04 1.1269056779947518e-03 1.8191477373343851e-03
    1.2556948983370093e-03 3.3163224238131270e-03 3.7992820000965918e-03
    2.0284302203905534e-03 8.5322858476745498e-04 1.1269056779947518e-03
    1.4166814237648309e-03 1.9962329153049890e-03 2.1089234831044639e-03
    7.4053801696797976e-04 6.7614340679685112e-04 1.0786097203664053e-03
    1.0786097203664053e-03 1.3039908559653558e-03 1.4166814237648309e-03
    2.2860086610750679e-03 1.7708517797060386e-03 1.0303137627380588e-03
    8.2103127968189066e-04 1.8191477373343851e-03 1.3200895085081379e-03
    3.3807170339842556e-03 4.8617930679202151e-03 1.8513450424199494e-03
    9.3372184748136578e-04 1.1108070254519696e-03 1.8835423475055137e-03
    1.9801342627622067e-03 1.4971746864787417e-03 8.3712993222467282e-04
    6.6004475425406896e-04 6.9224205933963328e-04 1.0464124152808410e-03
    1.0625110678236232e-03 1.5615692966498703e-03 2.4952911441312362e-03
    1.8674436949627316e-03 1.1108070254519696e-03 8.0493262713910850e-04
    2.0928248305616820e-03 7.7273532205354408e-04 2.0445288729333353e-03
    3.0104480255002657e-03 2.0123315678477710e-03 1.3522868135937022e-03
    1.4649773813931774e-03 1.1913002881658804e-03 1.3522868135937022e-03
    2.0767261780188996e-03 9.1762319493858362e-04 6.6004475425406896e-04
    7.8883397459632624e-04 8.6932723731023714e-04 8.8542588985301930e-04
    1.9640356102194247e-03 2.0606275254761177e-03 7.4053801696797976e-04
    1.0142151101952767e-03 5.7955149154015806e-04 1.0947083729091875e-03
    1.7547531271632564e-03 3.6543941272115525e-03 7.5502680425648377e-03
    6.1979812289711354e-03 2.7689682373585331e-03 1.3361881610509201e-03
    1.1430043305375340e-03 1.1430043305375340e-03 1.6098652542782170e-03
    1.6420625593637813e-03 1.1591029830803161e-03 2.6079817119307115e-03
    3.9119725678960675e-03 3.8314793051821561e-03 3.7348873899254631e-03
    4.1856496611233640e-03 3.0104480255002657e-03 8.8542588985301930e-04
    1.6098652542782170e-04 7.8883397459632624e-04 1.3313585652880855e-02
    4.6106540882528135e-02 7.0834071188241546e-02 3.2503179483877202e-02
    8.2586087544472535e-03 2.1411207881900287e-03 1.6742598644493456e-03
    1.8674436949627316e-03 2.5113897966740186e-03 1.2234975932514448e-03
    1.3844841186792666e-03 2.7850668899013151e-03 2.8494615000724441e-03
    2.9782507204147014e-03 3.1231385932997406e-03 3.9119725678960675e-03
    2.6562776695590578e-03 8.2103127968189066e-04 2.0928248305616821e-04
    1.2556948983370093e-03 1.3458473525765893e-02 5.7005328653991660e-02
    8.5258463866574374e-02 4.0890577458666706e-02 9.8845726612682514e-03
    2.9460534153291371e-03 1.9318383051338602e-03 1.7708517797060386e-03
    2.9943493729574834e-03 5.9565014408294022e-04 8.0493262713910850e-04
    1.1269056779947518e-03 1.0303137627380588e-03 7.5663666951076192e-04
    1.6903585169921278e-03 1.5293719915643060e-03 1.0625110678236232e-03
    9.9811645765249452e-04 9.3372184748136578e-04 1.0947083729091875e-03
    1.7869504322488208e-03 3.8314793051821561e-03 7.9688330086771734e-03
    7.3248869069658870e-03 2.8011655424440974e-03 1.5132733390215238e-03
    1.1430043305375340e-03 1.4488787288503952e-03 1.3200895085081379e-03
    9.1762319493858362e-04 5.6345283899737590e-04 6.2784744916850464e-04
    1.0464124152808410e-03 1.3844841186792666e-03 1.8030490847916029e-03
    2.1250221356472463e-03 1.9157396525910780e-03 9.8201780510971236e-04
    1.0786097203664053e-03 1.8513450424199494e-03 9.9811645765249452e-04
    1.7547531271632564e-03 3.0587439831286120e-03 2.4147978814173252e-03
    1.5937666017354348e-03 1.3361881610509201e-03 1.1591029830803161e-03
    1.4327800763076130e-03 1.5615692966498703e-03 6.9224205933963328e-04
    8.0493262713910850e-04 1.0303137627380588e-03 1.2717935508797914e-03
    1.6098652542782170e-03 1.6420625593637813e-03 2.3665019237889789e-03
    1.5937666017354348e-03 8.2103127968189066e-04 1.2234975932514448e-03
    1.6259639068209992e-03 1.3844841186792666e-03 3.4290129916126019e-03
    5.3447526442036803e-03 1.8674436949627316e-03 9.6591915256693010e-04
    1.2073989407086626e-03 1.6420625593637813e-03 1.8352463898771672e-03
    1.4810760339359595e-03 7.8883397459632624e-04 6.6004475425406896e-04
    7.4053801696797976e-04 1.2234975932514448e-03 1.0303137627380588e-03
    1.6903585169921278e-03 1.7064571695349100e-03 1.8835423475055137e-03
    9.4982050002414794e-04 1.2556948983370093e-03 1.2878922034225736e-03
    1.1269056779947518e-03 3.3324210763559089e-03 3.9280712204388495e-03
    2.1411207881900287e-03 9.3372184748136578e-04 1.0786097203664053e-03
    1.8513450424199494e-03 1.8352463898771672e-03 1.6903585169921278e-03
    6.2784744916850464e-04 5.7955149154015806e-04 7.8883397459632624e-04
    1.1591029830803161e-03 1.2234975932514448e-03 1.2395962457942271e-03
    1.1752016356230983e-03 1.3522868135937022e-03 6.4394610171128680e-04
    1.0303137627380588e-03 9.6591915256693010e-04 1.2395962457942271e-03
    3.2841251187275627e-03 5.1837661187758583e-03 2.4469951865028895e-03
    1.1591029830803161e-03 9.9811645765249452e-04 1.3683854661364844e-03
    1.7708517797060386e-03 2.1411207881900287e-03 7.4053801696797976e-04
