<?xml version="1.0"?>
<opencv_storage>
<container type_id="opencv-matrix">
  <rows>20</rows>
  <cols>20</cols>
  <dt>d</dt>
  <data>
    0. 0. 0. 0. 5.5248618784530384e-03 0. 0. 5.5248618784530384e-03 0.
    0. 0. 0. 0. 0. 0. 0. 0. 0. 0. 0. 0. 0. 0. 0. 0.
    5.5248618784530384e-03 0. 0. 1.1049723756906077e-02 0. 0.
    1.1049723756906077e-02 0. 0. 1.1049723756906077e-02 0. 0. 0. 0. 0.
    0. 0. 0. 0. 0. 0. 0. 0. 0. 0. 0. 5.5248618784530384e-03 0. 0. 0. 0.
    0. 0. 0. 0. 0. 5.5248618784530384e-03 0. 0. 5.5248618784530384e-03
    0. 0. 0. 0. 1.1049723756906077e-02 0. 5.5248618784530384e-03 0. 0.
    0. 5.5248618784530384e-03 0. 0. 0. 0. 0. 5.5248618784530384e-03 0.
    0. 0. 0. 0. 0. 0. 0. 5.5248618784530384e-03 0. 0. 0. 0. 0.
    5.5248618784530384e-03 0. 0. 5.5248618784530384e-03 0. 0. 0. 0.
    5.5248618784530384e-03 0. 0. 0. 0. 5.5248618784530384e-03 0.
    5.5248618784530384e-03 0. 0. 0. 5.5248618784530384e-03 0. 0. 0. 0.
    0. 0. 0. 0. 0. 0. 5.5248618784530384e-03 5.5248618784530384e-03
    1.1049723756906077e-02 0. 1.1049723756906077e-02
    2.2099447513812154e-02 1.1049723756906077e-02 5.5248618784530384e-03
    1.1049723756906077e-02 0. 0. 0. 0. 0. 0. 0. 0. 0. 0.
    5.5248618784530384e-03 1.6574585635359115e-02 5.5248618784530384e-03
    1.1049723756906077e-02 0. 5.5248618784530384e-03
    5.5248618784530384e-03 5.5248618784530384e-03 0.
    5.5248618784530384e-03 1.6574585635359115e-02 0. 0. 0. 0. 0.
    5.5248618784530384e-03 5.5248618784530384e-03 0.
    1.1049723756906077e-02 5.5248618784530384e-03 1.1049723756906077e-02
    0. 1.6574585635359115e-02 1.1049723756906077e-02
    5.5248618784530384e-03 1.1049723756906077e-02 5.5248618784530384e-03
    5.5248618784530384e-03 0. 0. 0. 0. 0. 1.1049723756906077e-02 0. 0.
    0. 0. 5.5248618784530384e-03 5.5248618784530384e-03
    5.5248618784530384e-03 5.5248618784530384e-03 5.5248618784530384e-03
    1.1049723756906077e-02 0. 5.5248618784530384e-03
    1.1049723756906077e-02 2.2099447513812154e-02 0.
    5.5248618784530384e-03 0. 5.5248618784530384e-03 0. 0.
    5.5248618784530384e-03 0. 0. 0. 0. 2.2099447513812154e-02
    1.6574585635359115e-02 5.5248618784530384e-03 5.5248618784530384e-03
    0. 0. 1.1049723756906077e-02 1.1049723756906077e-02
    5.5248618784530384e-03 1.1049723756906077e-02 0.
    5.5248618784530384e-03 1.1049723756906077e-02 0. 0. 0. 0. 0. 0. 0.
    5.5248618784530384e-03 1.1049723756906077e-02 0.
    1.1049723756906077e-02 1.6574585635359115e-02 0.
    1.1049723756906077e-02 5.5248618784530384e-03 5.5248618784530384e-03
    0. 5.5248618784530384e-03 5.5248618784530384e-03 0. 0. 0. 0. 0. 0.
    5.5248618784530384e-03 0. 5.5248618784530384e-03 0.
    5.5248618784530384e-03 0. 1.1049723756906077e-02
    5.5248618784530384e-03 0. 0. 5.5248618784530384e-03
    1.6574585635359115e-02 5.5248618784530384e-03 5.5248618784530384e-03
    0. 0. 0. 0. 0. 5.5248618784530384e-03 0. 5.5248618784530384e-03 0.
    5.5248618784530384e-03 5.5248618784530384e-03 0.
    1.6574585635359115e-02 1.1049723756906077e-02 1.1049723756906077e-02
    0. 1.1049723756906077e-02 0. 1.1049723756906077e-02 0. 0. 0. 0. 0.
    0. 0. 0. 0. 5.5248618784530384e-03 0. 0. 1.6574585635359115e-02 0.
    5.5248618784530384e-03 5.5248618784530384e-03 0.
    5.5248618784530384e-03 5.5248618784530384e-03 1.1049723756906077e-02
    0. 5.5248618784530384e-03 0. 0. 0. 0. 5.5248618784530384e-03 0. 0.
    0. 5.5248618784530384e-03 0. 0. 0. 5.5248618784530384e-03
    2.7624309392265192e-02 0. 5.5248618784530384e-03 0. 0. 0.
    5.5248618784530384e-03 5.5248618784530384e-03 5.5248618784530384e-03
    0. 0. 0. 0. 0. 0. 0. 0. 0. 0. 0. 0. 0. 0. 0. 0. 0.
    5.5248618784530384e-03 0. 0. 0. 0. 0. 0. 5.5248618784530384e-03 0.
    0. 0. 0. 5.5248618784530384e-03 0. 0. 0. 0. 5.5248618784530384e-03
    0. 0. 0. 0. 0. 0. 0. 5.5248618784530384e-03 0. 0. 0.
    5.5248618784530384e-03 0. 0. 0. 0. 0. 0. 0. 0. 0. 0. 0. 0. 0. 0. 0.
    5.5248618784530384e-03 0. 0. 0. 0. 0. 0. 5.5248618784530384e-03 0.
    0. 0. 5.5248618784530384e-03 0. 0. 0. 0. 0. 0.</data></container>
</opencv_storage>
