<?xml version="1.0"?>
<opencv_storage>
<containers type_id="opencv-matrix">
  <rows>20</rows>
  <cols>20</cols>
  <dt>d</dt>
  <data>
    0. 0. 3.8610038610038611e-03 0. 0. 0. 0. 0. 0. 0. 0. 0. 0. 0. 0.
    3.8610038610038611e-03 0. 0. 0. 3.8610038610038611e-03 0. 0.
    3.8610038610038611e-03 0. 0. 0. 7.7220077220077222e-03 0.
    3.8610038610038611e-03 0. 0. 0. 3.8610038610038611e-03 0.
    7.7220077220077222e-03 0. 0. 3.8610038610038611e-03
    3.8610038610038611e-03 1.9305019305019305e-02 7.7220077220077222e-03
    0. 3.8610038610038611e-03 0. 0. 0. 0. 0. 0. 0. 0. 0.
    3.8610038610038611e-03 0. 0. 0. 0. 0. 3.8610038610038611e-03 0.
    3.8610038610038611e-03 0. 7.7220077220077222e-03 0. 0. 0.
    3.8610038610038611e-03 7.7220077220077222e-03 0.
    3.8610038610038611e-03 0. 0. 0. 3.8610038610038611e-03 0. 0.
    7.7220077220077222e-03 0. 3.8610038610038611e-03
    1.1583011583011582e-02 0. 7.7220077220077222e-03 0. 0. 0. 0. 0. 0.
    0. 0. 0. 0. 7.7220077220077222e-03 3.8610038610038611e-03
    7.7220077220077222e-03 0. 7.7220077220077222e-03
    3.8610038610038611e-03 0. 7.7220077220077222e-03 0. 0.
    7.7220077220077222e-03 3.8610038610038611e-03 0. 0.
    3.8610038610038611e-03 0. 0. 0. 0. 3.8610038610038611e-03 0. 0. 0.
    3.8610038610038611e-03 0. 0. 7.7220077220077222e-03
    1.9305019305019305e-02 3.8610038610038611e-03 0. 0.
    3.8610038610038611e-03 7.7220077220077222e-03 0.
    3.8610038610038611e-03 3.8610038610038611e-03 0. 0. 0.
    3.8610038610038611e-03 3.8610038610038611e-03 3.8610038610038611e-03
    1.1583011583011582e-02 7.7220077220077222e-03 1.1583011583011582e-02
    3.8610038610038611e-03 3.8610038610038611e-03 1.1583011583011582e-02
    0. 0. 3.8610038610038611e-03 0. 3.8610038610038611e-03 0. 0. 0.
    3.8610038610038611e-03 0. 0. 0. 3.8610038610038611e-03
    7.7220077220077222e-03 0. 7.7220077220077222e-03
    7.7220077220077222e-03 0. 0. 3.8610038610038611e-03 0. 0. 0. 0. 0.
    3.8610038610038611e-03 3.8610038610038611e-03 0. 0. 0.
    3.8610038610038611e-03 3.8610038610038611e-03 0. 0.
    3.8610038610038611e-03 3.8610038610038611e-03 7.7220077220077222e-03
    7.7220077220077222e-03 2.3166023166023165e-02 7.7220077220077222e-03
    0. 0. 3.8610038610038611e-03 0. 0. 7.7220077220077222e-03
    3.8610038610038611e-03 7.7220077220077222e-03 0. 0. 0. 0.
    1.1583011583011582e-02 7.7220077220077222e-03 7.7220077220077222e-03
    3.8610038610038611e-03 7.7220077220077222e-03 7.7220077220077222e-03
    0. 7.7220077220077222e-03 0. 0. 0. 3.8610038610038611e-03 0. 0. 0.
    0. 0. 0. 0. 0. 3.8610038610038611e-03 0. 7.7220077220077222e-03 0.
    0. 3.8610038610038611e-03 0. 1.5444015444015444e-02 0. 0. 0.
    3.8610038610038611e-03 0. 0. 3.8610038610038611e-03 0. 0. 0. 0.
    3.8610038610038611e-03 3.8610038610038611e-03 0. 0.
    3.8610038610038611e-03 0. 0. 7.7220077220077222e-03
    1.9305019305019305e-02 0. 3.8610038610038611e-03 0. 0. 0. 0.
    7.7220077220077222e-03 0. 3.8610038610038611e-03 0. 0.
    7.7220077220077222e-03 1.1583011583011582e-02 0.
    3.8610038610038611e-03 0. 3.8610038610038611e-03
    7.7220077220077222e-03 1.1583011583011582e-02 1.1583011583011582e-02
    0. 0. 0. 0. 0. 0. 0. 3.8610038610038611e-03 0. 0. 0.
    3.8610038610038611e-03 0. 1.1583011583011582e-02
    3.8610038610038611e-03 3.8610038610038611e-03 7.7220077220077222e-03
    0. 3.8610038610038611e-03 1.1583011583011582e-02 0. 0.
    3.8610038610038611e-03 0. 0. 3.8610038610038611e-03
    3.8610038610038611e-03 0. 3.8610038610038611e-03 0.
    3.8610038610038611e-03 7.7220077220077222e-03 3.8610038610038611e-03
    7.7220077220077222e-03 3.8610038610038611e-03 3.8610038610038611e-03
    1.1583011583011582e-02 1.5444015444015444e-02 7.7220077220077222e-03
    1.5444015444015444e-02 0. 0. 3.8610038610038611e-03 0. 0. 0.
    3.8610038610038611e-03 0. 3.8610038610038611e-03
    3.8610038610038611e-03 0. 0. 3.8610038610038611e-03 0. 0.
    3.8610038610038611e-03 0. 3.8610038610038611e-03
    3.8610038610038611e-03 0. 0. 3.8610038610038611e-03 0.
    3.8610038610038611e-03 0. 0. 0. 0. 0. 0. 0. 3.8610038610038611e-03
    3.8610038610038611e-03 7.7220077220077222e-03 7.7220077220077222e-03
    3.8610038610038611e-03 7.7220077220077222e-03 0.
    3.8610038610038611e-03 1.1583011583011582e-02 0. 0. 0. 0.
    3.8610038610038611e-03 0. 0. 0. 0. 0. 0. 0. 3.8610038610038611e-03
    0. 0. 0. 0. 1.5444015444015444e-02 0. 7.7220077220077222e-03 0. 0.
    3.8610038610038611e-03 0. 0. 0. 3.8610038610038611e-03 0.
    3.8610038610038611e-03 0. 0. 3.8610038610038611e-03
    3.8610038610038611e-03 0. 0. 0. 0. 0. 1.1583011583011582e-02 0. 0.
    0. 0. 0. 0. 0. 0. 0. 0. 0. 0. 3.8610038610038611e-03
    3.8610038610038611e-03 0. 0. 3.8610038610038611e-03
    1.9305019305019305e-02 0. 3.8610038610038611e-03
    3.8610038610038611e-03</data></containers>
</opencv_storage>
