<?xml version="1.0"?>
<opencv_storage>
<cup type_id="opencv-matrix">
  <rows>20</rows>
  <cols>20</cols>
  <dt>d</dt>
  <data>
    3.8652011112453195e-04 6.2809518057736443e-04 6.7641019446793092e-04
    9.4214277086604665e-04 7.9719772919434719e-04 8.4551274308491367e-04
    7.2472520835849740e-04 1.5943954583886944e-03 1.3286628819905786e-03
    1.7634980070056769e-03 1.2561903611547289e-03 1.2078753472641623e-03
    1.3528203889358618e-03 8.6967025003019686e-04 8.2135523613963038e-04
    1.1595603333735959e-03 8.4551274308491367e-04 3.6236260417924870e-04
    6.5225268752264762e-04 6.0393767363208113e-04 6.0393767363208113e-04
    8.9382775697548016e-04 6.5225268752264762e-04 8.4551274308491367e-04
    6.5225268752264762e-04 1.0146152917018963e-03 9.1798526392076335e-04
    1.3528203889358618e-03 1.6668679792245439e-03 1.9084430486773765e-03
    1.9084430486773765e-03 2.1017031042396424e-03 1.2320328542094457e-03
    1.0387727986471795e-03 1.0629303055924629e-03 1.2320328542094457e-03
    6.7641019446793092e-04 6.2809518057736443e-04 6.0393767363208113e-04
    7.2472520835849740e-04 7.9719772919434719e-04 6.2809518057736443e-04
    6.0393767363208113e-04 1.0387727986471795e-03 9.4214277086604665e-04
    1.3286628819905786e-03 1.4252929097717116e-03 1.9809155695132263e-03
    2.1500181181302088e-03 2.3674356806377582e-03 2.5365382292547407e-03
    2.2708056528566254e-03 1.5702379514434110e-03 1.0629303055924629e-03
    1.2320328542094457e-03 9.4214277086604665e-04 4.2275637154245678e-03
    6.7641019446793092e-04 8.4551274308491367e-04 8.4551274308491367e-04
    4.8315013890566492e-04 1.0146152917018963e-03 5.3146515279623146e-04
    9.6630027781132984e-04 1.0870878125377461e-03 1.7393405000603937e-03
    1.5702379514434110e-03 2.2224906389660586e-03 2.7297982848170071e-03
    2.5365382292547407e-03 2.3432781736924748e-03 3.3820509723396547e-03
    2.5365382292547407e-03 2.0775455972943590e-03 1.2078753472641623e-03
    1.1112453194830293e-03 1.1837178403188791e-03 6.7641019446793092e-04
    6.5225268752264762e-04 6.2809518057736443e-04 6.0393767363208113e-04
    9.4214277086604665e-04 1.2078753472641623e-03 1.6910254861698273e-03
    1.7393405000603937e-03 2.0533880903490761e-03 2.6331682570358739e-03
    2.7539557917622901e-03 2.9713733542698394e-03 3.7444135765189032e-03
    3.6236260417924870e-03 2.7781132987075735e-03 3.2612634376132381e-03
    2.8264283125981398e-03 2.1741756250754922e-03 1.4977654306075614e-03
    4.8798164029472159e-03 1.0387727986471795e-03 8.4551274308491367e-04
    1.0629303055924629e-03 6.7641019446793092e-04 7.0056770141321411e-04
    1.0146152917018963e-03 1.8842855417320933e-03 2.3191206667471918e-03
    2.7781132987075735e-03 3.5269960140113538e-03 4.9764464307283486e-03
    3.8893586181906028e-03 4.6623988404396665e-03 4.7348713612755163e-03
    4.4691387848774010e-03 4.9281314168377827e-03 3.7202560695736202e-03
    2.7297982848170071e-03 2.6331682570358739e-03 1.6185529653339776e-03
    1.2803478681000121e-03 1.1837178403188791e-03 1.0387727986471795e-03
    9.9045778475661313e-04 1.2320328542094457e-03 1.2078753472641623e-03
    1.7393405000603937e-03 3.5753110279019206e-03 3.2854209445585215e-03
    4.5416113057132508e-03 6.3534243266094937e-03 6.3534243266094937e-03
    6.1601642710472282e-03 5.5803841043604299e-03 6.8365744655151592e-03
    6.1360067641019443e-03 4.7348713612755163e-03 3.9859886459717355e-03
    2.5848532431453075e-03 5.6286991182509967e-03 1.4977654306075614e-03
    1.1595603333735959e-03 1.1354028264283127e-03 9.4214277086604665e-04
    1.2561903611547289e-03 1.7876555139509603e-03 1.2561903611547289e-03
    2.8989008334339896e-03 3.6960985626283368e-03 4.3000362362604176e-03
    5.3388090349075976e-03 4.7107138543302333e-03 6.6916294238434596e-03
    6.3292668196642107e-03 4.8073438821113661e-03 5.7736441599226963e-03
    4.2758787293151346e-03 3.9135161251358857e-03 2.3432781736924748e-03
    1.9084430486773765e-03 1.4977654306075614e-03 1.1595603333735959e-03
    9.4214277086604665e-04 1.0387727986471795e-03 1.6668679792245439e-03
    1.4736079236622780e-03 2.7056407778717237e-03 3.1646334098321053e-03
    3.5994685348472036e-03 4.5416113057132508e-03 5.4837540765792971e-03
    2.6814832709264403e-03 4.2275637154245678e-03 3.2854209445585215e-03
    3.4062084792849377e-03 6.1601642710472282e-03 5.3388090349075976e-03
    4.3000362362604176e-03 2.9230583403792730e-03 5.4837540765792971e-03
    2.1983331320207756e-03 1.7876555139509603e-03 1.3286628819905786e-03
    1.2561903611547289e-03 2.2949631598019084e-03 2.7539557917622901e-03
    4.0584611668075853e-03 6.7399444377340256e-03 5.9185892015943958e-03
    8.1410798405604536e-03 1.3286628819905786e-02 8.6242299794661199e-03
    5.5562265974151469e-03 6.5949993960623260e-03 9.7354752989491488e-03
    1.2537746104602005e-02 8.0202923058340387e-03 4.6623988404396665e-03
    4.8073438821113661e-03 3.8410436043000364e-03 3.2129484237226717e-03
    1.9809155695132263e-03 1.6185529653339776e-03 1.3286628819905786e-03
    1.1837178403188791e-03 1.6427104722792608e-03 3.0680033820509722e-03
    3.4545234931755045e-03 3.6719410556830534e-03 5.5079115835245801e-03
    6.5225268752264762e-03 3.7927285904094696e-03 3.7685710834641866e-03
    3.1646334098321053e-03 4.3725087570962674e-03 6.4742118613359103e-03
    5.3146515279623146e-03 4.5174537987679670e-03 3.3820509723396547e-03
    6.8365744655151592e-03 2.1983331320207756e-03 1.5702379514434110e-03
    1.4011354028264282e-03 9.4214277086604665e-04 1.4736079236622780e-03
    5.2180215001811810e-03 1.7876555139509603e-03 3.0196883681604058e-03
    4.3241937432057015e-03 4.6140838265490997e-03 4.5416113057132508e-03
    3.4786810001207875e-03 5.3871240487981644e-03 4.7831863751660831e-03
    3.7444135765189032e-03 5.0730764585094814e-03 5.6528566251962797e-03
    3.6236260417924870e-03 2.8022708056528564e-03 1.7876555139509603e-03
    1.5219229375528446e-03 1.3286628819905786e-03 1.3045053750452952e-03
    1.1595603333735959e-03 1.4252929097717116e-03 1.9084430486773765e-03
    1.9084430486773765e-03 2.7781132987075735e-03 3.6236260417924870e-03
    4.7107138543302333e-03 6.3292668196642107e-03 5.7253291460321295e-03
    8.3826549100132867e-03 7.7304022224906387e-03 6.6433144099528928e-03
    6.1360067641019443e-03 4.7831863751660831e-03 3.3337359584490879e-03
    2.3674356806377582e-03 3.6236260417924870e-03 1.5943954583886944e-03
    1.1595603333735959e-03 1.3286628819905786e-03 1.0870878125377461e-03
    1.0629303055924629e-03 4.6623988404396665e-03 1.8118130208962435e-03
    2.8505858195434232e-03 2.9472158473245560e-03 4.1067761806981521e-03
    6.0393767363208116e-03 6.0635342432660945e-03 6.3292668196642107e-03
    5.4595965696340142e-03 6.9573620002415749e-03 5.0247614446189155e-03
    4.9039739098924989e-03 4.0826186737528691e-03 2.9230583403792730e-03
    3.7685710834641866e-03 1.1112453194830293e-03 1.0870878125377461e-03
    9.6630027781132984e-04 9.1798526392076335e-04 7.7304022224906389e-04
    1.0387727986471795e-03 1.8842855417320933e-03 1.9084430486773765e-03
    2.0292305834037926e-03 3.1646334098321053e-03 3.9376736320811696e-03
    3.5753110279019206e-03 4.9039739098924989e-03 3.5269960140113538e-03
    4.0101461529170193e-03 4.3725087570962674e-03 3.3095784515038049e-03
    2.0050730764585097e-03 1.8118130208962435e-03 1.4011354028264282e-03
    1.3769778958811450e-03 7.9719772919434719e-04 7.9719772919434719e-04
    7.0056770141321411e-04 1.0629303055924629e-03 4.2034062084792849e-03
    1.2561903611547289e-03 1.4494504167169948e-03 2.1258606111849258e-03
    1.6910254861698273e-03 2.8989008334339896e-03 2.9955308612151228e-03
    3.2371059306679551e-03 2.8505858195434232e-03 3.1404759028868219e-03
    2.9472158473245560e-03 2.1258606111849258e-03 1.4977654306075614e-03
    1.1837178403188791e-03 1.1354028264283127e-03 8.9382775697548016e-04
    1.0387727986471795e-03 5.5562265974151465e-04 9.1798526392076335e-04
