<?xml version="1.0"?>
<opencv_storage>
<curtain type_id="opencv-matrix">
  <rows>20</rows>
  <cols>20</cols>
  <dt>d</dt>
  <data>
    1.0798993849841308e-03 1.0403908708993455e-03 9.6137384272977492e-04
    1.0798993849841308e-03 1.6593575915609814e-03 1.6066795727812677e-03
    1.6725270962559098e-03 1.8305611525950508e-03 1.1194078990689161e-03
    1.0403908708993455e-03 1.0798993849841308e-03 1.5276625446116970e-03
    2.6602399483755417e-03 3.0816640986132513e-03 3.1870201361726786e-03
    3.2660371643422493e-03 1.6988661056457667e-03 1.5540015540015540e-03
    1.4881540305269119e-03 1.4881540305269119e-03 1.8569001619849078e-03
    1.0930688896790591e-03 1.4354760117471982e-03 1.3432894788826992e-03
    1.9754257042392635e-03 1.9359171901544782e-03 2.0017647136291203e-03
    2.1202902558834762e-03 1.6066795727812677e-03 1.1062383943739875e-03
    1.1062383943739875e-03 1.6725270962559098e-03 2.6339009389856846e-03
    2.4231888638668298e-03 3.1870201361726786e-03 3.9771904178683842e-03
    1.7515441244254804e-03 1.7778831338153371e-03 1.6856966009508383e-03
    1.7252051150356234e-03 1.5671710586964824e-03 1.4881540305269119e-03
    1.6988661056457667e-03 1.5144930399167687e-03 2.1729682746631897e-03
    2.2651548075276889e-03 1.6725270962559098e-03 1.8437306572899794e-03
    1.7910526385102657e-03 1.0798993849841308e-03 1.0667298802892024e-03
    1.8964086760696931e-03 3.1606811267828219e-03 2.7524264812400405e-03
    3.2660371643422493e-03 3.9640209131734556e-03 2.5943924249008997e-03
    2.2124767887479750e-03 2.1597987699682616e-03 1.9490866948494068e-03
    1.4749845258319834e-03 1.8042221432051941e-03 1.6461880868660530e-03
    1.8437306572899794e-03 2.2651548075276889e-03 2.1334597605784048e-03
    2.2124767887479750e-03 1.7910526385102657e-03 1.7252051150356234e-03
    1.5276625446116970e-03 1.5671710586964824e-03 2.0149342183240489e-03
    3.2660371643422493e-03 3.2133591455625354e-03 3.4504102300712469e-03
    3.9508514084785271e-03 2.4363583685617584e-03 2.3836803497820449e-03
    2.0149342183240489e-03 2.3310023310023310e-03 1.4223065070522697e-03
    1.8173916479001225e-03 1.9359171901544782e-03 2.1466292652733330e-03
    2.2783243122226171e-03 2.1861377793581183e-03 2.4758668826465437e-03
    2.1861377793581183e-03 1.8832391713747645e-03 2.4890363873414723e-03
    3.4635797347661755e-03 2.2124767887479750e-03 3.3318846878168914e-03
    3.2396981549523921e-03 3.5689357723256029e-03 4.2010719976821676e-03
    3.4372407253763187e-03 3.2923761737321060e-03 2.5812229202059711e-03
    2.5680534155110425e-03 1.9359171901544782e-03 2.0149342183240489e-03
    2.4100193591719016e-03 2.4758668826465437e-03 2.6734094530704699e-03
    2.6470704436806131e-03 2.4100193591719016e-03 2.7260874718501838e-03
    2.1466292652733330e-03 2.2651548075276889e-03 1.8042221432051941e-03
    2.6075619295958278e-03 3.7796478474444576e-03 4.3591060540213080e-03
    4.0166989319531691e-03 5.7682430563786493e-03 3.6874613145799588e-03
    3.7928173521393862e-03 2.6865789577653985e-03 2.8841215281893246e-03
    1.7383746197305520e-03 2.0017647136291203e-03 1.6198490774761961e-03
    2.4363583685617584e-03 2.7260874718501838e-03 2.6075619295958278e-03
    2.4363583685617584e-03 2.4758668826465437e-03 1.8173916479001225e-03
    1.9754257042392635e-03 1.8042221432051941e-03 2.3178328263074024e-03
    3.8718343803089564e-03 3.6611223051901017e-03 4.3064280352415945e-03
    4.5566486244452342e-03 3.4767492394611041e-03 3.4504102300712469e-03
    2.7919349953248259e-03 2.9236300422741100e-03 2.0149342183240489e-03
    1.9885952089341921e-03 1.8700696666798361e-03 2.0412732277139056e-03
    2.6734094530704699e-03 2.7787654906298973e-03 2.4890363873414723e-03
    2.5812229202059711e-03 1.9754257042392635e-03 1.6593575915609814e-03
    2.1597987699682616e-03 2.4758668826465437e-03 4.0166989319531691e-03
    4.1747329882923104e-03 3.8586648756140283e-03 4.7805302042590175e-03
    3.5557662676306743e-03 3.7006308192748870e-03 3.1738506314777501e-03
    2.7524264812400405e-03 1.4354760117471982e-03 2.0281037230189774e-03
    1.8042221432051941e-03 1.8569001619849078e-03 2.6602399483755417e-03
    2.0281037230189774e-03 2.1202902558834762e-03 1.9754257042392635e-03
    1.2115944319334149e-03 8.9552631925513286e-04 9.7454334742470340e-04
    1.8569001619849078e-03 3.7269698286647437e-03 3.6479528004951735e-03
    3.9903599225633128e-03 4.4908011009705921e-03 3.5689357723256029e-03
    3.1211726126980366e-03 2.7260874718501838e-03 2.2388157981378322e-03
    1.7383746197305520e-03 1.6198490774761961e-03 1.7383746197305520e-03
    2.4626973779516151e-03 4.2800890258517374e-03 3.0684945939183227e-03
    2.4626973779516151e-03 3.1870201361726786e-03 1.2774419554080572e-03
    1.3169504694928423e-04 3.8191563615292426e-04 1.9754257042392635e-03
    6.3345317582605715e-03 4.9649032699880160e-03 5.8999381033279334e-03
    1.1457469084587729e-02 4.2669195211568096e-03 2.4758668826465437e-03
    2.4363583685617584e-03 2.2519853028327604e-03 1.5935100680863393e-03
    1.5408320493066256e-03 2.8841215281893246e-03 2.0676122371037623e-03
    3.8323258662241711e-03 2.6207314342907564e-03 3.2133591455625354e-03
    3.2265286502574640e-03 1.0535603755942738e-03 1.4486455164421265e-04
    2.7655959859349688e-04 2.0017647136291203e-03 6.0579721596670747e-03
    5.2282933638865842e-03 6.7296168991084248e-03 1.3169504694928424e-02
    4.7541911948691612e-03 3.7401393333596723e-03 2.6470704436806131e-03
    3.1475116220878933e-03 1.7778831338153371e-03 2.0412732277139056e-03
    2.0017647136291203e-03 2.1466292652733330e-03 2.4231888638668298e-03
    2.1597987699682616e-03 2.1861377793581183e-03 2.4363583685617584e-03
    1.1852554225435582e-03 7.3749226291599168e-04 8.4284830047541917e-04
    1.7383746197305520e-03 4.0166989319531691e-03 3.4240712206813901e-03
    4.3722755587162366e-03 4.3986145681060938e-03 3.3055456784270342e-03
    3.2660371643422493e-03 2.6470704436806131e-03 2.4626973779516151e-03
    1.9754257042392635e-03 2.0544427324088342e-03 2.1729682746631897e-03
    2.5548839108161144e-03 2.6339009389856846e-03 2.6734094530704699e-03
    2.4495278732566870e-03 2.4626973779516151e-03 1.6593575915609814e-03
    2.0017647136291203e-03 2.0412732277139056e-03 2.7392569765451119e-03
    4.0298684366480977e-03 3.9508514084785271e-03 4.1220549695125969e-03
    4.6883436713945192e-03 3.6874613145799588e-03 3.6874613145799588e-03
    2.9894775657487520e-03 2.6997484624603271e-03 1.7383746197305520e-03
    1.8042221432051941e-03 2.1071207511885476e-03 2.5548839108161144e-03
    2.7129179671552552e-03 2.5812229202059711e-03 3.0158165751386092e-03
    2.2783243122226171e-03 1.8832391713747645e-03 1.8832391713747645e-03
    1.6461880868660530e-03 2.1071207511885476e-03 4.1088854648176684e-03
    3.4504102300712469e-03 4.3459365493263794e-03 4.8595472324285882e-03
    3.4635797347661755e-03 3.5162577535458889e-03 2.5943924249008997e-03
    3.7664783427495290e-03 1.7252051150356234e-03 2.0807817417986909e-03
    2.1071207511885476e-03 2.4890363873414723e-03 2.7919349953248259e-03
    2.6339009389856846e-03 2.4890363873414723e-03 2.4231888638668298e-03
    1.7647136291204088e-03 1.8832391713747645e-03 2.3178328263074024e-03
    1.8964086760696931e-03 3.6216137911053163e-03 3.3977322112915334e-03
    3.9640209131734556e-03 5.1361068310220850e-03 3.6479528004951735e-03
    3.4635797347661755e-03 3.0948336033081794e-03 3.0948336033081794e-03
    1.8305611525950508e-03 2.1993072840530469e-03 1.9359171901544782e-03
    2.0149342183240489e-03 2.8972910328842532e-03 2.1202902558834762e-03
    2.1993072840530469e-03 2.1202902558834762e-03 1.9359171901544782e-03
    2.5022058920364004e-03 3.2528676596473207e-03 2.3968498544769731e-03
    3.4372407253763187e-03 3.7533088380546009e-03 3.4504102300712469e-03
    4.5171401103604493e-03 3.2660371643422493e-03 3.0421555845284659e-03
    2.7919349953248259e-03 2.7787654906298973e-03 1.5540015540015540e-03
