<?xml version="1.0"?>
<opencv_storage>
<cutting_board type_id="opencv-matrix">
  <rows>20</rows>
  <cols>20</cols>
  <dt>d</dt>
  <data>
    9.8828180149654094e-04 5.6473245799802349e-04 7.0591557249752930e-04
    1.4118311449950586e-03 8.4709868699703512e-04 1.4118311449950586e-03
    2.2589298319920939e-03 1.4118311449950586e-03 8.4709868699703512e-04
    7.7650712974728225e-03 1.4118311449950586e-03 8.4709868699703512e-04
    1.8353804884935763e-03 1.5530142594945644e-03 1.4118311449950586e-03
    9.8828180149654094e-04 2.2589298319920939e-03 1.6941973739940702e-03
    1.4118311449950586e-03 9.8828180149654094e-04 8.4709868699703512e-04
    4.2354934349851756e-04 1.4118311449950586e-03 7.0591557249752930e-04
    8.4709868699703512e-04 1.4118311449950586e-03 5.6473245799802349e-04
    2.1177467174925877e-03 1.9765636029930819e-03 1.9765636029930819e-03
    8.4709868699703512e-04 1.6941973739940702e-03 2.2589298319920939e-03
    2.2589298319920939e-03 1.4118311449950586e-03 1.5530142594945644e-03
    2.6824791754906114e-03 3.3883947479881405e-03 1.9765636029930819e-03
    2.1177467174925877e-03 8.4709868699703512e-04 1.5530142594945644e-03
    8.4709868699703512e-04 1.4118311449950586e-03 1.1294649159960470e-03
    5.6473245799802349e-04 2.4001129464915998e-03 1.2706480304955528e-03
    9.8828180149654094e-04 9.8828180149654094e-04 2.4001129464915998e-03
    2.1177467174925877e-03 2.4001129464915998e-03 2.5412960609911056e-03
    1.4118311449950586e-03 2.6824791754906114e-03 1.6941973739940702e-03
    1.4118311449950586e-03 1.6941973739940702e-03 1.8353804884935763e-03
    9.8828180149654094e-04 1.1294649159960470e-03 7.0591557249752930e-04
    1.8353804884935763e-03 1.9765636029930819e-03 1.4118311449950586e-03
    2.2589298319920939e-03 1.4118311449950586e-03 2.2589298319920939e-03
    2.4001129464915998e-03 2.5412960609911056e-03 1.6941973739940702e-03
    3.3883947479881405e-03 2.4001129464915998e-03 1.8353804884935763e-03
    2.2589298319920939e-03 3.2472116334886347e-03 3.1060285189891288e-03
    1.5530142594945644e-03 1.8353804884935763e-03 7.0591557249752930e-04
    7.0591557249752930e-04 1.8353804884935763e-03 1.4118311449950586e-03
    9.8828180149654094e-04 1.8353804884935763e-03 2.1177467174925877e-03
    2.5412960609911056e-03 1.9765636029930819e-03 2.5412960609911056e-03
    2.6824791754906114e-03 1.5530142594945644e-03 3.3883947479881405e-03
    2.8236622899901172e-03 2.9648454044896230e-03 2.5412960609911056e-03
    2.6824791754906114e-03 2.8236622899901172e-03 1.6941973739940702e-03
    1.6941973739940702e-03 1.4118311449950586e-03 1.5530142594945644e-03
    2.2589298319920939e-03 8.1886206409713391e-03 1.8353804884935763e-03
    1.9765636029930819e-03 5.3649583509812228e-03 4.2354934349851754e-03
    2.8236622899901172e-03 3.6707609769871525e-03 4.0943103204856696e-03
    2.9648454044896230e-03 3.5295778624876463e-03 3.5295778624876463e-03
    2.8236622899901172e-03 3.5295778624876463e-03 4.2354934349851754e-03
    2.4001129464915998e-03 2.2589298319920939e-03 1.8353804884935763e-03
    1.2706480304955528e-03 1.4118311449950586e-03 1.1294649159960470e-03
    1.9765636029930819e-03 2.2589298319920939e-03 2.2589298319920939e-03
    3.8119440914866584e-03 5.5061414654807286e-03 3.5295778624876463e-03
    4.3766765494846821e-03 4.2354934349851754e-03 3.3883947479881405e-03
    4.0943103204856696e-03 5.0825921219822112e-03 3.9531272059861637e-03
    5.6473245799802344e-03 4.8002258929831995e-03 3.5295778624876463e-03
    3.3883947479881405e-03 2.9648454044896230e-03 2.6824791754906114e-03
    1.6941973739940702e-03 1.1294649159960470e-03 1.8353804884935763e-03
    2.2589298319920939e-03 2.6824791754906114e-03 3.6707609769871525e-03
    5.3649583509812228e-03 2.6824791754906114e-03 1.5530142594945644e-03
    2.8236622899901172e-03 3.5295778624876463e-03 5.6473245799802344e-03
    1.2565297190456022e-02 4.8002258929831995e-03 3.6707609769871525e-03
    3.9531272059861637e-03 3.3883947479881405e-03 2.6824791754906114e-03
    1.6941973739940702e-03 1.4118311449950586e-03 1.5530142594945644e-03
    1.5530142594945644e-03 2.6824791754906114e-03 1.6941973739940702e-03
    2.8236622899901172e-03 3.3883947479881405e-03 4.0943103204856696e-03
    1.5530142594945644e-03 1.1294649159960470e-03 7.0591557249752930e-04
    2.6824791754906114e-03 4.2354934349851754e-03 5.5061414654807286e-03
    3.5295778624876463e-03 1.4118311449950586e-03 3.2472116334886347e-03
    2.9648454044896230e-03 3.8119440914866584e-03 3.2472116334886347e-03
    2.1177467174925877e-03 1.1294649159960470e-03 3.3883947479881405e-03
    3.9531272059861637e-03 3.8119440914866584e-03 4.2354934349851754e-03
    7.2003388394747984e-03 1.0871099816461951e-02 3.8119440914866584e-03
    1.4118311449950587e-04 7.0591557249752930e-04 5.3649583509812228e-03
    1.2988846533954539e-02 7.7650712974728225e-03 4.8002258929831995e-03
    2.2589298319920939e-03 4.2354934349851754e-03 3.6707609769871525e-03
    2.9648454044896230e-03 2.6824791754906114e-03 1.6941973739940702e-03
    2.2589298319920939e-03 1.6941973739940702e-03 1.8353804884935763e-03
    2.6824791754906114e-03 2.5412960609911056e-03 3.6707609769871525e-03
    4.8002258929831995e-03 1.4118311449950586e-03 8.4709868699703512e-04
    1.4118311449950586e-03 2.5412960609911056e-03 7.4827050684738109e-03
    6.4944232669772693e-03 3.6707609769871525e-03 3.6707609769871525e-03
    7.6238881829733167e-03 1.9765636029930819e-03 1.8353804884935763e-03
    3.1060285189891288e-03 1.5530142594945644e-03 2.1177467174925877e-03
    1.2706480304955528e-03 1.4118311449950586e-03 2.4001129464915998e-03
    3.8119440914866584e-03 4.8002258929831995e-03 5.3649583509812228e-03
    2.1177467174925877e-03 1.1294649159960470e-03 8.4709868699703512e-04
    1.9765636029930819e-03 4.8002258929831995e-03 2.9648454044896230e-03
    3.5295778624876463e-03 2.6824791754906114e-03 3.5295778624876463e-03
    1.9765636029930819e-03 1.4118311449950586e-03 3.3883947479881405e-03
    9.8828180149654094e-04 5.6473245799802349e-04 2.4001129464915998e-03
    3.3883947479881405e-03 2.9648454044896230e-03 2.4001129464915998e-03
    4.6590427784836937e-03 4.8002258929831995e-03 2.6824791754906114e-03
    2.1177467174925877e-03 5.0825921219822112e-03 2.8236622899901172e-03
    5.3649583509812228e-03 5.9296908089792461e-03 4.5178596639841879e-03
    2.1177467174925877e-03 4.2354934349851754e-03 3.9531272059861637e-03
    2.6824791754906114e-03 3.6707609769871525e-03 2.5412960609911056e-03
    1.6941973739940702e-03 1.8353804884935763e-03 3.5295778624876463e-03
    2.5412960609911056e-03 3.8119440914866584e-03 3.5295778624876463e-03
    4.2354934349851754e-03 2.2589298319920939e-03 4.0943103204856696e-03
    3.5295778624876463e-03 4.9414090074827053e-03 6.3532401524777635e-03
    3.5295778624876463e-03 3.6707609769871525e-03 2.1177467174925877e-03
    3.5295778624876463e-03 2.8236622899901172e-03 2.8236622899901172e-03
    2.8236622899901172e-03 1.1294649159960470e-03 9.8828180149654094e-04
    9.8828180149654094e-04 1.8353804884935763e-03 2.8236622899901172e-03
    2.6824791754906114e-03 2.4001129464915998e-03 3.3883947479881405e-03
    2.6824791754906114e-03 2.1177467174925877e-03 3.1060285189891288e-03
    2.5412960609911056e-03 3.3883947479881405e-03 3.3883947479881405e-03
    2.9648454044896230e-03 2.4001129464915998e-03 2.2589298319920939e-03
    1.8353804884935763e-03 1.8353804884935763e-03 1.9765636029930819e-03
    1.4118311449950586e-03 1.9765636029930819e-03 7.0591557249752930e-04
    2.9648454044896230e-03 1.5530142594945644e-03 1.5530142594945644e-03
    1.1294649159960470e-03 2.2589298319920939e-03 2.2589298319920939e-03
    2.5412960609911056e-03 3.2472116334886347e-03 1.5530142594945644e-03
    1.8353804884935763e-03 5.3649583509812228e-03 2.5412960609911056e-03
    1.6941973739940702e-03 2.9648454044896230e-03 3.2472116334886347e-03
    3.5295778624876463e-03 2.9648454044896230e-03 1.2706480304955528e-03
