<?xml version="1.0"?>
<opencv_storage>
<decoration type_id="opencv-matrix">
  <rows>20</rows>
  <cols>20</cols>
  <dt>d</dt>
  <data>
    0. 0. 2.7777777777777779e-03 0. 0. 2.7777777777777779e-03
    2.7777777777777779e-03 0. 0. 0. 0. 0. 0. 0. 5.5555555555555558e-03
    5.5555555555555558e-03 0. 0. 0. 2.7777777777777779e-03
    2.7777777777777779e-03 0. 0. 2.7777777777777779e-03
    2.7777777777777779e-03 2.7777777777777779e-03 2.7777777777777779e-03
    2.7777777777777779e-03 0. 2.7777777777777779e-03 0.
    2.7777777777777779e-03 2.7777777777777779e-03 0. 0.
    5.5555555555555558e-03 0. 0. 0. 5.5555555555555558e-03 0.
    2.7777777777777779e-03 2.7777777777777779e-03 0.
    2.7777777777777779e-03 0. 2.7777777777777779e-03 0.
    8.3333333333333332e-03 2.7777777777777779e-03 5.5555555555555558e-03
    2.7777777777777779e-03 8.3333333333333332e-03 2.7777777777777779e-03
    5.5555555555555558e-03 2.7777777777777779e-03 5.5555555555555558e-03
    2.7777777777777779e-03 2.7777777777777779e-03 0.
    5.5555555555555558e-03 0. 0. 0. 1.1111111111111112e-02 0. 0.
    2.7777777777777779e-03 0. 5.5555555555555558e-03 0. 0.
    5.5555555555555558e-03 2.7777777777777779e-03 5.5555555555555558e-03
    1.1111111111111112e-02 0. 0. 2.7777777777777779e-03
    5.5555555555555558e-03 5.5555555555555558e-03 0. 0.
    2.7777777777777779e-03 0. 0. 2.7777777777777779e-03
    2.7777777777777779e-03 0. 8.3333333333333332e-03
    2.7777777777777779e-03 2.7777777777777779e-03 2.7777777777777779e-03
    0. 8.3333333333333332e-03 0. 0. 0. 0. 2.7777777777777779e-03
    5.5555555555555558e-03 0. 2.7777777777777779e-03
    2.7777777777777779e-03 2.7777777777777779e-03 0.
    5.5555555555555558e-03 5.5555555555555558e-03 2.7777777777777779e-03
    8.3333333333333332e-03 0. 0. 2.7777777777777779e-03
    2.7777777777777779e-03 5.5555555555555558e-03 1.3888888888888888e-02
    0. 0. 0. 5.5555555555555558e-03 5.5555555555555558e-03
    2.7777777777777779e-03 2.7777777777777779e-03 0.
    8.3333333333333332e-03 2.7777777777777779e-03 0. 0. 0. 0. 0. 0. 0.
    5.5555555555555558e-03 2.7777777777777779e-03 8.3333333333333332e-03
    0. 0. 2.7777777777777779e-03 2.7777777777777779e-03 0. 0.
    5.5555555555555558e-03 0. 2.7777777777777779e-03
    2.7777777777777779e-03 0. 0. 5.5555555555555558e-03
    2.7777777777777779e-03 0. 5.5555555555555558e-03
    8.3333333333333332e-03 0. 5.5555555555555558e-03
    1.1111111111111112e-02 2.7777777777777779e-03 0.
    5.5555555555555558e-03 2.7777777777777779e-03 0. 0. 0.
    2.7777777777777779e-03 2.7777777777777779e-03 2.7777777777777779e-03
    2.7777777777777779e-03 5.5555555555555558e-03 2.7777777777777779e-03
    5.5555555555555558e-03 2.7777777777777779e-03 5.5555555555555558e-03
    1.1111111111111112e-02 5.5555555555555558e-03 8.3333333333333332e-03
    1.3888888888888888e-02 2.7777777777777779e-03 8.3333333333333332e-03
    0. 0. 2.7777777777777779e-03 2.7777777777777779e-03 0. 0. 0.
    2.7777777777777779e-03 2.7777777777777779e-03 2.7777777777777779e-03
    2.7777777777777779e-03 5.5555555555555558e-03 2.7777777777777779e-03
    0. 5.5555555555555558e-03 2.7777777777777779e-03 0.
    2.7777777777777779e-03 0. 5.5555555555555558e-03
    2.7777777777777779e-03 0. 0. 2.7777777777777779e-03 0.
    2.7777777777777779e-03 0. 2.7777777777777779e-03 0.
    5.5555555555555558e-03 0. 0. 2.7777777777777779e-03
    2.7777777777777779e-03 0. 1.1111111111111112e-02 0.
    1.3888888888888888e-02 0. 2.7777777777777779e-03
    2.7777777777777779e-03 0. 2.7777777777777779e-03 0.
    2.7777777777777779e-03 0. 5.5555555555555558e-03
    2.7777777777777779e-03 2.7777777777777779e-03 2.7777777777777779e-03
    0. 2.7777777777777779e-03 0. 0. 2.7777777777777779e-03
    5.5555555555555558e-03 8.3333333333333332e-03 2.7777777777777779e-03
    5.5555555555555558e-03 0. 0. 2.7777777777777779e-03
    2.7777777777777779e-03 0. 2.7777777777777779e-03 0.
    5.5555555555555558e-03 8.3333333333333332e-03 0.
    8.3333333333333332e-03 2.7777777777777779e-03 0.
    1.1111111111111112e-02 0. 0. 8.3333333333333332e-03
    2.7777777777777779e-03 1.3888888888888888e-02 2.7777777777777779e-03
    0. 2.7777777777777779e-03 2.7777777777777779e-03
    2.7777777777777779e-03 2.7777777777777779e-03 5.5555555555555558e-03
    0. 5.5555555555555558e-03 2.7777777777777779e-03 0. 0. 0.
    5.5555555555555558e-03 5.5555555555555558e-03 8.3333333333333332e-03
    5.5555555555555558e-03 8.3333333333333332e-03 0.
    2.7777777777777779e-03 0. 5.5555555555555558e-03
    5.5555555555555558e-03 0. 0. 0. 0. 5.5555555555555558e-03
    5.5555555555555558e-03 5.5555555555555558e-03 2.7777777777777779e-03
    0. 0. 0. 0. 0. 0. 2.7777777777777779e-03 5.5555555555555558e-03
    1.1111111111111112e-02 0. 2.7777777777777779e-03 0.
    2.7777777777777779e-03 0. 0. 1.1111111111111112e-02
    2.7777777777777779e-03 5.5555555555555558e-03 0. 0.
    5.5555555555555558e-03 2.7777777777777779e-03 0.
    8.3333333333333332e-03 0. 0. 2.7777777777777779e-03 0.
    1.1111111111111112e-02 2.7777777777777779e-03 2.7777777777777779e-03
    2.7777777777777779e-03 0. 0. 0. 0. 0. 0. 0. 2.7777777777777779e-03
    2.7777777777777779e-03 0. 2.7777777777777779e-03
    2.7777777777777779e-03 0. 2.7777777777777779e-03
    2.7777777777777779e-03 2.7777777777777779e-03 0. 0. 0. 0.
    2.7777777777777779e-03 0. 0. 2.7777777777777779e-03 0. 0. 0.
    2.7777777777777779e-03 0. 2.7777777777777779e-03
    2.7777777777777779e-03 0. 0. 8.3333333333333332e-03
    5.5555555555555558e-03 0. 8.3333333333333332e-03
    2.7777777777777779e-03 5.5555555555555558e-03 8.3333333333333332e-03
    0. 0. 2.7777777777777779e-03 5.5555555555555558e-03 0.
    2.7777777777777779e-03 0. 0. 2.7777777777777779e-03 0. 0. 0. 0. 0.
    0. 2.7777777777777779e-03 8.3333333333333332e-03
    2.7777777777777779e-03 0. 2.7777777777777779e-03
    2.7777777777777779e-03 2.7777777777777779e-03 0. 0.
    2.7777777777777779e-03 2.7777777777777779e-03 0.
    2.7777777777777779e-03 2.7777777777777779e-03 5.5555555555555558e-03
    2.7777777777777779e-03 0. 2.7777777777777779e-03 0.
    2.7777777777777779e-03 0. 0. 2.7777777777777779e-03 0. 0. 0.</data></decoration>
</opencv_storage>
