<?xml version="1.0"?>
<opencv_storage>
<desk type_id="opencv-matrix">
  <rows>20</rows>
  <cols>20</cols>
  <dt>d</dt>
  <data>
    1.0065526578022929e-03 7.5491449335171970e-04 8.1530765281985723e-04
    8.7570081228799488e-04 7.8511107308578852e-04 1.2179287159407744e-03
    1.4595013538133248e-03 1.1374045033165909e-03 1.0367492375363617e-03
    1.3387150348770497e-03 2.1741537408529526e-03 2.6170369102859617e-03
    1.9829087358705171e-03 3.3115582441695436e-03 1.7212050448419209e-03
    9.1596291860008660e-04 1.0770113438484535e-03 1.2883874019869351e-03
    1.3387150348770497e-03 1.1474700298946140e-03 7.3478344019567389e-04
    9.5622502491217833e-04 1.0166181843803159e-03 9.9648713122427006e-04
    6.6432475414951334e-04 1.0065526578022929e-03 1.6608118853737833e-03
    1.2581908222528662e-03 1.1273389767385681e-03 1.5098289867034394e-03
    2.2546779534771363e-03 2.2647434800551589e-03 1.9426466295584253e-03
    3.8148345730706903e-03 1.6507463587957605e-03 1.0770113438484535e-03
    9.1596291860008660e-04 9.8642160464624705e-04 1.8621224169342418e-03
    1.2279942425187974e-03 7.5491449335171970e-04 6.7439028072753624e-04
    9.1596291860008660e-04 7.5491449335171970e-04 9.1596291860008660e-04
    1.1977976627847286e-03 1.9023845232463337e-03 1.3991081943451871e-03
    1.0166181843803159e-03 1.3487805614550725e-03 2.0332363687606317e-03
    2.3150711129452739e-03 2.7176921760661910e-03 3.6739172009783690e-03
    1.3387150348770497e-03 8.5556975913194896e-04 9.0589739202206359e-04
    1.5500910930155310e-03 1.0468147641143847e-03 1.2783218754089120e-03
    8.0524212624183433e-04 9.0589739202206359e-04 9.3609397175613241e-04
    1.2581908222528662e-03 1.1474700298946140e-03 9.3609397175613241e-04
    2.3352021661013195e-03 1.4695668803913478e-03 1.1977976627847286e-03
    1.1676010830506598e-03 1.7715326777320356e-03 2.4257919053035258e-03
    2.9693303405167642e-03 4.2879143222377680e-03 1.4091737209232101e-03
    8.7570081228799488e-04 1.3387150348770497e-03 1.3387150348770497e-03
    1.0971423970044993e-03 1.2581908222528662e-03 9.1596291860008660e-04
    5.6366948836928407e-04 8.1530765281985723e-04 1.1374045033165909e-03
    8.5556975913194896e-04 1.0065526578022929e-03 1.8419913637781960e-03
    1.4091737209232101e-03 9.7635607806822414e-04 1.3085184551429809e-03
    1.6507463587957605e-03 1.8419913637781960e-03 2.2244813737430673e-03
    3.0297234999849018e-03 1.3991081943451871e-03 1.2279942425187974e-03
    1.0266837109583389e-03 8.4550423255392605e-04 9.2602844517810951e-04
    1.3085184551429809e-03 8.1530765281985723e-04 8.7570081228799488e-04
    6.9452133388358216e-04 7.3478344019567389e-04 8.6563528570997186e-04
    1.0870768704264763e-03 1.1273389767385681e-03 1.6910084651078521e-03
    1.0065526578022929e-03 1.5500910930155310e-03 1.8319258372001732e-03
    1.0971423970044993e-03 1.1977976627847286e-03 1.5802876727495998e-03
    1.3890426677671643e-03 9.6629055149020124e-04 7.1465238703962797e-04
    6.9452133388358216e-04 1.0367492375363617e-03 7.9517659966381142e-04
    1.0468147641143847e-03 1.1374045033165909e-03 1.2883874019869351e-03
    1.4796324069693706e-03 1.4595013538133248e-03 1.4293047740792559e-03
    1.4091737209232101e-03 1.4595013538133248e-03 2.3452676926793425e-03
    4.3080453753938141e-03 4.3080453753938141e-03 2.4861850647716634e-03
    1.7514016245759898e-03 1.7010739916858751e-03 1.5601566195935540e-03
    1.2984529285649579e-03 1.4091737209232101e-03 1.2783218754089120e-03
    1.2279942425187974e-03 1.3387150348770497e-03 9.7635607806822414e-04
    7.1465238703962797e-04 1.5702221461715770e-03 1.9728432092924941e-03
    1.7212050448419209e-03 2.0231708421826087e-03 2.9793958670947872e-03
    1.7010739916858751e-03 2.2748090066331819e-03 4.1771935298795153e-03
    4.2677832690817220e-03 2.3553332192573656e-03 2.1741537408529526e-03
    3.1807063986552457e-03 2.4660540116156178e-03 1.7514016245759898e-03
    1.3890426677671643e-03 1.4796324069693706e-03 1.1575355564726370e-03
    1.4796324069693706e-03 1.5098289867034394e-03 1.5098289867034394e-03
    1.5601566195935540e-03 2.0332363687606317e-03 1.6708774119518063e-03
    2.8183474418464203e-03 4.6704043322026391e-03 3.5732619351981397e-03
    3.4524756162618649e-03 3.3216237707475666e-03 3.7947035199146443e-03
    8.6462873305216958e-03 1.2078631893627515e-02 1.2642301381996799e-02
    4.5093559069542726e-03 1.4192392475012329e-03 1.4595013538133248e-03
    1.6406808322177375e-03 2.5465782242398011e-03 2.2647434800551589e-03
    1.8218603106221502e-03 1.7614671511540126e-03 1.9225155764023795e-03
    2.7881508621123512e-03 2.7579542823782826e-03 5.6668914634269091e-03
    1.4605079064711271e-02 1.0921096337154879e-02 5.8380054152532990e-03
    5.2944669800400607e-03 5.9487262076115509e-03 1.7997161521504997e-02
    3.1515163715789794e-02 3.9034112069572920e-02 1.0015198945132815e-02
    2.4559884850375948e-03 1.9627776827144711e-03 2.6874955963321220e-03
    2.2848745332112049e-03 2.4459229584595718e-03 1.8319258372001732e-03
    1.7312705714199437e-03 2.0433018953386548e-03 2.6170369102859617e-03
    4.0060795780531263e-03 6.4821991162467667e-03 1.2320204531500066e-02
    9.5421191959657366e-03 5.7272846228950463e-03 4.0060795780531263e-03
    1.7685130197586288e-02 1.9074172865353452e-02 2.8757209433411510e-02
    3.7554479662603550e-02 1.2300073478344019e-02 2.7176921760661910e-03
    2.5264471710837550e-03 2.6170369102859617e-03 2.0734984750727234e-03
    2.6975611229101450e-03 1.7916637308880814e-03 1.7413360979979667e-03
    1.5802876727495998e-03 1.9728432092924941e-03 1.7312705714199437e-03
    3.0196579734068788e-03 4.5798145930004332e-03 3.6839827275563920e-03
    3.5631964086201172e-03 3.4927377225739565e-03 9.7635607806822421e-03
    1.9718366566346918e-02 8.5858941710535586e-03 7.7705865182337011e-03
    3.5732619351981397e-03 1.4393703006572790e-03 1.7010739916858751e-03
    1.8218603106221502e-03 2.7378232292222366e-03 2.4157263787255032e-03
    1.0065526578022929e-03 1.0971423970044993e-03 1.5098289867034394e-03
    1.7212050448419209e-03 1.5400255664375082e-03 2.3352021661013195e-03
    2.3754642724134111e-03 1.8017292574661044e-03 1.9023845232463337e-03
    3.8249000996487133e-03 5.1736806611037854e-03 5.2038772408378548e-03
    2.9793958670947872e-03 3.5329998288860481e-03 2.9491992873607181e-03
    1.5702221461715770e-03 1.4393703006572790e-03 1.1676010830506598e-03
    1.2682563488308890e-03 1.3286495082990267e-03 1.0870768704264763e-03
    1.0266837109583389e-03 1.2682563488308890e-03 1.2682563488308890e-03
    1.4896979335473936e-03 1.4494358272353017e-03 1.6104842524836687e-03
    1.3487805614550725e-03 2.0030397890265631e-03 4.4489627474861345e-03
    4.6200766993125244e-03 2.2244813737430673e-03 1.8822534700902878e-03
    1.7614671511540126e-03 1.7312705714199437e-03 1.6809429385298291e-03
    1.1474700298946140e-03 1.5702221461715770e-03 1.1676010830506598e-03
    1.3789771411891413e-03 7.0458686046160506e-04 8.2537317939788025e-04
    6.6432475414951334e-04 7.2471791361765087e-04 8.1530765281985723e-04
    1.1374045033165909e-03 1.1072079235825221e-03 1.3387150348770497e-03
    9.6629055149020124e-04 1.2984529285649579e-03 1.5903531993276228e-03
    1.0568802906924075e-03 1.2581908222528662e-03 1.6910084651078521e-03
    1.2078631893627516e-03 8.9583186544404069e-04 6.4419370099346753e-04
    7.8511107308578852e-04 1.0065526578022929e-03 9.6629055149020124e-04
    9.3609397175613241e-04 5.2340738205719235e-04 8.3543870597590315e-04
    1.1977976627847286e-03 1.0266837109583389e-03 1.1977976627847286e-03
    2.0835640016507464e-03 1.6306153056397145e-03 1.2179287159407744e-03
    1.3085184551429809e-03 1.4192392475012329e-03 2.2244813737430673e-03
    2.3653987458353886e-03 2.9995269202508328e-03 1.3085184551429809e-03
    1.1474700298946140e-03 1.0870768704264763e-03 1.1575355564726370e-03
    1.1374045033165909e-03 1.3789771411891413e-03 8.7570081228799488e-04
