<?xml version="1.0"?>
<opencv_storage>
<dining_table type_id="opencv-matrix">
  <rows>20</rows>
  <cols>20</cols>
  <dt>d</dt>
  <data>
    3.8928019658649929e-04 2.7979514129654635e-04 6.3258031945306133e-04
    4.0144520272982739e-04 5.1093025801978028e-04 5.9608530102307701e-04
    8.6371543617629531e-04 8.3938542388963910e-04 5.1093025801978028e-04
    1.7517608846392468e-03 2.3721761979489798e-03 5.8392029487974891e-04
    7.4206537474301427e-04 8.2722041774631100e-04 6.9340535016970185e-04
    4.2577521501648360e-04 3.8928019658649929e-04 4.1361020887315550e-04
    3.7711519044317119e-04 3.2845516586985877e-04 3.7711519044317119e-04
    7.1773536245635806e-04 4.3794022115981171e-04 3.6495018429984308e-04
    4.7443523958979597e-04 7.5423038088634237e-04 9.0021045460627962e-04
    7.0557035631302995e-04 8.7588044231962342e-04 4.5983723221780229e-03
    5.2187876354877561e-03 9.2454046689293583e-04 7.2990036859968616e-04
    1.1191805651861854e-03 7.7856039317299858e-04 4.2577521501648360e-04
    4.8660024573312407e-04 4.5010522730313981e-04 5.2309526416310839e-04
    4.2577521501648360e-04 3.8928019658649929e-04 4.8660024573312407e-04
    3.5278517815651498e-04 4.3794022115981171e-04 5.9608530102307701e-04
    5.9608530102307701e-04 8.5155043003296721e-04 9.3670547303626383e-04
    5.9608530102307701e-04 3.4791917569918372e-03 5.2674476600610681e-03
    5.4742527644976459e-04 9.2454046689293583e-04 8.5155043003296721e-04
    6.2041531330973322e-04 4.9876525187645218e-04 3.2845516586985877e-04
    3.6495018429984308e-04 4.9876525187645218e-04 4.6227023344646792e-04
    5.4742527644976459e-04 6.2041531330973322e-04 5.3526027030643649e-04
    4.8660024573312407e-04 5.8392029487974891e-04 7.6639538702967048e-04
    1.0948505528995292e-03 9.1237546074960773e-04 6.6907533788304564e-04
    4.6713623590379913e-03 5.7053878812208803e-03 6.5691033173971753e-04
    9.7320049146624814e-04 9.8536549760957636e-04 7.4206537474301427e-04
    5.2309526416310839e-04 5.4742527644976459e-04 5.4742527644976459e-04
    6.5691033173971753e-04 4.8660024573312407e-04 6.4474532559638943e-04
    4.3794022115981171e-04 5.5959028259309270e-04 6.2041531330973322e-04
    1.1435105774728416e-03 3.2237266279819469e-03 2.3113511672323396e-03
    1.8977409583591839e-03 2.0193910197924651e-03 6.8853934771237061e-03
    1.0814690461418683e-02 1.9464009829324963e-03 1.9220709706458401e-03
    2.0802160505091053e-03 3.1507365911219785e-03 1.1556755836161698e-03
    5.7175528873642080e-04 6.4474532559638943e-04 4.0144520272982739e-04
    6.0825030716640512e-04 5.5959028259309270e-04 8.1505541160298289e-04
    5.1093025801978028e-04 6.4474532559638943e-04 1.9099059645025121e-03
    6.1311630962373638e-03 5.1214675863411312e-03 4.0631120518715858e-03
    2.6519713392455261e-03 8.3208642020364213e-03 1.2627276376774570e-02
    2.6154763208155419e-03 3.4791917569918372e-03 4.9754875126211935e-03
    6.0095130348040825e-03 1.8855759522158559e-03 7.1773536245635806e-04
    5.7175528873642080e-04 7.0557035631302995e-04 4.9876525187645218e-04
    6.4474532559638943e-04 7.1773536245635806e-04 7.1773536245635806e-04
    6.8124034402637374e-04 1.3746456941960755e-03 5.4012627276376771e-03
    5.5229127890709584e-03 6.1554931085240202e-03 4.0996070703015709e-03
    7.6517888641533761e-03 9.9753050375290444e-03 4.1725971071615393e-03
    5.5594078075009426e-03 5.5350777952142870e-03 5.2066226293444274e-03
    1.8855759522158559e-03 7.4206537474301427e-04 5.9608530102307701e-04
    5.9608530102307701e-04 3.6495018429984308e-04 7.5423038088634237e-04
    8.2722041774631100e-04 6.4474532559638943e-04 8.6371543617629531e-04
    1.4598007371993723e-03 5.7905429242241764e-03 8.6979793924795937e-03
    8.0289040545965477e-03 4.7565174020412883e-03 4.7078573774679755e-03
    4.2455871440215077e-03 4.9268274880478816e-03 7.4814787781467829e-03
    7.9802440300232348e-03 5.4255927399243335e-03 1.6909358539226062e-03
    9.4887047917959193e-04 7.7856039317299858e-04 8.1505541160298289e-04
    6.9340535016970185e-04 6.4474532559638943e-04 9.1237546074960773e-04
    8.7588044231962342e-04 1.0583555344695450e-03 1.8734109460725277e-03
    6.8975584832670338e-03 1.3272021702370960e-02 1.4233057187693880e-02
    5.4742527644976464e-03 1.0218605160395606e-03 8.3938542388963910e-04
    5.2917776723477245e-03 1.3916767027967349e-02 1.3807281972677396e-02
    7.3841587290001580e-03 1.9099059645025121e-03 1.1678405897594978e-03
    9.2454046689293583e-04 1.0340255221828888e-03 6.8124034402637374e-04
    1.3868107003394037e-03 1.2651606389061227e-03 1.8369159276425435e-03
    2.8952714621120882e-03 4.9268274880478816e-03 1.0388915246402199e-02
    1.1800055959028260e-02 8.6736493801929365e-03 2.0193910197924651e-03
    2.1897011057990585e-04 2.7979514129654635e-04 1.7395958784959186e-03
    7.8585939685899536e-03 8.7344744109095779e-03 8.2235441528897973e-03
    3.5035217692784937e-03 1.8977409583591839e-03 1.3624806880527475e-03
    1.0826855467562012e-03 9.7320049146624814e-04 1.3381506757660913e-03
    9.7320049146624814e-04 1.5206257679160127e-03 2.1653710935124024e-03
    3.6130068245684463e-03 8.8196294539128750e-03 9.8049949515224503e-03
    6.8975584832670338e-03 2.7371263822488232e-03 1.3381506757660912e-04
    1.0948505528995293e-04 2.4451662348089487e-03 8.8439594661995306e-03
    1.1702735909881634e-02 1.0157780129678965e-02 4.9268274880478816e-03
    2.9682614989720571e-03 1.9585659890758245e-03 1.2165006143328102e-03
    1.6179458170626376e-03 6.8124034402637374e-04 1.0826855467562012e-03
    9.6103548532292004e-04 9.1237546074960773e-04 1.7882559030692310e-03
    7.7369439071566732e-03 1.4087077113973943e-02 1.4573677359707066e-02
    5.7540479057941922e-03 1.6666058416359500e-03 1.2043356081894822e-03
    5.4864177706409742e-03 1.4476357310560442e-02 1.2663771395204554e-02
    7.1408586061335964e-03 1.7760908969259030e-03 9.8536549760957636e-04
    8.1505541160298289e-04 9.4887047917959193e-04 6.0825030716640512e-04
    7.0557035631302995e-04 6.3258031945306133e-04 6.9340535016970185e-04
    7.7856039317299858e-04 1.6787708477792782e-03 5.4255927399243335e-03
    7.5423038088634235e-03 7.5787988272934077e-03 5.1214675863411312e-03
    5.2431176477744125e-03 3.9901220150116174e-03 5.0971375740544748e-03
    7.8950889870199378e-03 8.3451942143230786e-03 5.3769327153510215e-03
    1.8977409583591839e-03 9.6103548532292004e-04 6.5691033173971753e-04
    8.7588044231962342e-04 7.2990036859968616e-04 6.5691033173971753e-04
    5.7175528873642080e-04 7.5423038088634237e-04 7.1773536245635806e-04
    1.6301108232059658e-03 4.5497122976047100e-03 6.2528131576706442e-03
    5.8878629733708013e-03 3.9414619904383054e-03 8.7101443986229207e-03
    8.5155043003296710e-03 4.1604321010182107e-03 5.4012627276376771e-03
    5.5472428013576148e-03 4.0752770580149145e-03 1.9220709706458401e-03
    7.0557035631302995e-04 6.8124034402637374e-04 7.2990036859968616e-04
    3.7711519044317119e-04 5.2309526416310839e-04 8.5155043003296721e-04
    6.5691033173971753e-04 5.3526027030643649e-04 1.8125859153558872e-03
    6.7759084218337534e-03 4.9146624819045538e-03 4.0996070703015709e-03
    2.2748561488023550e-03 1.0753865430702043e-02 1.0109120105105653e-02
    2.3113511672323396e-03 3.9657920027249610e-03 5.2431176477744125e-03
    6.8245684464070654e-03 2.0072260136491369e-03 6.3258031945306133e-04
    5.7175528873642080e-04 6.6907533788304564e-04 4.9876525187645218e-04
    6.3258031945306133e-04 5.7175528873642080e-04 5.3526027030643649e-04
    8.1505541160298289e-04 9.4887047917959193e-04 2.9439314866854006e-03
    1.9464009829324963e-03 1.9342359767891683e-03 1.8734109460725277e-03
    8.5276693064729996e-03 8.1748841283164845e-03 1.9464009829324963e-03
    1.8247509214992155e-03 2.1288760750824177e-03 3.3575416955585564e-03
    1.2651606389061227e-03 4.9876525187645218e-04 5.8392029487974891e-04
    5.4742527644976459e-04 6.9340535016970185e-04 5.3526027030643649e-04
