<?xml version="1.0"?>
<opencv_storage>
<dishwasher type_id="opencv-matrix">
  <rows>20</rows>
  <cols>20</cols>
  <dt>d</dt>
  <data>
    5.6593095642331638e-04 0. 5.6593095642331638e-04
    1.1318619128466328e-03 0. 2.2637238256932655e-03
    1.1318619128466328e-03 5.6593095642331638e-04 1.1318619128466328e-03
    1.6977928692699490e-03 2.2637238256932655e-03 1.1318619128466328e-03
    2.2637238256932655e-03 5.6593095642331632e-03 5.6593095642331632e-03
    1.1318619128466328e-03 3.3955857385398981e-03 5.6593095642331638e-04
    2.2637238256932655e-03 3.3955857385398981e-03 0.
    5.6593095642331638e-04 5.6593095642331638e-04 5.6593095642331638e-04
    5.6593095642331638e-04 1.6977928692699490e-03 1.1318619128466328e-03
    1.6977928692699490e-03 0. 3.3955857385398981e-03
    3.3955857385398981e-03 1.1318619128466328e-03 3.9615166949632146e-03
    4.5274476513865311e-03 3.9615166949632146e-03 2.8296547821165816e-03
    3.3955857385398981e-03 5.6593095642331638e-04 3.9615166949632146e-03
    4.5274476513865311e-03 2.2637238256932655e-03 1.1318619128466328e-03
    0. 2.2637238256932655e-03 1.1318619128466328e-03
    5.6593095642331638e-04 1.6977928692699490e-03 1.6977928692699490e-03
    5.6593095642331638e-04 1.1318619128466328e-03 1.6977928692699490e-03
    1.6977928692699490e-03 2.2637238256932655e-03 3.9615166949632146e-03
    3.3955857385398981e-03 1.6977928692699490e-03 5.0933786078098476e-03
    4.5274476513865311e-03 2.8296547821165816e-03 3.3955857385398981e-03
    1.1318619128466328e-03 3.3955857385398981e-03 1.6977928692699490e-03
    5.6593095642331638e-04 5.6593095642331638e-04 5.6593095642331638e-04
    5.6593095642331638e-04 1.6977928692699490e-03 1.1318619128466328e-03
    1.1318619128466328e-03 2.2637238256932655e-03 5.6593095642331638e-04
    1.1318619128466328e-03 8.4889643463497456e-03 3.3955857385398981e-03
    5.6593095642331632e-03 1.1318619128466326e-02 6.2252405206564797e-03
    6.2252405206564797e-03 8.4889643463497456e-03 5.6593095642331638e-04
    5.6593095642331638e-04 2.2637238256932655e-03 5.6593095642331638e-04
    0. 1.1318619128466328e-03 2.2637238256932655e-03
    5.6593095642331638e-04 1.6977928692699490e-03 2.2637238256932655e-03
    3.9615166949632146e-03 2.2637238256932655e-03 2.8296547821165816e-03
    4.5274476513865311e-03 2.2637238256932655e-03 3.9615166949632146e-03
    2.2637238256932655e-03 5.0933786078098476e-03 4.5274476513865311e-03
    1.6977928692699490e-03 1.1318619128466328e-03 1.6977928692699490e-03
    5.6593095642331638e-04 0. 1.6977928692699490e-03
    5.6593095642331638e-04 5.6593095642331638e-04 3.3955857385398981e-03
    0. 1.6977928692699490e-03 1.6977928692699490e-03
    2.8296547821165816e-03 6.7911714770797962e-03 5.0933786078098476e-03
    4.5274476513865311e-03 7.9230333899264292e-03 5.6593095642331632e-03
    6.7911714770797962e-03 2.8296547821165816e-03 2.8296547821165816e-03
    0. 0. 2.2637238256932655e-03 1.1318619128466328e-03 0. 0.
    1.1318619128466328e-03 2.2637238256932655e-03 0. 0.
    1.6977928692699490e-03 1.1318619128466328e-03 5.0933786078098476e-03
    2.8296547821165816e-03 1.6977928692699490e-03 3.9615166949632146e-03
    1.6977928692699490e-03 5.0933786078098476e-03 3.9615166949632146e-03
    7.9230333899264292e-03 2.8296547821165816e-03 0.
    1.6977928692699490e-03 5.6593095642331638e-04 5.6593095642331638e-04
    3.3955857385398981e-03 2.2637238256932655e-03 2.2637238256932655e-03
    5.6593095642331638e-04 1.1318619128466328e-03 5.6593095642331638e-04
    0. 2.8296547821165816e-03 4.5274476513865311e-03
    1.1318619128466328e-03 5.0933786078098476e-03 4.5274476513865311e-03
    1.1318619128466328e-03 7.3571024335031127e-03 6.2252405206564797e-03
    5.6593095642331638e-04 2.2637238256932655e-03 2.2637238256932655e-03
    1.6977928692699490e-03 0. 2.8296547821165816e-03
    1.1318619128466328e-03 0. 5.6593095642331638e-04 0. 0. 0.
    1.1318619128466328e-03 5.6593095642331632e-03 4.5274476513865311e-03
    3.3955857385398981e-03 3.3955857385398981e-03 8.4889643463497456e-03
    4.5274476513865311e-03 3.3955857385398981e-03 0.
    1.1318619128466328e-03 1.1318619128466328e-03 2.2637238256932655e-03
    0. 2.2637238256932655e-03 1.6977928692699490e-03
    1.6977928692699490e-03 5.6593095642331638e-04 0. 0.
    5.6593095642331638e-04 2.2637238256932655e-03 2.8296547821165816e-03
    5.6593095642331638e-04 3.3955857385398981e-03 5.0933786078098476e-03
    4.5274476513865311e-03 5.6593095642331632e-03 6.2252405206564797e-03
    1.6977928692699490e-03 5.6593095642331638e-04 1.6977928692699490e-03
    0. 2.2637238256932655e-03 1.6977928692699490e-03 0. 0. 0. 0.
    5.6593095642331638e-04 0. 1.1318619128466328e-03
    3.3955857385398981e-03 2.2637238256932655e-03 2.8296547821165816e-03
    4.5274476513865311e-03 6.7911714770797962e-03 3.3955857385398981e-03
    6.2252405206564797e-03 1.1318619128466328e-03 5.6593095642331638e-04
    5.6593095642331638e-04 5.6593095642331638e-04 5.6593095642331638e-04
    5.6593095642331638e-04 5.6593095642331638e-04 0. 0. 0. 0. 0.
    5.6593095642331638e-04 3.9615166949632146e-03 5.0933786078098476e-03
    2.8296547821165816e-03 3.3955857385398981e-03 3.5087719298245612e-02
    7.9230333899264292e-03 1.6977928692699490e-03 1.6977928692699490e-03
    5.6593095642331638e-04 1.1318619128466328e-03 0.
    5.6593095642331638e-04 5.6593095642331638e-04 1.1318619128466328e-03
    2.2637238256932655e-03 0. 0. 5.6593095642331638e-04 0.
    4.5274476513865311e-03 5.6593095642331632e-03 3.3955857385398981e-03
    2.2637238256932655e-03 3.9615166949632146e-03 6.7911714770797962e-03
    6.7911714770797962e-03 2.8296547821165816e-03 1.1318619128466328e-03
    0. 3.3955857385398981e-03 1.1318619128466328e-03 0.
    1.6977928692699490e-03 1.1318619128466328e-03 0. 0. 0.
    1.1318619128466328e-03 1.6977928692699490e-03 3.9615166949632146e-03
    1.6977928692699490e-03 5.6593095642331632e-03 1.6977928692699490e-03
    2.2637238256932655e-03 5.6593095642331632e-03 6.2252405206564797e-03
    4.5274476513865311e-03 0. 5.6593095642331638e-04
    5.6593095642331638e-04 0. 2.2637238256932655e-03 0.
    5.6593095642331638e-04 1.6977928692699490e-03 1.6977928692699490e-03
    5.6593095642331638e-04 5.6593095642331638e-04 3.9615166949632146e-03
    5.6593095642331632e-03 9.6208262591963786e-03 1.0186757215619695e-02
    3.3955857385398981e-03 3.9615166949632146e-03 5.6593095642331632e-03
    7.9230333899264292e-03 4.5274476513865311e-03 5.6593095642331638e-04
    5.6593095642331638e-04 2.2637238256932655e-03 1.6977928692699490e-03
    0. 5.6593095642331638e-04 1.1318619128466328e-03 0. 0.
    2.8296547821165816e-03 2.8296547821165816e-03 2.2637238256932655e-03
    2.8296547821165816e-03 5.0933786078098476e-03 3.9615166949632146e-03
    2.2637238256932655e-03 5.6593095642331632e-03 3.9615166949632146e-03
    6.7911714770797962e-03 2.2637238256932655e-03 2.2637238256932655e-03
    5.6593095642331638e-04 0. 1.1318619128466328e-03 0. 0.
    2.2637238256932655e-03 5.6593095642331638e-04 1.1318619128466328e-03
    5.6593095642331638e-04 1.6977928692699490e-03 3.9615166949632146e-03
    5.6593095642331632e-03 2.8296547821165816e-03 2.8296547821165816e-03
    3.3955857385398981e-03 3.3955857385398981e-03 5.6593095642331632e-03
    8.4889643463497456e-03 5.0933786078098476e-03 5.6593095642331638e-04
    5.6593095642331638e-04 0. 0. 5.6593095642331638e-04 0. 0. 0.
    1.6977928692699490e-03 1.1318619128466328e-03 1.6977928692699490e-03
    2.2637238256932655e-03 1.6977928692699490e-03 8.4889643463497456e-03
    4.5274476513865311e-03 3.3955857385398981e-03 1.1318619128466328e-03
    6.4516129032258063e-02 3.9615166949632146e-03 2.8296547821165816e-03
    0. 5.6593095642331638e-04 1.1318619128466328e-03 0.
    1.1318619128466328e-03 1.6977928692699490e-03 5.6593095642331638e-04
    0. 5.6593095642331638e-04 0. 1.1318619128466328e-03
    2.2637238256932655e-03 3.9615166949632146e-03 2.8296547821165816e-03
