<?xml version="1.0"?>
<opencv_storage>
<door type_id="opencv-matrix">
  <rows>20</rows>
  <cols>20</cols>
  <dt>d</dt>
  <data>
    2.2056747600225860e-03 2.7350367024280070e-03 2.4350649350649350e-03
    2.7526821005081875e-03 2.3468379446640315e-03 4.4113495200451720e-03
    2.9820722755505365e-03 2.9997176736307170e-03 3.2996894409937890e-03
    2.0821569734613215e-03 1.1645962732919255e-03 1.1293054771315640e-03
    1.2351778656126482e-03 2.4880011293054770e-03 3.9702145680406550e-03
    2.9467814793901750e-03 4.0760869565217390e-03 4.0584415584415581e-03
    3.3349802371541500e-03 2.6821005081874645e-03 3.7055335968379445e-03
    3.0879446640316205e-03 2.7173913043478260e-03 3.2291078486730660e-03
    2.5056465273856580e-03 3.6349520045172220e-03 3.9172783738001130e-03
    3.1761716544325240e-03 3.3526256352343310e-03 2.1350931677018635e-03
    1.3763410502540937e-03 1.3234048560135517e-03 8.9991530208921513e-04
    2.2939017504234895e-03 3.7937605872388480e-03 3.6878881987577640e-03
    3.9878599661208360e-03 4.0407961603613780e-03 2.8761998870694525e-03
    2.9644268774703555e-03 3.1585262563523435e-03 3.2643986448334275e-03
    2.9114906832298135e-03 2.7173913043478260e-03 2.8761998870694525e-03
    3.8996329757199320e-03 3.7584697910784865e-03 2.8761998870694525e-03
    3.1055900621118010e-03 1.9409937888198758e-03 1.1116600790513835e-03
    7.7639751552795026e-04 1.5880858272162620e-03 2.8585544889892715e-03
    4.3407679277244491e-03 3.3526256352343310e-03 3.6702428006775835e-03
    4.2701863354037270e-03 3.0350084697910785e-03 3.6173066064370410e-03
    2.8232636928289100e-03 3.5290796160361380e-03 3.3879164313946925e-03
    3.1585262563523435e-03 2.7173913043478260e-03 2.9997176736307170e-03
    3.5643704121964990e-03 2.3644833427442125e-03 2.3291925465838510e-03
    2.5585827216262000e-03 9.7049689440993788e-04 6.5287972896668550e-04
    9.8814229249011851e-04 2.4527103331451160e-03 2.9467814793901750e-03
    3.1761716544325240e-03 3.9349237718802939e-03 3.6173066064370410e-03
    3.0173630717108980e-03 2.6821005081874645e-03 3.0350084697910785e-03
    3.2643986448334275e-03 3.4055618294748730e-03 4.1996047430830040e-03
    2.9820722755505365e-03 2.9467814793901750e-03 2.7526821005081875e-03
    1.9939299830604180e-03 2.4703557312252965e-03 1.5880858272162620e-03
    7.2346132128740825e-04 5.8229813664596275e-04 8.6462450592885375e-04
    1.9233483907396950e-03 2.5938735177865615e-03 2.9291360813099945e-03
    3.6702428006775835e-03 4.3584133258046300e-03 3.4408526256352345e-03
    3.5114342179559570e-03 3.2114624505928855e-03 3.5996612083568605e-03
    2.7350367024280070e-03 3.8819875776397515e-03 2.4527103331451160e-03
    2.2233201581027670e-03 2.4350649350649350e-03 2.0645115753811405e-03
    1.7821852060982495e-03 1.0940146809712027e-03 9.8814229249011851e-04
    3.8819875776397513e-04 5.6465273856578201e-04 1.6233766233766235e-03
    2.0998023715415020e-03 2.7173913043478260e-03 2.9114906832298135e-03
    3.3349802371541500e-03 3.3526256352343310e-03 3.7761151891586675e-03
    3.4232072275550535e-03 3.1761716544325240e-03 2.9467814793901750e-03
    2.9467814793901750e-03 2.5056465273856580e-03 2.2586109542631280e-03
    1.7821852060982495e-03 1.2704686617730095e-03 1.2528232636928290e-03
    8.9991530208921513e-04 4.9407114624505926e-04 2.1174477696216828e-04
    5.1171654432524000e-04 9.1756070016939587e-04 1.6057312252964427e-03
    2.2762563523433090e-03 2.7350367024280070e-03 2.7526821005081875e-03
    3.6173066064370410e-03 3.4408526256352345e-03 3.6702428006775835e-03
    3.8643421795595710e-03 3.8114059853190290e-03 3.1761716544325240e-03
    3.1585262563523435e-03 2.0821569734613215e-03 1.8174760022586110e-03
    8.4697910784867312e-04 7.0581592320722751e-04 3.3526256352343307e-04
    2.9997176736307169e-04 1.5880858272162619e-04 3.8819875776397513e-04
    8.2933370976849238e-04 1.2351778656126482e-03 1.9233483907396950e-03
    2.2762563523433090e-03 2.4703557312252965e-03 4.0584415584415581e-03
    3.2467532467532470e-03 3.2643986448334275e-03 3.7584697910784865e-03
    3.0879446640316205e-03 2.9114906832298135e-03 2.5056465273856580e-03
    1.9409937888198758e-03 1.5704404291360813e-03 2.2233201581027670e-03
    5.2936194240542063e-04 3.7055335968379444e-04 3.1761716544325238e-04
    1.2351778656126481e-04 1.7645398080180688e-04 6.5287972896668550e-04
    1.1293054771315640e-03 1.4998588368153585e-03 1.9939299830604180e-03
    2.0468661773009600e-03 2.6644551101072840e-03 4.1290231507622810e-03
    4.3054771315640880e-03 4.4819311123658950e-03 3.7055335968379445e-03
    4.2348955392433650e-03 2.5585827216262000e-03 1.9939299830604180e-03
    1.5175042348955392e-03 7.5875211744776962e-04 4.2348955392433656e-04
    3.1761716544325238e-04 2.2939017504234897e-04 8.8226990400903438e-05
    3.3526256352343307e-04 6.3523433088650476e-04 1.1469508752117448e-03
    1.9762845849802370e-03 1.9057029926595145e-03 2.6821005081874645e-03
    3.4937888198757765e-03 3.8290513833992095e-03 3.7584697910784865e-03
    4.3054771315640880e-03 3.5114342179559570e-03 4.7466120835686050e-03
    2.6468097120271035e-03 2.0821569734613215e-03 1.5175042348955392e-03
    1.1293054771315640e-03 5.8229813664596275e-04 4.2348955392433656e-04
    2.2939017504234897e-04 7.0581592320722751e-05 3.1761716544325238e-04
    9.1756070016939587e-04 1.2881140598531903e-03 1.8880575945793337e-03
    1.8704121964991530e-03 2.7526821005081875e-03 3.1408808582721625e-03
    4.5525127046866180e-03 4.2525409373235460e-03 3.6173066064370410e-03
    3.5643704121964990e-03 3.0526538678712590e-03 3.0173630717108980e-03
    1.8351214003387917e-03 1.4469226425748165e-03 1.0763692828910220e-03
    6.3523433088650476e-04 1.5880858272162619e-04 1.0587238848108414e-04
    5.2936194240542070e-05 3.8819875776397513e-04 6.5287972896668550e-04
    1.1822416713721062e-03 1.4469226425748165e-03 1.9233483907396950e-03
    2.2939017504234895e-03 3.6702428006775835e-03 3.1232354601919820e-03
    3.6525974025974025e-03 3.6878881987577640e-03 3.6349520045172220e-03
    4.8348390739695090e-03 2.6291643139469225e-03 2.1527385657820440e-03
    1.7292490118577075e-03 1.0940146809712027e-03 6.5287972896668550e-04
    3.3526256352343307e-04 3.1761716544325238e-04 2.4703557312252963e-04
    4.2348955392433656e-04 9.7049689440993788e-04 1.0587238848108413e-03
    1.8704121964991530e-03 2.3115471485036700e-03 2.6468097120271035e-03
    3.3702710333145115e-03 3.8996329757199320e-03 3.5467250141163185e-03
    4.1290231507622810e-03 3.4408526256352345e-03 3.0350084697910785e-03
    2.7526821005081875e-03 2.2233201581027670e-03 1.9409937888198758e-03
    1.8527667984189723e-03 1.5704404291360813e-03 9.8814229249011851e-04
    4.9407114624505926e-04 2.2939017504234897e-04 3.7055335968379444e-04
    1.3763410502540937e-03 1.6057312252964427e-03 2.4703557312252965e-03
    2.6644551101072840e-03 2.6644551101072840e-03 3.4232072275550535e-03
    3.1232354601919820e-03 3.2996894409937890e-03 3.5114342179559570e-03
    3.0702992659514400e-03 4.8348390739695090e-03 2.8232636928289100e-03
    2.9644268774703555e-03 2.5232919254658385e-03 2.0115753811405985e-03
    1.6763128176171655e-03 1.3057594579333710e-03 5.9994353472614338e-04
    4.4113495200451725e-04 5.6465273856578201e-04 2.0998023715415020e-03
    2.0821569734613215e-03 2.3997741389045735e-03 2.8585544889892715e-03
    3.3526256352343310e-03 3.4232072275550535e-03 3.5820158102766800e-03
    4.0407961603613780e-03 4.1643139469226429e-03 3.5643704121964990e-03
    3.2643986448334275e-03 2.9467814793901750e-03 3.4055618294748730e-03
    3.2114624505928855e-03 2.7526821005081875e-03 2.2762563523433090e-03
    1.9939299830604180e-03 7.5875211744776962e-04 4.4113495200451725e-04
    6.8817052512704687e-04 2.1350931677018635e-03 2.5762281197063805e-03
    2.9467814793901750e-03 3.6878881987577640e-03 3.5643704121964990e-03
    3.2643986448334275e-03 3.3879164313946925e-03 3.4232072275550535e-03
