<?xml version="1.0"?>
<opencv_storage>
<double_bed type_id="opencv-matrix">
  <rows>20</rows>
  <cols>20</cols>
  <dt>d</dt>
  <data>
    1.5965769390426926e-04 2.8738384902768463e-04 1.4369192451384232e-04
    7.9828846952134628e-05 1.4369192451384232e-04 2.5545231024683081e-04
    7.5039116135006546e-04 1.5646454002618386e-03 1.7881661717278157e-03
    2.2192419452693427e-03 2.4906600249066002e-03 8.1425423891177311e-04
    6.8652808378835781e-04 7.5039116135006546e-04 5.9073346744579623e-04
    9.4198039403518851e-04 7.3442539195963850e-04 7.5039116135006546e-04
    7.6635693074049243e-04 9.2601462464476166e-04 1.2772615512341540e-04
    7.9828846952134628e-05 6.3863077561707702e-05 1.2772615512341540e-04
    1.9158923268512311e-04 2.5545231024683081e-04 8.9408308586390783e-04
    1.1016380879394579e-03 1.9318580962416579e-03 2.3629338697831849e-03
    1.8360634798990963e-03 9.7391193281604245e-04 6.7056231439793085e-04
    5.4283615927451544e-04 6.0669923683622309e-04 5.5880192866494241e-04
    1.8200977105086694e-03 9.7391193281604245e-04 1.0856723185490309e-03
    7.6635693074049243e-04 1.1176038573298848e-04 2.0755500207555002e-04
    1.5965769390426926e-04 2.0755500207555002e-04 1.2772615512341540e-04
    2.8738384902768463e-04 6.2266500622665006e-04 8.6215154708305390e-04
    1.2612957818437271e-03 1.5007823227001309e-03 1.5327138614809849e-03
    4.4704154293195392e-04 5.7476769805536927e-04 3.6721269597981925e-04
    4.9493885110323465e-04 6.5459654500750388e-04 8.3022000830220008e-04
    7.6635693074049243e-04 8.7811731647348087e-04 1.1016380879394579e-03
    2.8738384902768463e-04 1.2772615512341540e-04 4.7897308171280777e-05
    7.9828846952134628e-05 4.7897308171280777e-05 2.7141807963725772e-04
    4.4704154293195392e-04 6.2266500622665006e-04 7.3442539195963850e-04
    8.1425423891177311e-04 7.3442539195963850e-04 3.0334961841811155e-04
    2.3948654085640387e-04 2.2352077146597696e-04 1.2772615512341540e-04
    4.7897308171280774e-04 5.1090462049366162e-04 5.9073346744579623e-04
    7.1845962256921164e-04 9.7391193281604245e-04 3.1931538780853851e-05
    1.1176038573298848e-04 1.1176038573298848e-04 4.7897308171280777e-05
    1.1176038573298848e-04 2.7141807963725772e-04 2.8738384902768463e-04
    1.9158923268512311e-04 4.7897308171280774e-04 3.1931538780853851e-04
    3.3528115719896542e-04 1.9158923268512311e-04 1.5965769390426926e-04
    1.2772615512341540e-04 1.4369192451384232e-04 2.0755500207555002e-04
    2.7141807963725772e-04 4.1511000415110004e-04 5.9073346744579623e-04
    9.7391193281604245e-04 1.9158923268512311e-04 9.5794616342561554e-05
    9.5794616342561554e-05 4.7897308171280777e-05 3.1931538780853851e-05
    7.9828846952134628e-05 1.7562346329469617e-04 4.7897308171280777e-05
    4.7897308171280777e-05 7.9828846952134628e-05 1.7562346329469617e-04
    1.2772615512341540e-04 1.2772615512341540e-04 4.7897308171280777e-05
    1.1176038573298848e-04 3.1931538780853851e-05 1.5965769390426926e-04
    3.8317846537024621e-04 7.3442539195963850e-04 9.1004885525433469e-04
    2.0755500207555002e-04 2.8738384902768463e-04 3.0334961841811155e-04
    1.2772615512341540e-04 9.5794616342561554e-05 4.7897308171280777e-05
    9.5794616342561554e-05 9.5794616342561554e-05 4.7897308171280777e-05
    3.0334961841811155e-04 2.5545231024683081e-04 1.2772615512341540e-04
    1.1176038573298848e-04 6.3863077561707702e-05 1.4369192451384232e-04
    2.3948654085640387e-04 2.5545231024683081e-04 5.2687038988408848e-04
    6.3863077561707702e-04 7.1845962256921164e-04 2.8738384902768463e-04
    1.4369192451384232e-04 1.7562346329469617e-04 1.5965769390426926e-04
    1.1176038573298848e-04 3.1931538780853851e-05 6.3863077561707702e-05
    1.2772615512341540e-04 3.6721269597981925e-04 5.4283615927451546e-03
    6.0031292908005237e-03 2.5545231024683081e-04 1.1176038573298848e-04
    9.5794616342561554e-05 1.2772615512341540e-04 2.0755500207555002e-04
    2.5545231024683081e-04 5.9073346744579623e-04 7.0249385317878467e-04
    8.7811731647348087e-04 3.0334961841811155e-04 2.7141807963725772e-04
    9.5794616342561554e-05 1.5965769390426926e-04 6.3863077561707702e-05
    7.9828846952134628e-05 6.3863077561707702e-05 1.2772615512341540e-04
    3.9914423476067313e-04 1.3267554363444775e-02 1.9302615193026153e-02
    5.5880192866494241e-04 1.5965769390426926e-04 1.1176038573298848e-04
    1.7562346329469617e-04 2.0755500207555002e-04 3.0334961841811155e-04
    5.9073346744579623e-04 7.5039116135006546e-04 9.8987770220646931e-04
    4.3107577354152695e-04 5.7476769805536927e-04 7.3442539195963850e-04
    2.3948654085640387e-04 7.9828846952134628e-05 6.3863077561707702e-05
    9.5794616342561554e-05 7.1845962256921164e-04 2.0116869431937925e-03
    4.8168726250918031e-02 2.3728326468052496e-01 1.5646454002618386e-03
    7.5039116135006546e-04 1.7562346329469617e-04 1.7562346329469617e-04
    3.3528115719896542e-04 6.8652808378835781e-04 2.2511734840501962e-03
    1.5327138614809849e-03 1.2932273206245808e-03 5.1090462049366162e-04
    3.9914423476067313e-04 2.8738384902768463e-04 2.5545231024683081e-04
    9.5794616342561554e-05 6.3863077561707702e-05 9.5794616342561554e-05
    4.6300731232238083e-04 2.0436184819746465e-03 9.1020851294823901e-02
    3.6097008014816234e-01 1.6444742472139732e-03 4.3107577354152695e-04
    2.2352077146597696e-04 1.5965769390426926e-04 1.4369192451384232e-04
    8.6215154708305390e-04 2.7940096433247117e-03 1.8679950186799503e-03
    1.5167480920905579e-03 2.3948654085640387e-04 1.7562346329469617e-04
    2.8738384902768463e-04 2.3948654085640387e-04 9.5794616342561554e-05
    7.9828846952134628e-05 1.4369192451384232e-04 7.9828846952134628e-05
    3.1931538780853851e-04 9.3719066321806040e-03 1.1527285499888240e-02
    3.1931538780853851e-04 1.7562346329469617e-04 1.4369192451384232e-04
    1.5965769390426926e-04 1.7562346329469617e-04 3.6721269597981925e-04
    6.0669923683622309e-04 4.4704154293195392e-04 6.2266500622665006e-04
    1.2772615512341540e-04 2.7141807963725772e-04 2.5545231024683081e-04
    7.9828846952134628e-05 7.9828846952134628e-05 1.5965769390426926e-05
    6.3863077561707702e-05 6.3863077561707702e-05 1.4369192451384232e-04
    6.0669923683622316e-03 7.2803908420346775e-03 2.7141807963725772e-04
    4.7897308171280777e-05 4.7897308171280777e-05 1.9158923268512311e-04
    2.7141807963725772e-04 3.8317846537024621e-04 4.4704154293195392e-04
    7.0249385317878467e-04 8.4618577769262704e-04 2.5545231024683081e-04
    9.5794616342561554e-05 1.7562346329469617e-04 7.9828846952134628e-05
    1.5965769390426926e-05 4.7897308171280777e-05 6.3863077561707702e-05
    9.5794616342561554e-05 1.7562346329469617e-04 2.7141807963725772e-04
    2.3948654085640387e-04 9.5794616342561554e-05 7.9828846952134628e-05
    1.5965769390426926e-05 1.9158923268512311e-04 6.3863077561707702e-05
    1.9158923268512311e-04 4.1511000415110004e-04 6.2266500622665006e-04
    8.3022000830220008e-04 6.3863077561707702e-05 2.0755500207555002e-04
    6.3863077561707702e-05 1.1176038573298848e-04 3.1931538780853851e-05
    4.7897308171280777e-05 9.5794616342561554e-05 3.1931538780853851e-05
    3.1931538780853851e-05 2.2352077146597696e-04 1.2772615512341540e-04
    1.7562346329469617e-04 1.5965769390426926e-04 6.3863077561707702e-05
    4.7897308171280777e-05 6.3863077561707702e-05 1.2772615512341540e-04
    6.3863077561707702e-04 7.6635693074049243e-04 7.8232270013091929e-04
    1.1176038573298848e-04 1.7562346329469617e-04 1.5965769390426926e-04
    6.3863077561707702e-05 1.1176038573298848e-04 3.0334961841811155e-04
    2.8738384902768463e-04 2.0755500207555002e-04 3.1931538780853851e-04
    3.1931538780853851e-04 3.3528115719896542e-04 2.7141807963725772e-04
    6.3863077561707702e-05 1.1176038573298848e-04 1.2772615512341540e-04
    1.5965769390426926e-04 2.0755500207555002e-04 4.9493885110323465e-04
    7.5039116135006546e-04 8.4618577769262704e-04 1.1176038573298848e-04
