<?xml version="1.0"?>
<opencv_storage>
<dresser type_id="opencv-matrix">
  <rows>20</rows>
  <cols>20</cols>
  <dt>d</dt>
  <data>
    7.3394495412844036e-04 7.3394495412844036e-04 1.2057667103538663e-03
    1.0484927916120576e-03 8.3879423328964608e-04 1.1533420707732635e-03
    1.3630406290956749e-03 9.9606815203145483e-04 1.3106159895150721e-03
    1.6775884665792922e-03 3.5648754914809960e-03 5.2948885976408910e-03
    3.8269986893840107e-03 6.7627785058977721e-03 7.5491480996068153e-03
    2.7260812581913498e-03 3.1979030144167757e-03 1.8348623853211010e-03
    2.8309305373525558e-03 2.5163826998689386e-03 1.3106159895150721e-03
    7.8636959370904328e-04 1.6775884665792922e-03 1.1009174311926607e-03
    1.0484927916120576e-03 1.1533420707732635e-03 1.2581913499344693e-03
    8.9121887287024900e-04 1.3106159895150721e-03 1.5203145478374835e-03
    3.3551769331585843e-03 7.1297509829619920e-03 4.4560943643512452e-03
    8.0209698558322412e-03 1.0275229357798165e-02 3.6173001310615990e-03
    6.3433813892529488e-03 3.0930537352555701e-03 3.1454783748361731e-03
    2.4639580602883356e-03 9.9606815203145483e-04 1.2581913499344693e-03
    1.3106159895150721e-03 1.2057667103538663e-03 9.9606815203145483e-04
    1.2581913499344693e-03 1.3630406290956749e-03 1.5727391874180866e-03
    9.4364351245085191e-04 1.1533420707732635e-03 3.4600262123197904e-03
    6.0812581913499341e-03 4.4036697247706426e-03 1.1690694626474443e-02
    1.3368283093053735e-02 2.7260812581913498e-03 3.1979030144167757e-03
    2.9882044560943645e-03 3.5124508519003930e-03 2.8833551769331584e-03
    1.3106159895150721e-03 6.8152031454783745e-04 1.3106159895150721e-03
    1.1009174311926607e-03 8.9121887287024900e-04 1.3106159895150721e-03
    1.7824377457404980e-03 1.0484927916120576e-03 1.4678899082568807e-03
    1.9397116644823066e-03 3.8794233289646133e-03 4.2463958060288331e-03
    3.9842726081258193e-03 8.8597640891218878e-03 1.0904325032765399e-02
    2.4115334207077325e-03 2.5163826998689386e-03 1.9921363040629097e-03
    3.7221494102228046e-03 4.0366972477064219e-03 9.9606815203145483e-04
    1.1533420707732635e-03 9.4364351245085191e-04 6.8152031454783745e-04
    6.2909567496723464e-04 8.9121887287024900e-04 1.0484927916120576e-03
    9.9606815203145483e-04 9.9606815203145483e-04 1.5727391874180866e-03
    2.9882044560943645e-03 2.9357798165137615e-03 3.8794233289646133e-03
    7.6539973787680213e-03 7.7588466579292265e-03 2.0445609436435122e-03
    2.5163826998689386e-03 2.6736566186107472e-03 2.9357798165137615e-03
    3.3027522935779817e-03 8.3879423328964608e-04 1.1533420707732635e-03
    1.3106159895150721e-03 2.8309305373525558e-03 4.5085190039318478e-03
    1.6775884665792922e-03 1.2581913499344693e-03 8.9121887287024900e-04
    7.3394495412844036e-04 9.4364351245085191e-04 1.6775884665792922e-03
    2.2018348623853213e-03 2.3591087811271299e-03 4.0366972477064219e-03
    5.2424639580602884e-03 5.6618610747051117e-03 4.2988204456094366e-03
    3.5648754914809960e-03 4.7182175622542599e-03 4.7182175622542599e-03
    1.2581913499344693e-03 1.1533420707732635e-03 1.8872870249017038e-03
    1.6775884665792922e-03 1.7300131061598952e-03 1.4678899082568807e-03
    7.3394495412844036e-04 6.2909567496723464e-04 3.1454783748361732e-04
    8.9121887287024900e-04 8.3879423328964608e-04 5.7667103538663173e-04
    1.0484927916120576e-03 1.3106159895150721e-03 2.5163826998689386e-03
    2.6212319790301442e-03 3.7221494102228046e-03 3.7745740498034077e-03
    4.0366972477064219e-03 4.2988204456094366e-03 1.0484927916120576e-03
    1.3630406290956749e-03 1.6775884665792922e-03 1.6251638269986894e-03
    7.3394495412844036e-04 1.0484927916120576e-03 6.2909567496723464e-04
    3.1454783748361732e-04 3.1454783748361732e-04 1.5727391874180866e-04
    3.1454783748361732e-04 3.1454783748361732e-04 4.1939711664482304e-04
    1.1009174311926607e-03 1.9397116644823066e-03 2.3066841415465269e-03
    3.3027522935779817e-03 4.2463958060288331e-03 5.0327653997378772e-03
    7.4442988204456093e-03 1.3630406290956749e-03 1.2581913499344693e-03
    1.6251638269986894e-03 1.2057667103538663e-03 1.1533420707732635e-03
    5.2424639580602882e-04 3.1454783748361732e-04 5.2424639580602882e-04
    5.2424639580602880e-05 1.5727391874180866e-04 2.0969855832241152e-04
    1.5727391874180866e-04 8.3879423328964608e-04 1.6775884665792922e-03
    1.5203145478374835e-03 1.6775884665792922e-03 4.1415465268676279e-03
    4.5085190039318478e-03 5.7667103538663169e-03 6.3433813892529488e-03
    2.5163826998689386e-03 2.7260812581913498e-03 3.7221494102228046e-03
    5.5570117955439056e-03 2.0445609436435122e-03 1.2057667103538663e-03
    9.4364351245085191e-04 6.2909567496723464e-04 1.0484927916120576e-04
    5.2424639580602880e-05 1.0484927916120576e-04 7.3394495412844036e-04
    1.6775884665792922e-03 3.4076015727391874e-03 3.1979030144167757e-03
    3.1454783748361731e-03 4.9279161205766711e-03 6.9200524246395808e-03
    8.7024901703800783e-03 7.7588466579292265e-03 1.7824377457404980e-03
    2.0969855832241153e-03 1.8348623853211010e-03 5.6094364351245082e-03
    1.4678899082568807e-03 1.4154652686762779e-03 1.1533420707732635e-03
    5.2424639580602882e-04 2.0969855832241152e-04 3.6697247706422018e-04
    4.1939711664482304e-04 6.2909567496723464e-04 2.3066841415465269e-03
    3.1454783748361731e-03 2.3066841415465269e-03 3.6697247706422020e-03
    5.0327653997378772e-03 6.3433813892529488e-03 9.5937090432503275e-03
    9.0170380078636956e-03 1.6775884665792922e-03 1.3106159895150721e-03
    1.4678899082568807e-03 1.3630406290956749e-03 7.8636959370904328e-04
    7.8636959370904328e-04 5.7667103538663173e-04 3.1454783748361732e-04
    5.2424639580602880e-05 0. 2.0969855832241152e-04
    2.6212319790301441e-04 6.8152031454783745e-04 1.2581913499344693e-03
    1.5203145478374835e-03 3.0406290956749671e-03 3.7221494102228046e-03
    6.0812581913499341e-03 6.2909567496723462e-03 5.4521625163826996e-03
    1.1009174311926607e-03 1.5727391874180866e-03 1.8348623853211010e-03
    1.7300131061598952e-03 9.9606815203145483e-04 6.2909567496723464e-04
    3.1454783748361732e-04 3.6697247706422018e-04 2.6212319790301441e-04
    3.1454783748361732e-04 2.6212319790301441e-04 2.0969855832241152e-04
    4.7182175622542596e-04 8.3879423328964608e-04 2.0445609436435122e-03
    2.2542595019659239e-03 3.6173001310615990e-03 4.3512450851900392e-03
    4.5085190039318478e-03 5.9764089121887290e-03 1.6775884665792922e-03
    7.6015727391874179e-03 1.6775884665792922e-03 2.1494102228047183e-03
    1.3106159895150721e-03 1.5727391874180866e-03 8.3879423328964608e-04
    6.8152031454783745e-04 6.8152031454783745e-04 9.4364351245085191e-04
    1.2057667103538663e-03 5.7667103538663173e-04 1.0484927916120576e-03
    1.5727391874180866e-03 2.5163826998689386e-03 2.8309305373525558e-03
    2.8833551769331584e-03 3.0406290956749671e-03 4.2988204456094366e-03
    4.7706422018348625e-03 1.1533420707732635e-03 1.3106159895150721e-03
    1.2581913499344693e-03 2.0969855832241153e-03 2.0969855832241153e-03
    1.5727391874180866e-03 1.4154652686762779e-03 7.8636959370904328e-04
    5.7667103538663173e-04 1.3106159895150721e-03 1.4154652686762779e-03
    1.6775884665792922e-03 2.4115334207077325e-03 3.1454783748361731e-03
    4.2988204456094366e-03 3.0406290956749671e-03 3.8269986893840107e-03
    3.2503276539973787e-03 2.9882044560943645e-03 3.8794233289646133e-03
    1.1533420707732635e-03 8.9121887287024900e-04 7.8636959370904328e-04
    9.4364351245085191e-04 6.8152031454783745e-04 1.4154652686762779e-03
    9.4364351245085191e-04 9.9606815203145483e-04 4.1939711664482304e-04
    1.6251638269986894e-03 3.4600262123197904e-03 3.8794233289646133e-03
    2.9882044560943645e-03 7.0773263433813894e-03 6.8152031454783747e-03
    2.5163826998689386e-03 1.9397116644823066e-03 2.2542595019659239e-03
    3.5648754914809960e-03 3.4600262123197904e-03 5.7667103538663173e-04
    4.7182175622542596e-04 7.8636959370904328e-04 5.7667103538663173e-04
