<?xml version="1.0"?>
<opencv_storage>
<dressing_table type_id="opencv-matrix">
  <rows>20</rows>
  <cols>20</cols>
  <dt>d</dt>
  <data>
    2.8680688336520078e-04 2.8680688336520078e-04 3.8240917782026768e-04
    4.7801147227533459e-04 6.6921606118546841e-04 9.5602294455066918e-04
    5.7361376673040155e-04 0. 1.1472275334608031e-03
    8.6042065009560233e-04 2.9636711281070746e-03 3.5372848948374762e-03
    3.4416826003824093e-03 8.6042065009560229e-03 1.0420650095602295e-02
    2.7724665391969409e-03 3.0592734225621415e-03 3.8240917782026767e-03
    3.7284894837476099e-03 2.1988527724665394e-03 6.6921606118546841e-04
    1.0516252390057360e-03 4.7801147227533459e-04 9.5602294455066918e-04
    7.6481835564053537e-04 2.0076481835564052e-03 9.5602294455066918e-04
    6.6921606118546841e-04 4.7801147227533459e-04 7.6481835564053537e-04
    2.5812619502868068e-03 5.9273422562141492e-03 4.0152963671128104e-03
    8.8910133843212238e-03 1.1089866156787764e-02 3.0592734225621415e-03
    2.7724665391969409e-03 2.9636711281070746e-03 4.5889101338432124e-03
    2.5812619502868068e-03 9.5602294455066918e-04 3.8240917782026768e-04
    8.6042065009560233e-04 9.5602294455066921e-05 3.8240917782026768e-04
    1.3384321223709368e-03 6.6921606118546841e-04 1.9120458891013384e-04
    4.7801147227533459e-04 6.6921606118546841e-04 2.3900573613766731e-03
    3.4416826003824093e-03 2.4856596558317399e-03 7.7437858508604207e-03
    5.3537284894837472e-03 1.6252390057361376e-03 2.6768642447418736e-03
    2.5812619502868068e-03 2.0076481835564052e-03 2.1988527724665394e-03
    9.5602294455066918e-04 5.7361376673040155e-04 3.8240917782026768e-04
    4.7801147227533459e-04 2.8680688336520078e-04 5.7361376673040155e-04
    8.6042065009560233e-04 4.7801147227533459e-04 2.8680688336520078e-04
    5.7361376673040155e-04 1.4340344168260039e-03 1.4340344168260039e-03
    2.8680688336520078e-03 4.9713193116634798e-03 4.8757170172084134e-03
    2.1032504780114721e-03 1.4340344168260039e-03 2.3900573613766731e-03
    3.3460803059273425e-03 2.5812619502868068e-03 5.7361376673040155e-04
    2.8680688336520078e-04 2.8680688336520078e-04 3.8240917782026768e-04
    1.9120458891013384e-04 2.8680688336520078e-04 2.8680688336520078e-04
    9.5602294455066921e-05 9.5602294455066921e-05 1.0516252390057360e-03
    1.1472275334608031e-03 7.6481835564053537e-04 1.7208413001912047e-03
    2.8680688336520078e-03 2.9636711281070746e-03 1.0516252390057360e-03
    1.1472275334608031e-03 2.3900573613766731e-03 3.6328871892925430e-03
    3.5372848948374762e-03 1.1472275334608031e-03 1.3384321223709368e-03
    7.6481835564053537e-04 1.2428298279158700e-03 7.6481835564053537e-04
    5.7361376673040155e-04 2.8680688336520078e-04 1.9120458891013384e-04
    4.7801147227533459e-04 7.6481835564053537e-04 1.0516252390057360e-03
    8.6042065009560233e-04 1.3384321223709368e-03 2.1032504780114721e-03
    1.6252390057361376e-03 1.3384321223709368e-03 2.0076481835564052e-03
    2.2944550669216062e-03 3.5372848948374762e-03 3.1548757170172083e-03
    1.1472275334608031e-03 9.5602294455066918e-04 1.2428298279158700e-03
    2.8680688336520078e-04 9.5602294455066918e-04 2.8680688336520078e-04
    2.8680688336520078e-04 0. 4.7801147227533459e-04
    1.1472275334608031e-03 2.1032504780114721e-03 5.7361376673040155e-04
    5.7361376673040155e-04 2.8680688336520078e-04 1.9120458891013384e-04
    1.4340344168260039e-03 2.1988527724665394e-03 2.3900573613766731e-03
    2.1988527724665394e-03 2.5812619502868068e-03 1.4340344168260039e-03
    8.6042065009560233e-04 4.7801147227533459e-04 7.6481835564053537e-04
    7.6481835564053537e-04 7.6481835564053537e-04 1.9120458891013384e-04
    4.7801147227533459e-04 2.8680688336520078e-04 2.1988527724665394e-03
    3.4416826003824093e-03 2.8680688336520078e-04 9.5602294455066918e-04
    8.6042065009560233e-04 9.5602294455066918e-04 1.4340344168260039e-03
    1.9120458891013384e-03 2.3900573613766731e-03 3.1548757170172083e-03
    5.2581261950286808e-03 2.8680688336520078e-04 1.0516252390057360e-03
    1.7208413001912047e-03 7.6481835564053537e-04 2.8680688336520078e-04
    9.5602294455066921e-05 1.9120458891013384e-04 1.1472275334608031e-03
    1.0516252390057360e-03 1.9120458891013384e-03 3.0592734225621415e-03
    7.6481835564053537e-04 2.2944550669216062e-03 2.4856596558317399e-03
    1.2428298279158700e-03 2.0076481835564052e-03 2.0076481835564052e-03
    3.6328871892925430e-03 5.0669216061185471e-03 7.2657743785850860e-03
    6.6921606118546841e-04 7.6481835564053537e-04 1.8164435946462715e-03
    1.1472275334608031e-03 6.6921606118546841e-04 9.5602294455066918e-04
    2.0076481835564052e-03 5.1625239005736135e-03 2.8680688336520078e-03
    2.0076481835564052e-03 5.2581261950286808e-03 2.5717017208413000e-02
    4.5889101338432124e-02 2.1701720841300190e-02 2.7724665391969409e-03
    1.6252390057361376e-03 2.7724665391969409e-03 4.1108986615678777e-03
    6.6921606118546849e-03 5.4493307839388145e-03 1.2428298279158700e-03
    1.0516252390057360e-03 1.0516252390057360e-03 1.1472275334608031e-03
    6.6921606118546841e-04 3.8240917782026768e-04 1.9120458891013384e-03
    2.7724665391969409e-03 2.4856596558317399e-03 1.4340344168260039e-03
    7.6481835564053535e-03 3.5181644359464630e-02 5.9177820267686428e-02
    2.8776290630975143e-02 3.4416826003824093e-03 1.9120458891013384e-03
    2.5812619502868068e-03 5.3537284894837472e-03 6.1185468451242829e-03
    6.5965583173996176e-03 9.5602294455066918e-04 5.7361376673040155e-04
    7.6481835564053537e-04 5.7361376673040155e-04 3.8240917782026768e-04
    9.5602294455066921e-05 7.6481835564053537e-04 8.6042065009560233e-04
    1.1472275334608031e-03 1.9120458891013384e-03 2.7724665391969409e-03
    8.5086042065009564e-03 2.0650095602294454e-02 8.3173996175908219e-03
    2.1988527724665394e-03 1.3384321223709368e-03 3.6328871892925430e-03
    3.3460803059273425e-03 6.6921606118546849e-03 7.4569789674952197e-03
    3.8240917782026768e-04 6.6921606118546841e-04 2.8680688336520078e-04
    7.6481835564053537e-04 4.7801147227533459e-04 2.8680688336520078e-04
    0. 3.8240917782026768e-04 1.1472275334608031e-03
    3.2504780114722752e-03 3.2504780114722752e-03 2.8680688336520078e-04
    5.7361376673040155e-04 5.7361376673040155e-04 7.6481835564053537e-04
    1.2428298279158700e-03 2.3900573613766731e-03 2.1032504780114721e-03
    4.7801147227533461e-03 4.1108986615678777e-03 6.6921606118546841e-04
    1.4340344168260039e-03 5.7361376673040155e-04 5.7361376673040155e-04
    4.7801147227533459e-04 4.7801147227533459e-04 2.8680688336520078e-04
    2.8680688336520078e-04 3.8240917782026768e-04 8.6998087954110893e-03
    2.5812619502868068e-03 7.6481835564053537e-04 1.9120458891013384e-04
    8.6042065009560233e-04 9.5602294455066918e-04 3.4416826003824093e-03
    1.8164435946462715e-03 3.1548757170172083e-03 4.3021032504780114e-03
    3.3460803059273425e-03 7.6481835564053537e-04 8.6042065009560233e-04
    8.6042065009560233e-04 2.8680688336520078e-04 5.7361376673040155e-04
    6.6921606118546841e-04 6.6921606118546841e-04 2.8680688336520078e-04
    4.7801147227533459e-04 2.8680688336520078e-04 7.6481835564053537e-04
    5.7361376673040155e-04 8.6042065009560233e-04 9.5602294455066918e-04
    2.5812619502868068e-03 1.2428298279158700e-03 2.8680688336520078e-03
    3.1548757170172083e-03 2.6768642447418736e-03 3.6328871892925430e-03
    9.5602294455066918e-04 4.7801147227533459e-04 5.7361376673040155e-04
    5.7361376673040155e-04 3.8240917782026768e-04 3.8240917782026768e-04
    4.7801147227533459e-04 2.8680688336520078e-04 3.8240917782026768e-04
    9.5602294455066918e-04 1.4340344168260039e-03 1.1472275334608031e-03
    1.3384321223709368e-03 1.6252390057361376e-03 2.9636711281070746e-03
    9.5602294455066918e-04 2.1988527724665394e-03 2.1988527724665394e-03
    2.4856596558317399e-03 2.1032504780114721e-03 3.8240917782026768e-04
    6.6921606118546841e-04 2.8680688336520078e-04 7.6481835564053537e-04
