<?xml version="1.0"?>
<opencv_storage>
<dryer type_id="opencv-matrix">
  <rows>20</rows>
  <cols>20</cols>
  <dt>d</dt>
  <data>
    0. 0. 0. 4.7393364928909956e-03 4.7393364928909956e-03 0. 0.
    4.7393364928909956e-03 0. 0. 0. 0. 0. 1.4218009478672985e-02
    9.4786729857819912e-03 9.4786729857819912e-03 0.
    9.4786729857819912e-03 9.4786729857819912e-03 0. 0. 0.
    4.7393364928909956e-03 0. 0. 4.7393364928909956e-03
    4.7393364928909956e-03 0. 0. 0. 0. 4.7393364928909956e-03
    4.7393364928909956e-03 1.4218009478672985e-02 9.4786729857819912e-03
    0. 0. 0. 0. 0. 0. 0. 0. 0. 0. 0. 0. 0. 0. 4.7393364928909956e-03
    9.4786729857819912e-03 4.7393364928909956e-03 0.
    9.4786729857819912e-03 9.4786729857819912e-03 0. 0. 0.
    4.7393364928909956e-03 0. 0. 0. 0. 0. 0. 4.7393364928909956e-03
    4.7393364928909956e-03 9.4786729857819912e-03 0.
    4.7393364928909956e-03 4.7393364928909956e-03 4.7393364928909956e-03
    4.7393364928909956e-03 4.7393364928909956e-03 0. 0.
    4.7393364928909956e-03 4.7393364928909956e-03 9.4786729857819912e-03
    4.7393364928909956e-03 9.4786729857819912e-03 0.
    4.7393364928909956e-03 0. 4.7393364928909956e-03
    4.7393364928909956e-03 0. 0. 9.4786729857819912e-03
    9.4786729857819912e-03 0. 0. 9.4786729857819912e-03
    1.4218009478672985e-02 4.7393364928909956e-03 0.
    4.7393364928909956e-03 1.4218009478672985e-02 4.7393364928909956e-03
    4.7393364928909956e-03 0. 0. 0. 0. 0. 0. 0. 0. 0.
    4.7393364928909956e-03 9.4786729857819912e-03 0.
    9.4786729857819912e-03 1.4218009478672985e-02 0. 0.
    4.7393364928909956e-03 1.4218009478672985e-02 0.
    4.7393364928909956e-03 0. 0. 0. 4.7393364928909956e-03 0. 0. 0. 0.
    0. 4.7393364928909956e-03 1.4218009478672985e-02 0. 0.
    9.4786729857819912e-03 1.4218009478672985e-02 4.7393364928909956e-03
    9.4786729857819912e-03 9.4786729857819912e-03 0.
    9.4786729857819912e-03 0. 0. 4.7393364928909956e-03 0. 0. 0. 0. 0.
    0. 0. 0. 0. 0. 4.7393364928909956e-03 0. 4.7393364928909956e-03 0.
    0. 0. 4.7393364928909956e-03 0. 0. 0. 0. 0. 0. 0. 0. 0. 0. 0. 0. 0.
    4.7393364928909956e-03 0. 4.7393364928909956e-03
    4.7393364928909956e-03 0. 4.7393364928909956e-03 0. 0. 0.
    4.7393364928909956e-03 0. 4.7393364928909956e-03 0. 0. 0. 0. 0. 0.
    0. 0. 0. 4.7393364928909956e-03 4.7393364928909956e-03
    4.7393364928909956e-03 0. 1.4218009478672985e-02
    1.4218009478672985e-02 0. 4.7393364928909956e-03 0. 0. 0.
    4.7393364928909956e-03 4.7393364928909956e-03 0. 0. 0. 0. 0. 0.
    4.7393364928909956e-03 4.7393364928909956e-03 0. 0. 0. 0.
    4.7393364928909956e-03 0. 0. 0. 0. 0. 0. 0. 0. 0. 0. 0. 0. 0. 0. 0.
    0. 4.7393364928909956e-03 0. 9.4786729857819912e-03 0. 0.
    4.7393364928909956e-03 0. 0. 0. 4.7393364928909956e-03 0. 0. 0.
    4.7393364928909956e-03 0. 0. 0. 0. 4.7393364928909956e-03 0.
    4.7393364928909956e-03 4.7393364928909956e-03 0. 0. 0. 0.
    4.7393364928909956e-03 4.7393364928909956e-03 0.
    4.7393364928909956e-03 0. 0. 0. 0. 4.7393364928909956e-03
    4.7393364928909956e-03 9.4786729857819912e-03 9.4786729857819912e-03
    0. 0. 0. 4.7393364928909956e-03 4.7393364928909956e-03
    9.4786729857819912e-03 0. 4.7393364928909956e-03 0.
    4.7393364928909956e-03 0. 0. 0. 0. 0. 1.4218009478672985e-02 0.
    4.7393364928909956e-03 1.4218009478672985e-02 0.
    4.7393364928909956e-03 4.7393364928909956e-03 4.7393364928909956e-03
    4.7393364928909956e-03 0. 4.7393364928909956e-03 0. 0. 0. 0.
    9.4786729857819912e-03 0. 0. 0. 0. 0. 0. 0. 1.8957345971563982e-02
    9.4786729857819912e-03 0. 0. 4.7393364928909956e-03
    9.4786729857819912e-03 9.4786729857819912e-03 4.7393364928909956e-03
    0. 0. 9.4786729857819912e-03 4.7393364928909956e-03
    4.7393364928909956e-03 0. 0. 0. 0. 0. 0. 9.4786729857819912e-03 0.
    0. 9.4786729857819912e-03 4.7393364928909956e-03 0. 0.
    9.4786729857819912e-03 0. 0. 0. 4.7393364928909956e-03 0. 0. 0. 0.
    4.7393364928909956e-03 0. 0. 9.4786729857819912e-03
    9.4786729857819912e-03 9.4786729857819912e-03 0. 0.
    9.4786729857819912e-03 0. 0. 0. 0. 0. 0. 0. 4.7393364928909956e-03
    0. 0. 0. 0. 0. 0. 0. 0. 0. 1.4218009478672985e-02 0.
    4.7393364928909956e-03 9.4786729857819912e-03 0.
    4.7393364928909956e-03 0. 0. 0. 0. 0. 0. 0. 0.
    4.7393364928909956e-03 0. 0. 0. 4.7393364928909956e-03
    4.7393364928909956e-03 0. 4.7393364928909956e-03
    9.4786729857819912e-03 0. 9.4786729857819912e-03 0.
    4.7393364928909956e-03</data></dryer>
</opencv_storage>
