<?xml version="1.0"?>
<opencv_storage>
<fence type_id="opencv-matrix">
  <rows>20</rows>
  <cols>20</cols>
  <dt>d</dt>
  <data>
    6.0919890344197382e-04 2.5890953396283885e-02 6.0919890344197382e-04
    1.5229972586049345e-03 1.8275967103259215e-03 2.1321961620469083e-03
    1.8275967103259215e-03 1.8275967103259215e-03 2.4672555589399937e-02
    1.2183978068839476e-03 1.2183978068839476e-03 1.2183978068839476e-03
    1.5229972586049345e-03 2.4367956137678953e-03 6.0919890344197382e-04
    2.1321961620469083e-03 9.1379835516296074e-04 1.2183978068839476e-03
    9.1379835516296074e-04 6.0919890344197382e-04 6.0919890344197382e-04
    1.2183978068839476e-03 1.2183978068839476e-03 2.7413950654888823e-03
    9.1379835516296074e-04 1.8275967103259215e-03 1.8275967103259215e-03
    6.0919890344197382e-04 1.8275967103259215e-03 1.2183978068839476e-03
    6.0919890344197382e-04 2.3454157782515993e-02 1.5229972586049345e-03
    2.1321961620469083e-03 1.2183978068839476e-03 1.2183978068839476e-03
    2.1321961620469083e-03 3.0459945172098691e-04 1.2183978068839476e-03
    1.2183978068839476e-03 1.2183978068839476e-03 6.0919890344197382e-04
    4.5689917758148036e-03 1.5229972586049345e-03 1.8275967103259215e-03
    1.5229972586049345e-03 1.8275967103259215e-03 3.0459945172098689e-03
    9.1379835516296074e-04 1.2183978068839476e-03 1.5229972586049345e-03
    2.7413950654888823e-03 2.1321961620469083e-03 1.2183978068839476e-03
    1.2183978068839476e-03 2.7413950654888823e-03 1.8275967103259215e-03
    9.1379835516296074e-04 9.1379835516296074e-04 3.0459945172098691e-04
    1.2183978068839476e-03 9.1379835516296074e-04 1.2183978068839476e-03
    3.6551934206518429e-03 2.1321961620469083e-03 4.5689917758148036e-03
    2.1321961620469083e-03 1.5229972586049345e-03 9.1379835516296074e-04
    2.4367956137678953e-03 2.4367956137678953e-03 1.2183978068839476e-03
    1.8275967103259215e-03 2.7413950654888823e-03 1.2183978068839476e-03
    2.4367956137678953e-03 9.1379835516296074e-04 9.1379835516296074e-04
    6.0919890344197382e-04 6.0919890344197382e-04 1.8275967103259215e-03
    1.8275967103259215e-03 1.8275967103259215e-03 2.5281754492841913e-02
    1.8275967103259215e-03 2.5890953396283885e-02 2.7413950654888823e-03
    4.2643923240938165e-03 1.5229972586049345e-03 9.1379835516296074e-04
    1.2183978068839476e-03 1.2183978068839476e-03 2.7413950654888823e-03
    2.4367956137678953e-03 1.8275967103259215e-03 2.1321961620469083e-03
    9.1379835516296074e-04 6.0919890344197382e-04 9.1379835516296074e-04
    4.2643923240938165e-03 9.1379835516296074e-04 2.4367956137678953e-03
    9.1379835516296074e-04 2.7413950654888823e-03 1.5229972586049345e-03
    1.8275967103259215e-03 2.4367956137678953e-03 2.7413950654888823e-03
    6.0919890344197382e-04 9.1379835516296074e-04 9.1379835516296074e-04
    1.8275967103259215e-03 3.6551934206518429e-03 9.1379835516296074e-04
    3.0459945172098689e-03 2.4367956137678953e-03 1.5229972586049345e-03
    9.1379835516296074e-04 1.8275967103259215e-03 1.8275967103259215e-03
    2.1321961620469083e-03 3.3505939689308559e-03 2.7413950654888823e-03
    3.0459945172098689e-03 3.3505939689308559e-03 1.8275967103259215e-03
    1.8275967103259215e-03 1.8275967103259215e-03 4.2643923240938165e-03
    1.5229972586049345e-03 9.1379835516296074e-04 2.4367956137678953e-03
    1.8275967103259215e-03 2.4367956137678953e-03 2.7413950654888823e-03
    3.6551934206518429e-03 1.5229972586049345e-03 3.0459945172098691e-04
    1.2183978068839476e-03 1.2183978068839476e-03 2.1321961620469083e-03
    2.7413950654888823e-03 6.0919890344197382e-04 2.7413950654888823e-03
    1.8275967103259215e-03 2.1321961620469083e-03 2.6500152299725861e-02
    2.1321961620469083e-03 1.2183978068839476e-03 1.5229972586049345e-03
    1.2183978068839476e-03 2.1321961620469083e-03 3.0459945172098689e-03
    3.0459945172098689e-03 2.7413950654888823e-03 2.1321961620469083e-03
    2.4367956137678953e-03 2.1321961620469083e-03 1.2183978068839476e-03
    1.5229972586049345e-03 1.5229972586049345e-03 2.1321961620469083e-03
    3.0459945172098691e-04 3.9597928723728295e-03 3.6551934206518429e-03
    2.7413950654888823e-03 3.0459945172098689e-03 2.4367956137678953e-03
    6.0919890344197382e-04 3.0459945172098691e-04 1.2183978068839476e-03
    3.3505939689308559e-03 3.0459945172098689e-03 2.1321961620469083e-03
    3.6551934206518429e-03 2.4367956137678953e-03 2.4367956137678953e-03
    3.0459945172098689e-03 2.4367956137678953e-03 1.5229972586049345e-03
    1.5229972586049345e-03 3.0459945172098689e-03 2.4367956137678953e-03
    3.6551934206518429e-03 1.8275967103259215e-03 4.8735912275357906e-03
    4.8735912275357906e-03 2.7413950654888823e-03 1.2183978068839476e-03
    3.0459945172098691e-04 3.0459945172098691e-04 6.0919890344197382e-04
    2.1321961620469083e-03 1.5229972586049345e-03 1.8275967103259215e-03
    2.1321961620469083e-03 1.2183978068839476e-03 1.8275967103259215e-03
    1.8275967103259215e-03 9.1379835516296074e-04 2.1321961620469083e-03
    2.4367956137678953e-03 3.6551934206518429e-03 2.7413950654888823e-03
    1.8275967103259215e-03 3.9597928723728295e-03 2.1321961620469083e-03
    3.6551934206518429e-03 6.0919890344197382e-04 0. 0.
    3.0459945172098691e-04 3.3505939689308559e-03 2.1321961620469083e-03
    1.2183978068839476e-03 1.5229972586049345e-03 3.0459945172098689e-03
    1.8275967103259215e-03 2.7413950654888823e-03 6.0919890344197382e-04
    2.1321961620469083e-03 2.1321961620469083e-03 1.2183978068839476e-03
    5.2695705147730733e-02 3.0459945172098689e-03 3.3505939689308559e-03
    2.4367956137678953e-03 2.1321961620469083e-03 2.4367956137678953e-03
    0. 6.0919890344197382e-04 1.5229972586049345e-03
    2.7413950654888823e-03 1.8275967103259215e-03 1.5229972586049345e-03
    2.1321961620469083e-03 1.5229972586049345e-03 1.8275967103259215e-03
    2.4367956137678953e-03 2.1321961620469083e-03 2.4367956137678953e-03
    1.8275967103259215e-03 5.7873895826987508e-03 3.9597928723728295e-03
    1.5229972586049345e-03 1.8275967103259215e-03 4.5689917758148036e-03
    3.6551934206518429e-03 1.5229972586049345e-03 3.3505939689308559e-03
    1.8275967103259215e-03 3.0459945172098689e-03 3.6551934206518429e-03
    3.9597928723728295e-03 2.7413950654888823e-03 1.2183978068839476e-03
    2.1321961620469083e-03 1.5229972586049345e-03 1.5229972586049345e-03
    2.1321961620469083e-03 6.0919890344197382e-04 1.8275967103259215e-03
    2.1321961620469083e-03 9.1379835516296074e-04 3.0459945172098689e-03
    3.3505939689308559e-03 3.3505939689308559e-03 3.3505939689308559e-03
    1.2183978068839476e-03 1.8275967103259215e-03 2.1321961620469083e-03
    6.0919890344197382e-04 1.8275967103259215e-03 2.1321961620469083e-03
    2.4367956137678953e-03 2.7413950654888823e-03 1.8275967103259215e-03
    3.0459945172098691e-04 1.2183978068839476e-03 2.1321961620469083e-03
    9.1379835516296074e-04 1.5229972586049345e-03 2.4367956137678953e-03
    2.7413950654888823e-03 2.1321961620469083e-03 3.9597928723728295e-03
    3.3505939689308559e-03 2.4367956137678953e-03 1.5229972586049345e-03
    1.2183978068839476e-03 3.6551934206518429e-03 1.8275967103259215e-03
    2.4367956137678953e-03 2.4367956137678953e-03 1.8275967103259215e-03
    2.4367956137678953e-03 2.4367956137678953e-03 1.5229972586049345e-03
    0. 9.1379835516296074e-04 9.1379835516296074e-04
    2.1321961620469083e-03 9.1379835516296074e-04 1.2183978068839476e-03
    1.5229972586049345e-03 1.8275967103259215e-03 2.6195552848004875e-02
    1.5229972586049345e-03 2.7413950654888823e-03 2.7413950654888823e-03
    9.1379835516296074e-04 6.0919890344197382e-04 4.2643923240938165e-03
    1.2183978068839476e-03 9.1379835516296074e-04 3.0459945172098689e-03
    9.1379835516296074e-04 1.2183978068839476e-03 6.0919890344197382e-04
    9.1379835516296074e-04 1.8275967103259215e-03 1.8275967103259215e-03
    1.2183978068839476e-03 1.5229972586049345e-03 1.5229972586049345e-03
