<?xml version="1.0"?>
<opencv_storage>
<fireplace type_id="opencv-matrix">
  <rows>20</rows>
  <cols>20</cols>
  <dt>d</dt>
  <data>
    1.3857613026156245e-03 1.2125411397886714e-03 8.6610081413476532e-04
    1.0393209769617184e-03 5.1966048848085919e-04 1.3857613026156245e-03
    1.3857613026156245e-03 1.7322016282695306e-03 5.1966048848085919e-04
    2.0786419539234368e-03 1.0393209769617184e-03 4.3305040706738268e-03
    5.7162653732894513e-03 4.6769443963277325e-03 3.8108435821929674e-03
    3.6376234193660141e-03 4.1572839078468735e-03 3.1179629308851551e-03
    3.8108435821929674e-03 3.9840637450199202e-03 6.9288065130781226e-04
    1.2125411397886714e-03 1.7322016282695306e-03 5.1966048848085919e-04
    1.5589814654425776e-03 1.7322016282695306e-03 8.6610081413476532e-04
    1.2125411397886714e-03 8.6610081413476532e-04 5.1966048848085919e-04
    1.9054217910964837e-03 2.4250822795773429e-03 2.9447427680582019e-03
    6.5823661874242160e-03 4.1572839078468735e-03 3.8108435821929674e-03
    4.3305040706738268e-03 4.1572839078468735e-03 4.8501645591546858e-03
    4.8501645591546858e-03 1.2125411397886714e-03 1.0393209769617184e-03
    1.3857613026156245e-03 1.7322016282695306e-03 1.9054217910964837e-03
    3.4644032565390613e-04 1.5589814654425776e-03 5.1966048848085919e-04
    8.6610081413476532e-04 1.2125411397886714e-03 1.9054217910964837e-03
    2.9447427680582019e-03 4.3305040706738268e-03 3.4644032565390613e-03
    3.8108435821929674e-03 4.1572839078468735e-03 6.2359258617703103e-03
    7.1020266759050750e-03 7.6216871643859348e-03 5.5430452104624980e-03
    1.3857613026156245e-03 1.3857613026156245e-03 1.3857613026156245e-03
    1.2125411397886714e-03 8.3145678156937471e-03 1.5589814654425776e-03
    3.4644032565390613e-04 1.0393209769617184e-03 6.9288065130781226e-04
    1.5589814654425776e-03 1.7322016282695306e-03 2.0786419539234368e-03
    3.2911830937121080e-03 3.1179629308851551e-03 4.6769443963277325e-03
    4.6769443963277325e-03 5.1966048848085915e-03 5.7162653732894513e-03
    6.7555863502511693e-03 6.9288065130781226e-03 1.0393209769617184e-03
    1.0393209769617184e-03 1.3857613026156245e-03 1.3857613026156245e-03
    1.2125411397886714e-03 1.2125411397886714e-03 1.0393209769617184e-03
    8.6610081413476532e-04 3.4644032565390613e-04 3.4644032565390613e-04
    1.3857613026156245e-03 2.9447427680582019e-03 1.7322016282695306e-03
    2.7715226052312490e-03 3.4644032565390613e-03 4.8501645591546858e-03
    6.0627056989433570e-03 5.3698250476355448e-03 7.9681274900398405e-03
    5.7162653732894513e-03 1.3857613026156245e-03 1.2125411397886714e-03
    8.6610081413476532e-04 1.3857613026156245e-03 5.1966048848085919e-04
    1.7322016282695306e-03 6.9288065130781226e-04 5.1966048848085919e-04
    3.4644032565390613e-04 3.4644032565390613e-04 8.6610081413476532e-04
    1.2125411397886714e-03 8.6610081413476532e-04 2.0786419539234368e-03
    3.9840637450199202e-03 6.5823661874242160e-03 7.2752468387320282e-03
    6.7555863502511693e-03 5.7162653732894513e-03 7.1020266759050750e-03
    8.6610081413476532e-04 1.7322016282695306e-03 5.1966048848085919e-04
    1.2125411397886714e-03 1.3857613026156245e-03 1.3857613026156245e-03
    1.0393209769617184e-03 8.6610081413476532e-04 5.1966048848085919e-04
    3.4644032565390613e-04 3.4644032565390613e-04 1.7322016282695306e-04
    5.1966048848085919e-04 2.4250822795773429e-03 4.3305040706738268e-03
    7.1020266759050750e-03 8.3145678156937471e-03 7.4484670015589815e-03
    6.0627056989433570e-03 5.0233847219816391e-03 3.4644032565390613e-04
    1.2125411397886714e-03 5.1966048848085919e-04 6.9288065130781226e-04
    6.9288065130781226e-04 1.2125411397886714e-03 1.7322016282695306e-04
    3.4644032565390613e-04 0. 1.7322016282695306e-04 0. 0.
    3.4644032565390613e-04 1.3857613026156245e-03 3.4644032565390613e-03
    4.8501645591546858e-03 4.5037242335007792e-03 5.3698250476355448e-03
    5.7162653732894513e-03 4.3305040706738268e-03 1.3857613026156245e-03
    8.6610081413476532e-04 8.6610081413476532e-04 6.9288065130781226e-04
    8.6610081413476532e-04 6.9288065130781226e-04 3.4644032565390613e-04
    0. 1.7322016282695306e-04 0. 1.7322016282695306e-04
    1.7322016282695306e-04 6.9288065130781226e-04 1.0393209769617184e-03
    1.9054217910964837e-03 2.7715226052312490e-03 4.5037242335007792e-03
    6.2359258617703103e-03 6.4091460245972627e-03 5.7162653732894513e-03
    1.0393209769617184e-03 2.4250822795773429e-03 1.7322016282695306e-03
    6.9288065130781226e-04 2.2518621167503896e-03 8.6610081413476532e-04
    5.1966048848085919e-04 0. 1.7322016282695306e-04 0.
    1.7322016282695306e-04 1.7322016282695306e-04 8.6610081413476532e-04
    1.3857613026156245e-03 2.9447427680582019e-03 4.5037242335007792e-03
    5.0233847219816391e-03 5.8894855361164037e-03 5.7162653732894513e-03
    7.4484670015589815e-03 1.7322016282695306e-03 5.1966048848085919e-04
    3.4644032565390613e-04 1.5589814654425776e-03 1.7322016282695306e-03
    8.6610081413476532e-04 1.7322016282695306e-04 0.
    1.7322016282695306e-04 5.1966048848085919e-04 8.6610081413476532e-04
    0. 1.0393209769617184e-03 2.4250822795773429e-03
    4.6769443963277325e-03 7.4484670015589815e-03 6.0627056989433570e-03
    7.6216871643859348e-03 1.0219989606790230e-02 1.0046769443963278e-02
    1.0393209769617184e-03 1.0393209769617184e-03 1.0393209769617184e-03
    1.7322016282695306e-04 5.1966048848085919e-04 6.9288065130781226e-04
    0. 3.4644032565390613e-04 5.1966048848085919e-04 0.
    1.7322016282695306e-04 0. 3.4644032565390613e-04
    1.0393209769617184e-03 1.9054217910964837e-03 3.6376234193660141e-03
    3.8108435821929674e-03 5.0233847219816391e-03 6.9288065130781226e-03
    4.8501645591546858e-03 1.0393209769617184e-03 1.9054217910964837e-03
    1.3857613026156245e-03 1.0393209769617184e-03 5.1966048848085919e-04
    6.9288065130781226e-04 1.7322016282695306e-04 0. 0. 0. 0. 0.
    8.6610081413476532e-04 1.5589814654425776e-03 3.1179629308851551e-03
    5.8894855361164037e-03 4.5037242335007792e-03 6.0627056989433570e-03
    5.3698250476355448e-03 4.8501645591546858e-03 6.9288065130781226e-04
    1.2125411397886714e-03 1.2125411397886714e-03 1.5589814654425776e-03
    1.0393209769617184e-03 3.4644032565390613e-04 3.4644032565390613e-04
    1.2125411397886714e-03 0. 6.9288065130781226e-04
    8.6610081413476532e-04 6.9288065130781226e-04 8.6610081413476532e-04
    1.3857613026156245e-03 5.0233847219816391e-03 5.7162653732894513e-03
    8.3145678156937471e-03 7.4484670015589815e-03 7.9681274900398405e-03
    6.9288065130781226e-03 3.4644032565390613e-04 6.9288065130781226e-04
    2.4250822795773429e-03 1.0393209769617184e-03 1.7322016282695306e-03
    1.2125411397886714e-03 1.7322016282695306e-03 1.7322016282695306e-04
    5.1966048848085919e-04 1.2125411397886714e-03 1.7322016282695306e-04
    1.3857613026156245e-03 2.7715226052312490e-03 3.2911830937121080e-03
    5.1966048848085915e-03 7.1020266759050750e-03 5.5430452104624980e-03
    9.5271089554824183e-03 5.5430452104624980e-03 6.4091460245972627e-03
    1.2125411397886714e-03 8.6610081413476532e-04 1.0393209769617184e-03
    1.0393209769617184e-03 1.3857613026156245e-03 1.2125411397886714e-03
    8.6610081413476532e-04 1.2125411397886714e-03 6.9288065130781226e-04
    1.0393209769617184e-03 1.7322016282695306e-03 1.7322016282695306e-03
    2.0786419539234368e-03 1.5589814654425776e-03 4.3305040706738268e-03
    4.8501645591546858e-03 4.3305040706738268e-03 5.5430452104624980e-03
    5.0233847219816391e-03 5.7162653732894513e-03 6.9288065130781226e-04
    5.1966048848085919e-04 1.2125411397886714e-03 6.9288065130781226e-04
    1.2125411397886714e-03 8.6610081413476532e-04 8.6610081413476532e-04
    1.2125411397886714e-03 6.9288065130781226e-04 1.7322016282695306e-03
    1.9054217910964837e-03 3.1179629308851551e-03 2.4250822795773429e-03
    4.3305040706738268e-03 3.9840637450199202e-03 5.7162653732894513e-03
