<?xml version="1.0"?>
<opencv_storage>
<fishbowl type_id="opencv-matrix">
  <rows>20</rows>
  <cols>20</cols>
  <dt>d</dt>
  <data>
    1.3609145345672292e-03 8.1654872074033748e-04 1.9052803483941209e-03
    8.1654872074033748e-04 1.0887316276537834e-03 2.4496461622210124e-03
    1.9052803483941209e-03 2.1774632553075669e-03 8.1654872074033748e-04
    2.9940119760479044e-03 2.1774632553075669e-03 1.9052803483941209e-03
    2.4496461622210124e-03 2.9940119760479044e-03 1.0887316276537834e-03
    1.0887316276537834e-03 8.1654872074033748e-04 2.9940119760479044e-03
    2.4496461622210124e-03 1.6330974414806750e-03 1.0887316276537834e-03
    2.1774632553075669e-03 8.1654872074033748e-04 1.3609145345672292e-03
    1.6330974414806750e-03 3.2661948829613499e-03 2.4496461622210124e-03
    2.7218290691344584e-03 2.4496461622210124e-03 3.5383777898747959e-03
    3.8105606967882419e-03 4.3549265106151338e-03 2.9940119760479044e-03
    3.5383777898747959e-03 1.9052803483941209e-03 1.9052803483941209e-03
    8.1654872074033748e-04 1.3609145345672292e-03 1.6330974414806750e-03
    1.3609145345672292e-03 1.6330974414806750e-03 1.3609145345672292e-03
    8.1654872074033748e-04 2.4496461622210124e-03 1.0887316276537834e-03
    2.1774632553075669e-03 2.1774632553075669e-03 3.5383777898747959e-03
    2.7218290691344584e-03 5.7158410451823623e-03 3.8105606967882419e-03
    1.3609145345672292e-03 2.1774632553075669e-03 4.6271094175285793e-03
    8.1654872074033748e-04 5.4436581382689172e-04 2.7218290691344584e-03
    1.3609145345672292e-03 1.6330974414806750e-03 1.9052803483941209e-03
    2.1774632553075669e-03 1.0887316276537834e-03 1.6330974414806750e-03
    1.6330974414806750e-03 2.1774632553075669e-03 2.1774632553075669e-03
    1.3609145345672292e-03 1.3609145345672292e-03 2.9940119760479044e-03
    4.0827436037016874e-03 3.5383777898747959e-03 2.7218290691344584e-03
    4.6271094175285793e-03 4.6271094175285793e-03 1.6330974414806750e-03
    1.9052803483941209e-03 1.0887316276537834e-03 1.6330974414806750e-03
    2.4496461622210124e-03 1.9052803483941209e-03 1.0887316276537834e-03
    3.2661948829613499e-03 3.6472509526401742e-02 2.4496461622210124e-03
    2.7218290691344584e-03 2.4496461622210124e-03 2.1774632553075669e-03
    1.0887316276537834e-03 1.3609145345672292e-03 6.8045726728361462e-03
    1.3609145345672292e-03 3.8105606967882419e-03 3.2661948829613499e-03
    5.9880239520958087e-03 4.0827436037016874e-03 1.3609145345672292e-03
    1.3609145345672292e-03 1.0887316276537834e-03 1.9052803483941209e-03
    8.1654872074033748e-04 3.2661948829613499e-03 1.9052803483941209e-03
    4.0827436037016874e-03 2.1774632553075669e-03 4.3549265106151338e-03
    4.6271094175285793e-03 2.1774632553075669e-03 3.5383777898747959e-03
    3.8105606967882419e-03 6.8045726728361462e-03 2.4496461622210124e-03
    2.7218290691344584e-03 3.8105606967882419e-03 7.8933043004899284e-03
    3.5383777898747959e-03 2.9940119760479044e-03 5.4436581382689172e-04
    1.0887316276537834e-03 8.1654872074033748e-04 1.0887316276537834e-03
    2.1774632553075669e-03 1.3609145345672292e-03 1.0887316276537834e-03
    2.1774632553075669e-03 2.4496461622210124e-03 2.1774632553075669e-03
    5.1714752313554713e-03 3.2661948829613499e-03 2.7218290691344584e-03
    3.5383777898747959e-03 3.2661948829613499e-03 2.1774632553075669e-03
    5.1714752313554713e-03 3.8105606967882419e-03 2.9940119760479044e-03
    2.7218290691344584e-03 1.6330974414806750e-03 8.1654872074033748e-04
    1.6330974414806750e-03 1.9052803483941209e-03 2.1774632553075669e-03
    1.3609145345672292e-03 1.6330974414806750e-03 2.1774632553075669e-03
    3.5383777898747959e-03 3.2661948829613499e-03 5.1714752313554713e-03
    2.7218290691344584e-03 1.9052803483941209e-03 1.0887316276537834e-03
    1.0887316276537834e-03 5.4436581382689172e-04 4.6271094175285793e-03
    4.0827436037016874e-03 2.1774632553075669e-03 1.6330974414806750e-03
    1.6330974414806750e-03 2.1774632553075669e-03 1.9052803483941209e-03
    3.5383777898747959e-03 1.6330974414806750e-03 1.9052803483941209e-03
    3.8105606967882419e-03 2.1774632553075669e-03 1.9052803483941209e-03
    2.4496461622210124e-03 3.5383777898747959e-03 1.0887316276537834e-03
    2.7218290691344586e-04 2.7218290691344586e-04 1.9052803483941209e-03
    1.9052803483941209e-03 2.4496461622210124e-03 5.1714752313554713e-03
    3.5383777898747959e-03 5.1714752313554713e-03 4.3549265106151338e-03
    3.2661948829613499e-03 2.7218290691344584e-03 1.0887316276537834e-03
    1.6330974414806750e-03 4.0827436037016874e-03 2.7218290691344584e-03
    4.3549265106151338e-03 3.5383777898747959e-03 5.7158410451823623e-03
    3.5383777898747959e-03 1.3609145345672292e-03 0.
    2.7218290691344586e-04 0. 5.4436581382689172e-04
    2.1774632553075669e-03 4.6271094175285793e-03 3.2661948829613499e-03
    2.9940119760479044e-03 4.0827436037016874e-03 2.4496461622210124e-03
    2.4496461622210124e-03 1.0887316276537834e-03 2.4496461622210124e-03
    5.4436581382689172e-04 4.0827436037016874e-03 3.8105606967882419e-03
    5.4436581382689168e-03 4.6271094175285793e-03 2.1774632553075669e-03
    8.1654872074033748e-04 2.7218290691344586e-04 0.
    2.7218290691344586e-04 1.0887316276537834e-03 2.1774632553075669e-03
    3.5383777898747959e-03 4.6271094175285793e-03 4.0827436037016874e-03
    2.1774632553075669e-03 1.9052803483941209e-03 2.7218290691344584e-03
    1.6330974414806750e-03 3.2661948829613499e-03 3.2661948829613499e-03
    2.4496461622210124e-03 1.9052803483941209e-03 3.2661948829613499e-03
    4.3549265106151338e-03 3.5383777898747959e-03 1.3609145345672292e-03
    2.7218290691344586e-04 2.7218290691344586e-04 0.
    1.6330974414806750e-03 2.7218290691344584e-03 4.6271094175285793e-03
    2.7218290691344584e-03 3.5383777898747959e-03 2.1774632553075669e-03
    2.4496461622210124e-03 2.9940119760479044e-03 1.3609145345672292e-03
    2.1774632553075669e-03 2.9940119760479044e-03 1.3609145345672292e-03
    1.9052803483941209e-03 5.4436581382689172e-04 3.2661948829613499e-03
    3.8105606967882419e-03 5.1714752313554713e-03 2.7218290691344584e-03
    1.9052803483941209e-03 2.7218290691344586e-04 3.5383777898747959e-03
    4.8992923244420249e-03 3.8105606967882419e-03 3.8105606967882419e-03
    1.3609145345672292e-03 1.6330974414806750e-03 3.2661948829613499e-03
    4.0827436037016874e-03 2.4496461622210124e-03 5.1714752313554713e-03
    1.9052803483941209e-03 2.4496461622210124e-03 3.2661948829613499e-03
    3.8105606967882419e-03 5.1714752313554713e-03 3.8105606967882419e-03
    5.7158410451823623e-03 6.5323897659226998e-03 3.2661948829613499e-03
    7.0767555797495918e-03 2.4496461622210124e-03 4.8992923244420249e-03
    6.5323897659226998e-03 4.0827436037016874e-03 2.4496461622210124e-03
    3.5383777898747959e-03 1.9052803483941209e-03 1.6330974414806750e-03
    1.0887316276537834e-03 2.4496461622210124e-03 1.9052803483941209e-03
    1.9052803483941209e-03 2.1774632553075669e-03 3.2661948829613499e-03
    1.6330974414806750e-03 3.5383777898747959e-03 4.6271094175285793e-03
    2.7218290691344584e-03 4.3549265106151338e-03 5.4436581382689168e-03
    2.1774632553075669e-03 3.2661948829613499e-03 5.9880239520958087e-03
    3.2661948829613499e-03 2.4496461622210124e-03 1.0887316276537834e-03
    1.3609145345672292e-03 2.7218290691344584e-03 1.9052803483941209e-03
    1.0887316276537834e-03 1.6330974414806750e-03 2.1774632553075669e-03
    2.4496461622210124e-03 1.0887316276537834e-03 2.1774632553075669e-03
    4.3549265106151338e-03 5.4436581382689172e-04 2.1774632553075669e-03
    3.2661948829613499e-03 2.9940119760479044e-03 1.9052803483941209e-03
    1.6330974414806750e-03 5.7158410451823623e-03 3.2661948829613499e-03
    1.3609145345672292e-03 8.1654872074033748e-04 2.7218290691344586e-04
    1.6330974414806750e-03 1.3609145345672292e-03 1.9052803483941209e-03
    5.4436581382689172e-04 1.0887316276537834e-03 5.4436581382689172e-04
