<?xml version="1.0"?>
<opencv_storage>
<fish_tank type_id="opencv-matrix">
  <rows>20</rows>
  <cols>20</cols>
  <dt>d</dt>
  <data>
    7.6765609007164786e-04 1.5353121801432957e-03 1.0235414534288639e-03
    7.6765609007164786e-04 7.6765609007164786e-04 2.5588536335721597e-04
    1.0235414534288639e-03 1.0235414534288639e-03 5.1177072671443195e-04
    1.0235414534288639e-03 3.3265097236438077e-03 4.3500511770726714e-03
    3.5823950870010235e-03 4.6059365404298872e-03 3.0706243602865915e-03
    2.8147389969293756e-03 2.0470829068577278e-03 3.3265097236438077e-03
    2.5588536335721598e-03 4.8618219037871030e-03 1.2794268167860799e-03
    1.5353121801432957e-03 2.5588536335721597e-04 2.5588536335721597e-04
    1.2794268167860799e-03 1.5353121801432957e-03 1.0235414534288639e-03
    5.1177072671443195e-04 1.0235414534288639e-03 1.5353121801432957e-03
    3.0706243602865915e-03 5.3735926305015355e-03 4.3500511770726714e-03
    3.5823950870010235e-03 3.0706243602865915e-03 2.8147389969293756e-03
    3.0706243602865915e-03 2.8147389969293756e-03 2.5588536335721598e-03
    2.3029682702149436e-03 1.2794268167860799e-03 0.
    7.6765609007164786e-04 2.5588536335721597e-04 5.1177072671443195e-04
    5.1177072671443195e-04 1.5353121801432957e-03 2.5588536335721597e-04
    1.0235414534288639e-03 1.2794268167860799e-03 4.8618219037871030e-03
    3.0706243602865915e-03 5.3735926305015355e-03 5.1177072671443197e-03
    3.8382804503582393e-03 2.5588536335721598e-03 2.3029682702149436e-03
    3.5823950870010235e-03 3.0706243602865915e-03 5.1177072671443197e-03
    5.1177072671443195e-04 1.2794268167860799e-03 7.6765609007164786e-04
    2.5588536335721597e-04 2.5588536335721597e-04 5.1177072671443195e-04
    0. 1.2794268167860799e-03 1.0235414534288639e-03
    1.5353121801432957e-03 3.5823950870010235e-03 2.5588536335721598e-03
    4.0941658137154556e-03 6.6530194472876154e-03 2.5588536335721598e-03
    4.0941658137154556e-03 2.8147389969293756e-03 3.8382804503582393e-03
    4.6059365404298872e-03 4.8618219037871030e-03 0.
    5.1177072671443195e-04 2.5588536335721597e-04 7.6765609007164786e-04
    5.1177072671443195e-04 1.0235414534288639e-03 5.1177072671443195e-04
    7.6765609007164786e-04 5.1177072671443195e-04 0.
    3.0706243602865915e-03 3.3265097236438077e-03 2.0470829068577278e-03
    2.8147389969293756e-03 1.5353121801432957e-03 3.3265097236438077e-03
    3.0706243602865915e-03 4.0941658137154556e-03 3.8382804503582393e-03
    3.5823950870010235e-03 7.6765609007164786e-04 7.6765609007164786e-04
    1.5353121801432957e-03 0. 5.1177072671443195e-04
    5.1177072671443195e-04 2.5588536335721597e-04 5.1177072671443195e-04
    0. 2.5588536335721597e-04 1.0235414534288639e-03
    1.2794268167860799e-03 1.0235414534288639e-03 1.2794268167860799e-03
    2.8147389969293756e-03 2.3029682702149436e-03 2.5588536335721598e-03
    2.0470829068577278e-03 1.7911975435005118e-03 5.3735926305015355e-03
    2.3029682702149436e-03 1.0235414534288639e-03 2.5588536335721597e-04
    2.5588536335721597e-04 7.6765609007164786e-04 2.3029682702149436e-03
    2.5588536335721597e-04 2.5588536335721597e-04 2.5588536335721597e-04
    5.1177072671443195e-04 7.6765609007164786e-04 5.1177072671443195e-04
    2.5588536335721597e-04 1.0235414534288639e-03 2.3029682702149436e-03
    3.0706243602865915e-03 3.0706243602865915e-03 4.8618219037871030e-03
    4.0941658137154556e-03 3.8382804503582393e-03 7.6765609007164786e-04
    5.1177072671443195e-04 7.6765609007164786e-04 7.6765609007164786e-04
    1.0235414534288639e-03 1.0235414534288639e-03 2.5588536335721597e-04
    2.5588536335721597e-04 2.5588536335721597e-04 1.5353121801432957e-03
    0. 0. 1.0235414534288639e-03 1.0235414534288639e-03
    2.0470829068577278e-03 3.3265097236438077e-03 3.5823950870010235e-03
    3.3265097236438077e-03 4.6059365404298872e-03 4.8618219037871030e-03
    1.2794268167860799e-03 1.0235414534288639e-03 1.2794268167860799e-03
    5.1177072671443195e-04 7.6765609007164786e-04 0.
    5.1177072671443195e-04 5.1177072671443195e-04 0.
    2.5588536335721597e-04 2.5588536335721597e-04 2.5588536335721597e-04
    0. 7.6765609007164786e-04 1.5353121801432957e-03
    3.3265097236438077e-03 5.6294779938587513e-03 3.8382804503582393e-03
    4.0941658137154556e-03 3.5823950870010235e-03 1.7911975435005118e-03
    1.2794268167860799e-03 7.6765609007164786e-04 1.2794268167860799e-03
    5.1177072671443195e-04 7.6765609007164786e-04 5.1177072671443195e-04
    5.1177072671443195e-04 0. 0. 5.1177072671443195e-04 0.
    7.6765609007164786e-04 2.3029682702149436e-03 3.3265097236438077e-03
    4.3500511770726714e-03 5.8853633572159671e-03 5.6294779938587513e-03
    7.1647901740020470e-03 6.9089048106448312e-03 7.6765609007164786e-04
    1.0235414534288639e-03 1.7911975435005118e-03 1.5353121801432957e-03
    0. 2.5588536335721597e-04 5.1177072671443195e-04
    5.1177072671443195e-04 0. 5.1177072671443195e-04 0.
    5.1177072671443195e-04 2.5588536335721597e-04 1.5353121801432957e-03
    2.3029682702149436e-03 6.1412487205731829e-03 6.9089048106448312e-03
    8.7001023541453427e-03 6.6530194472876154e-03 8.7001023541453427e-03
    1.0235414534288639e-03 1.2794268167860799e-03 1.2794268167860799e-03
    1.2794268167860799e-03 7.6765609007164786e-04 7.6765609007164786e-04
    2.5588536335721597e-04 0. 0. 0. 2.5588536335721597e-04
    1.2794268167860799e-03 1.2794268167860799e-03 1.7911975435005118e-03
    2.5588536335721598e-03 3.5823950870010235e-03 6.3971340839303996e-03
    5.1177072671443197e-03 8.7001023541453427e-03 9.4677584442169910e-03
    2.5588536335721597e-04 0. 2.5588536335721597e-04
    5.1177072671443195e-04 5.1177072671443195e-04 0.
    2.5588536335721597e-04 5.1177072671443195e-04 5.1177072671443195e-04
    1.0235414534288639e-03 7.6765609007164786e-04 5.1177072671443195e-04
    1.2794268167860799e-03 2.0470829068577278e-03 3.5823950870010235e-03
    3.5823950870010235e-03 3.0706243602865915e-03 4.8618219037871030e-03
    9.2118730808597744e-03 8.1883316274309111e-03 1.7911975435005118e-03
    1.0235414534288639e-03 2.5588536335721597e-04 1.0235414534288639e-03
    2.5588536335721597e-04 2.5588536335721597e-04 0.
    2.5588536335721597e-04 1.2794268167860799e-03 5.1177072671443195e-04
    1.0235414534288639e-03 2.5588536335721597e-04 1.5353121801432957e-03
    1.7911975435005118e-03 2.8147389969293756e-03 3.8382804503582393e-03
    5.8853633572159671e-03 8.1883316274309111e-03 4.0941658137154556e-03
    8.4442169907881261e-03 5.1177072671443195e-04 1.7911975435005118e-03
    0. 0. 5.1177072671443195e-04 5.1177072671443195e-04
    1.0235414534288639e-03 5.1177072671443195e-04 1.0235414534288639e-03
    2.3029682702149436e-03 3.3265097236438077e-03 2.0470829068577278e-03
    3.8382804503582393e-03 4.6059365404298872e-03 5.3735926305015355e-03
    4.8618219037871030e-03 6.9089048106448312e-03 7.6765609007164786e-03
    7.1647901740020470e-03 7.1647901740020470e-03 1.0235414534288639e-03
    5.1177072671443195e-04 1.7911975435005118e-03 5.1177072671443195e-04
    7.6765609007164786e-04 2.5588536335721597e-04 5.1177072671443195e-04
    7.6765609007164786e-04 0. 2.8147389969293756e-03
    5.1177072671443197e-03 3.0706243602865915e-03 3.3265097236438077e-03
    8.4442169907881261e-03 6.6530194472876154e-03 5.3735926305015355e-03
    3.8382804503582393e-03 5.8853633572159671e-03 5.8853633572159671e-03
    5.3735926305015355e-03 7.6765609007164786e-04 2.5588536335721597e-04
    1.2794268167860799e-03 2.5588536335721597e-04 5.1177072671443195e-04
    1.7911975435005118e-03 7.6765609007164786e-04 0.
    1.2794268167860799e-03 3.8382804503582393e-03 3.3265097236438077e-03
    5.3735926305015355e-03 6.9089048106448312e-03 1.1514841351074719e-02
    5.1177072671443197e-03 8.7001023541453427e-03 6.6530194472876154e-03
    6.3971340839303996e-03 8.1883316274309111e-03 5.1177072671443197e-03
    7.6765609007164786e-04 1.5353121801432957e-03 7.6765609007164786e-04
