<?xml version="1.0"?>
<opencv_storage>
<floor_lamp type_id="opencv-matrix">
  <rows>20</rows>
  <cols>20</cols>
  <dt>d</dt>
  <data>
    1.1816033448463915e-03 1.3936859964854874e-03 9.9981821487002366e-04
    1.1816033448463915e-03 1.3633884748227596e-03 1.9693389080773192e-03
    1.1513058231836636e-03 1.5148760831363995e-03 1.5754711264618555e-03
    1.7875537781009514e-03 2.1511240380536873e-03 2.5449918196691510e-03
    2.7873719929709748e-03 2.7570744713082472e-03 2.3026116463673273e-03
    1.5451736047991274e-03 1.8784463430891352e-03 1.4845785614736714e-03
    9.6952069320729568e-04 1.4845785614736714e-03 1.3633884748227596e-03
    1.3936859964854874e-03 1.0907107798582077e-03 1.3027934314973036e-03
    1.7269587347754954e-03 1.9693389080773192e-03 2.0299339514027754e-03
    1.8784463430891352e-03 1.9693389080773192e-03 2.3632066896927830e-03
    2.7267769496455191e-03 2.5146942980064230e-03 2.8782645579591591e-03
    3.0600496879355267e-03 2.9388596012846148e-03 1.9693389080773192e-03
    1.7875537781009514e-03 1.3027934314973036e-03 1.2421983881718474e-03
    1.3330909531600315e-03 1.1513058231836636e-03 1.1513058231836636e-03
    9.9981821487002366e-04 1.1816033448463915e-03 1.2421983881718474e-03
    2.3632066896927830e-03 1.8481488214264073e-03 2.2117190813791430e-03
    2.2117190813791430e-03 3.8477852511664547e-03 3.6357025995273585e-03
    3.1206447312609829e-03 3.1206447312609829e-03 3.4236199478882628e-03
    2.9388596012846148e-03 2.1208265163909592e-03 1.8784463430891352e-03
    1.0907107798582077e-03 9.6952069320729568e-04 1.2724959098345755e-03
    1.4239835181482155e-03 1.2119008665091196e-03 1.0604132581954796e-03
    1.2421983881718474e-03 1.9390413864145914e-03 3.6054050778646309e-03
    3.0600496879355267e-03 2.1814215597164154e-03 2.8479670362964310e-03
    3.5751075562019028e-03 4.2719505544446465e-03 4.8173059443737502e-03
    3.7265951645155428e-03 5.3929588559655820e-03 5.6353390292674058e-03
    2.1814215597164154e-03 1.6966612131127674e-03 1.3633884748227596e-03
    1.6966612131127674e-03 1.7875537781009514e-03 1.4542810398109434e-03
    1.1513058231836636e-03 1.4542810398109434e-03 1.3027934314973036e-03
    2.1814215597164154e-03 4.3022480761073746e-03 2.6964794279827910e-03
    1.8481488214264073e-03 2.7570744713082472e-03 3.3024298612373509e-03
    3.2418348179118948e-03 3.8780827728291827e-03 3.4842149912137185e-03
    5.1505786826637583e-03 6.8775374174392537e-03 2.4238017330182392e-03
    2.7570744713082472e-03 1.6663636914500393e-03 2.0299339514027754e-03
    1.3633884748227596e-03 1.6057686481245833e-03 2.1814215597164154e-03
    2.4843967763436949e-03 2.7873719929709748e-03 3.9689753378173665e-03
    3.7568926861782704e-03 2.6358843846573349e-03 2.2117190813791430e-03
    2.5752893413318791e-03 3.4236199478882628e-03 3.1509422529237109e-03
    3.5448100345391747e-03 4.0598679028055508e-03 6.4533721141610614e-03
    4.9687935526873898e-03 4.9687935526873898e-03 2.9691571229473429e-03
    2.8479670362964310e-03 2.3329091680300553e-03 2.7570744713082472e-03
    1.8481488214264073e-03 1.8481488214264073e-03 3.1812397745864390e-03
    3.3327273829000786e-03 2.4843967763436949e-03 3.6357025995273585e-03
    2.9085620796218867e-03 3.1206447312609829e-03 2.7873719929709748e-03
    3.1509422529237109e-03 3.9689753378173665e-03 5.1808762043264863e-03
    3.6962976428528147e-03 5.6353390292674058e-03 5.7565291159183182e-03
    4.5446282494091984e-03 3.8477852511664547e-03 2.7267769496455191e-03
    2.8176695146337029e-03 2.5449918196691510e-03 1.3936859964854874e-03
    1.6057686481245833e-03 2.3329091680300553e-03 1.9087438647518633e-03
    1.9693389080773192e-03 1.8784463430891352e-03 1.7572562564382233e-03
    2.2420166030418711e-03 2.1208265163909592e-03 1.3936859964854874e-03
    1.6360661697873114e-03 2.9691571229473429e-03 4.3022480761073746e-03
    4.1204629461310061e-03 3.3630249045628067e-03 3.0297521662727991e-03
    3.2721323395746228e-03 3.1206447312609829e-03 2.1814215597164154e-03
    1.8784463430891352e-03 1.3027934314973036e-03 2.2117190813791430e-03
    2.1814215597164154e-03 2.9994546446100710e-03 1.7269587347754954e-03
    1.8784463430891352e-03 1.9693389080773192e-03 1.3633884748227596e-03
    6.9684299824274371e-04 7.8773556323092774e-04 4.8476034660364784e-04
    1.9390413864145914e-03 3.5751075562019028e-03 3.6357025995273585e-03
    2.9691571229473429e-03 3.6357025995273585e-03 4.3931406410955580e-03
    2.5146942980064230e-03 2.4843967763436949e-03 2.1208265163909592e-03
    1.2724959098345755e-03 2.4238017330182392e-03 2.2723141247045992e-03
    2.7873719929709748e-03 2.4843967763436949e-03 1.8481488214264073e-03
    1.9390413864145914e-03 9.0892564988183963e-04 4.5446282494091981e-04
    6.3624795491728776e-04 3.9386778161546387e-04 1.1210083015209356e-03
    3.2115372962491667e-03 4.0295703811428227e-03 3.8174877295037266e-03
    3.0600496879355267e-03 4.4234381627582860e-03 3.6660001211900866e-03
    2.5449918196691510e-03 1.8481488214264073e-03 1.9390413864145914e-03
    1.8784463430891352e-03 2.5752893413318791e-03 2.5146942980064230e-03
    2.8782645579591591e-03 1.6663636914500393e-03 1.9087438647518633e-03
    9.9981821487002366e-04 3.9386778161546387e-04 8.1803308489365571e-04
    4.8476034660364784e-04 1.4239835181482155e-03 2.6055868629946072e-03
    6.4533721141610614e-03 4.0598679028055508e-03 3.6962976428528147e-03
    5.2111737259892144e-03 3.3024298612373509e-03 2.8479670362964310e-03
    1.9996364297400473e-03 1.7269587347754954e-03 1.3936859964854874e-03
    2.9388596012846148e-03 2.8479670362964310e-03 2.4843967763436949e-03
    2.0602314730655030e-03 1.9390413864145914e-03 1.3936859964854874e-03
    5.7565291159183182e-04 4.2416530327819184e-04 7.2714051990547168e-04
    1.3330909531600315e-03 2.7570744713082472e-03 3.5448100345391747e-03
    3.5751075562019028e-03 3.9992728594800946e-03 3.6962976428528147e-03
    2.7570744713082472e-03 2.6358843846573349e-03 1.9693389080773192e-03
    1.6663636914500393e-03 2.0905289947282311e-03 1.7572562564382233e-03
    1.7572562564382233e-03 2.1208265163909592e-03 1.8784463430891352e-03
    2.2723141247045992e-03 2.4843967763436949e-03 1.7875537781009514e-03
    1.5148760831363995e-03 2.1208265163909592e-03 2.8782645579591591e-03
    3.6357025995273585e-03 3.6962976428528147e-03 3.4539174695509909e-03
    3.2418348179118948e-03 2.8479670362964310e-03 3.2721323395746228e-03
    4.3931406410955580e-03 2.1511240380536873e-03 1.7572562564382233e-03
    2.1814215597164154e-03 2.2117190813791430e-03 3.6357025995273585e-03
    3.1206447312609829e-03 3.4236199478882628e-03 2.4540992546809672e-03
    2.2420166030418711e-03 3.0903472095982548e-03 2.7267769496455191e-03
    2.8176695146337029e-03 4.5143307277464703e-03 4.1810579894564623e-03
    4.6658183360601107e-03 5.5747439859419497e-03 4.7264133793855660e-03
    4.0598679028055508e-03 2.7873719929709748e-03 2.9388596012846148e-03
    2.2420166030418711e-03 2.2117190813791430e-03 2.2420166030418711e-03
    2.1208265163909592e-03 2.5449918196691510e-03 3.3933224262255347e-03
    3.9992728594800946e-03 3.2721323395746228e-03 2.0905289947282311e-03
    2.4843967763436949e-03 2.9388596012846148e-03 3.5448100345391747e-03
    3.6962976428528147e-03 4.5143307277464703e-03 5.2717687693146697e-03
    5.3929588559655820e-03 4.9081985093619345e-03 3.8477852511664547e-03
    3.0903472095982548e-03 2.6964794279827910e-03 2.0905289947282311e-03
    9.6952069320729568e-04 1.1513058231836636e-03 1.1816033448463915e-03
    1.4239835181482155e-03 2.0905289947282311e-03 3.7568926861782704e-03
    2.8176695146337029e-03 2.0299339514027754e-03 1.8481488214264073e-03
    2.7873719929709748e-03 3.0297521662727991e-03 3.6660001211900866e-03
    3.3024298612373509e-03 5.6656365509301339e-03 6.6048597224747018e-03
    2.9085620796218867e-03 2.1814215597164154e-03 1.9087438647518633e-03
    1.6057686481245833e-03 2.0299339514027754e-03 1.0604132581954796e-03
