<?xml version="1.0"?>
<opencv_storage>
<food_processor type_id="opencv-matrix">
  <rows>20</rows>
  <cols>20</cols>
  <dt>d</dt>
  <data>
    1.4220705346985210e-03 2.8441410693970419e-04 1.4220705346985210e-03
    5.6882821387940839e-04 1.1376564277588168e-03 5.6882821387940839e-04
    1.1376564277588168e-03 1.1376564277588168e-03 8.5324232081911264e-04
    5.6882821387940839e-04 1.7064846416382253e-03 1.1376564277588168e-03
    3.1285551763367463e-03 1.7064846416382253e-03 1.9908987485779293e-03
    2.8441410693970420e-03 3.4129692832764505e-03 3.6973833902161548e-03
    3.4129692832764505e-03 2.5597269624573378e-03 1.7064846416382253e-03
    1.1376564277588168e-03 3.9817974971558586e-03 2.8441410693970419e-04
    5.6882821387940839e-04 1.9908987485779293e-03 8.5324232081911264e-04
    1.1376564277588168e-03 2.8441410693970419e-04 1.4220705346985210e-03
    2.2753128555176336e-03 5.6882821387940839e-04 3.1285551763367463e-03
    4.5506257110352671e-03 1.9908987485779293e-03 1.7064846416382253e-03
    2.2753128555176336e-03 4.2662116040955633e-03 2.5597269624573378e-03
    3.6973833902161548e-03 5.6882821387940839e-04 8.5324232081911264e-04
    1.4220705346985210e-03 2.8441410693970419e-04 2.2753128555176336e-03
    2.8441410693970419e-04 8.5324232081911264e-04 1.9908987485779293e-03
    5.6882821387940839e-04 5.6882821387940839e-04 2.5597269624573378e-03
    1.7064846416382253e-03 2.2753128555176336e-03 2.2753128555176336e-03
    3.9817974971558586e-03 4.5506257110352671e-03 3.4129692832764505e-03
    6.5415244596131964e-03 5.6882821387940841e-03 5.9726962457337888e-03
    5.6882821387940839e-04 5.6882821387940839e-04 8.5324232081911264e-04
    1.1376564277588168e-03 1.1376564277588168e-03 2.8441410693970419e-04
    1.7064846416382253e-03 1.1376564277588168e-03 8.5324232081911264e-04
    2.8441410693970419e-04 1.7064846416382253e-03 1.4220705346985210e-03
    2.8441410693970420e-03 2.2753128555176336e-03 4.5506257110352671e-03
    5.6882821387940841e-03 3.9817974971558586e-03 3.6973833902161548e-03
    3.6973833902161548e-03 2.5597269624573378e-03 1.4220705346985210e-03
    8.5324232081911264e-04 1.4220705346985210e-03 8.5324232081911264e-04
    5.6882821387940839e-04 1.1376564277588168e-03 1.7064846416382253e-03
    1.1376564277588168e-03 5.6882821387940839e-04 1.4220705346985210e-03
    1.4220705346985210e-03 1.4220705346985210e-03 2.8441410693970420e-03
    3.1285551763367463e-03 3.6973833902161548e-03 2.8441410693970420e-03
    3.1285551763367463e-03 2.8441410693970420e-03 6.8259385665529011e-03
    3.6973833902161548e-03 1.4220705346985210e-03 1.1376564277588168e-03
    1.4220705346985210e-03 2.8441410693970419e-04 8.5324232081911264e-04
    1.1376564277588168e-03 1.1376564277588168e-03 1.1376564277588168e-03
    1.1376564277588168e-03 1.1376564277588168e-03 2.8441410693970420e-03
    1.9908987485779293e-03 2.5597269624573378e-03 3.6973833902161548e-03
    2.2753128555176336e-03 4.5506257110352671e-03 2.2753128555176336e-03
    1.4220705346985210e-03 3.4129692832764505e-03 4.5506257110352671e-03
    1.1376564277588168e-03 1.4220705346985210e-03 5.6882821387940839e-04
    1.1376564277588168e-03 8.5324232081911264e-04 1.1376564277588168e-03
    1.7064846416382253e-03 1.4220705346985210e-03 2.8441410693970419e-04
    8.5324232081911264e-04 8.5324232081911264e-04 1.4220705346985210e-03
    3.4129692832764505e-03 5.4038680318543803e-03 3.1285551763367463e-03
    2.5597269624573378e-03 4.8350398179749718e-03 4.2662116040955633e-03
    5.4038680318543803e-03 7.1103526734926049e-03 5.6882821387940839e-04
    8.5324232081911264e-04 1.4220705346985210e-03 1.1376564277588168e-03
    1.4220705346985210e-03 8.5324232081911264e-04 1.1376564277588168e-03
    1.4220705346985210e-03 2.8441410693970419e-04 1.4220705346985210e-03
    5.6882821387940839e-04 2.5597269624573378e-03 3.6973833902161548e-03
    3.6973833902161548e-03 3.1285551763367463e-03 4.2662116040955633e-03
    3.9817974971558586e-03 3.4129692832764505e-03 7.6791808873720134e-03
    5.9726962457337888e-03 1.7064846416382253e-03 2.8441410693970419e-04
    8.5324232081911264e-04 1.4220705346985210e-03 8.5324232081911264e-04
    2.2753128555176336e-03 8.5324232081911264e-04 5.6882821387940839e-04
    2.8441410693970419e-04 0. 2.8441410693970419e-04
    5.6882821387940839e-04 0. 2.8441410693970420e-03
    3.1285551763367463e-03 3.9817974971558586e-03 3.9817974971558586e-03
    2.8441410693970420e-03 3.9817974971558586e-03 4.2662116040955633e-03
    1.7064846416382253e-03 5.6882821387940839e-04 1.9908987485779293e-03
    5.6882821387940839e-04 8.5324232081911264e-04 1.1376564277588168e-03
    1.7064846416382253e-03 8.5324232081911264e-04 2.8441410693970419e-04
    2.8441410693970419e-04 0. 2.8441410693970419e-04
    1.1376564277588168e-03 5.4038680318543803e-03 3.6973833902161548e-03
    3.4129692832764505e-03 4.2662116040955633e-03 5.6882821387940841e-03
    5.6882821387940841e-03 4.2662116040955633e-03 1.4220705346985210e-03
    1.9908987485779293e-03 1.1376564277588168e-03 2.8441410693970419e-04
    2.5597269624573378e-03 1.7064846416382253e-03 3.6973833902161548e-03
    8.5324232081911264e-04 0. 0. 0. 0. 1.7064846416382253e-03
    4.2662116040955633e-03 2.5597269624573378e-03 6.8259385665529011e-03
    5.1194539249146756e-03 2.2753128555176336e-03 3.9817974971558586e-03
    5.1194539249146756e-03 1.9908987485779293e-03 2.8441410693970419e-04
    2.5597269624573378e-03 1.1376564277588168e-03 1.9908987485779293e-03
    5.6882821387940839e-04 3.4129692832764505e-03 8.5324232081911264e-04
    2.8441410693970419e-04 0. 0. 8.5324232081911264e-04
    2.8441410693970419e-04 3.9817974971558586e-03 2.5597269624573378e-03
    4.8350398179749718e-03 4.2662116040955633e-03 2.8441410693970420e-03
    5.1194539249146756e-03 5.9726962457337888e-03 8.5324232081911264e-04
    5.6882821387940839e-04 8.5324232081911264e-04 2.8441410693970420e-03
    8.5324232081911264e-04 1.7064846416382253e-03 3.4129692832764505e-03
    1.1376564277588168e-03 8.5324232081911264e-04 5.6882821387940839e-04
    5.6882821387940839e-04 1.1376564277588168e-03 3.1285551763367463e-03
    2.8441410693970420e-03 1.9908987485779293e-03 4.2662116040955633e-03
    3.6973833902161548e-03 5.9726962457337888e-03 3.6973833902161548e-03
    2.8441410693970420e-03 2.8441410693970420e-03 1.1376564277588168e-03
    2.8441410693970420e-03 1.4220705346985210e-03 8.5324232081911264e-04
    3.6973833902161548e-03 2.8441410693970420e-03 3.4129692832764505e-03
    1.7064846416382253e-03 1.1376564277588168e-03 1.1376564277588168e-03
    8.5324232081911264e-04 5.1194539249146756e-03 6.5415244596131964e-03
    1.9908987485779293e-03 3.6973833902161548e-03 4.8350398179749718e-03
    3.4129692832764505e-03 5.6882821387940841e-03 3.9817974971558586e-03
    1.7064846416382253e-03 8.5324232081911264e-04 2.5597269624573378e-03
    1.1376564277588168e-03 1.1376564277588168e-03 2.2753128555176336e-03
    1.7064846416382253e-03 3.1285551763367463e-03 8.5324232081911264e-04
    1.4220705346985210e-03 2.2753128555176336e-03 8.5324232081911264e-04
    1.4220705346985210e-03 5.4038680318543803e-03 2.2753128555176336e-03
    8.5324232081911266e-03 3.9817974971558586e-03 2.2753128555176336e-03
    5.9726962457337888e-03 5.9726962457337888e-03 8.5324232081911264e-04
    8.5324232081911264e-04 2.2753128555176336e-03 1.7064846416382253e-03
    3.6973833902161548e-03 3.1285551763367463e-03 1.7064846416382253e-03
    2.8441410693970420e-03 1.9908987485779293e-03 1.9908987485779293e-03
    2.5597269624573378e-03 4.2662116040955633e-03 2.8441410693970420e-03
    5.1194539249146756e-03 3.4129692832764505e-03 4.2662116040955633e-03
    5.4038680318543803e-03 1.4220705346985210e-03 3.6973833902161548e-03
    3.1285551763367463e-03 8.5324232081911264e-04 1.7064846416382253e-03
    1.1376564277588168e-03 1.4220705346985210e-03 8.5324232081911264e-04
    1.7064846416382253e-03 3.6973833902161548e-03 1.4220705346985210e-03
