<?xml version="1.0"?>
<opencv_storage>
<food_tray type_id="opencv-matrix">
  <rows>20</rows>
  <cols>20</cols>
  <dt>d</dt>
  <data>
    0. 0. 0. 0. 0. 0. 0. 0. 0. 0. 0. 0. 0. 0. 5.0251256281407036e-03 0.
    0. 0. 0. 0. 0. 0. 0. 0. 5.0251256281407036e-03 0. 0. 0. 0. 0.
    5.0251256281407036e-03 0. 0. 0. 0. 5.0251256281407036e-03
    5.0251256281407036e-03 5.0251256281407036e-03 0.
    5.0251256281407036e-03 0. 0. 0. 5.0251256281407036e-03
    5.0251256281407036e-03 0. 0. 0. 5.0251256281407036e-03 0. 0. 0.
    5.0251256281407036e-03 5.0251256281407036e-03 5.0251256281407036e-03
    5.0251256281407036e-03 5.0251256281407036e-03 0.
    5.0251256281407036e-03 0. 0. 0. 0. 0. 0. 0. 0. 0. 0.
    5.0251256281407036e-03 0. 0. 0. 0. 5.0251256281407036e-03 0. 0. 0.
    0. 0. 0. 0. 0. 5.0251256281407036e-03 0. 0. 0.
    5.0251256281407036e-03 0. 1.0050251256281407e-02 0.
    5.0251256281407036e-03 0. 1.0050251256281407e-02 0. 0.
    5.0251256281407036e-03 0. 0. 0. 5.0251256281407036e-03 0. 0.
    5.0251256281407036e-03 0. 0. 0. 5.0251256281407036e-03 0. 0. 0. 0.
    0. 5.0251256281407036e-03 0. 0. 0. 0. 0. 0. 0. 0. 0. 0. 0. 0. 0. 0.
    0. 0. 1.0050251256281407e-02 2.0100502512562814e-02
    5.0251256281407036e-03 0. 0. 0. 0. 0. 0. 0. 0. 0. 0. 0. 0.
    5.0251256281407036e-03 5.0251256281407036e-03 0. 0.
    5.0251256281407036e-03 5.0251256281407036e-03 2.0100502512562814e-02
    1.0050251256281407e-02 5.0251256281407036e-03 0. 0.
    5.0251256281407036e-03 0. 0. 0. 5.0251256281407036e-03 0.
    5.0251256281407036e-03 5.0251256281407036e-03 0. 0. 0.
    5.0251256281407036e-03 0. 0. 1.0050251256281407e-02
    5.0251256281407036e-03 1.0050251256281407e-02 5.0251256281407036e-03
    0. 0. 0. 0. 5.0251256281407036e-03 0. 0. 5.0251256281407036e-03 0.
    5.0251256281407036e-03 1.0050251256281407e-02 0.
    1.0050251256281407e-02 4.0201005025125629e-02 2.5125628140703519e-02
    2.0100502512562814e-02 1.5075376884422110e-02 5.0251256281407036e-03
    5.0251256281407036e-03 1.0050251256281407e-02 1.0050251256281407e-02
    0. 5.0251256281407036e-03 5.0251256281407036e-03 0. 0.
    1.5075376884422110e-02 0. 0. 0. 0. 5.0251256281407036e-03
    1.0050251256281407e-02 1.5075376884422110e-02 5.0251256281407036e-03
    1.5075376884422110e-02 1.0050251256281407e-02 2.0100502512562814e-02
    1.5075376884422110e-02 1.0050251256281407e-02 1.5075376884422110e-02
    5.0251256281407036e-03 0. 0. 5.0251256281407036e-03 0.
    5.0251256281407036e-03 0. 0. 5.0251256281407036e-03
    5.0251256281407036e-03 0. 5.0251256281407036e-03
    5.0251256281407036e-03 2.0100502512562814e-02 0.
    1.0050251256281407e-02 2.5125628140703519e-02 1.5075376884422110e-02
    1.0050251256281407e-02 0. 0. 5.0251256281407036e-03 0.
    5.0251256281407036e-03 5.0251256281407036e-03 1.0050251256281407e-02
    0. 0. 5.0251256281407036e-03 0. 5.0251256281407036e-03 0. 0.
    5.0251256281407036e-03 5.0251256281407036e-03 0. 0.
    5.0251256281407036e-03 0. 5.0251256281407036e-03 0. 0. 0. 0. 0.
    5.0251256281407036e-03 0. 0. 1.0050251256281407e-02
    1.0050251256281407e-02 5.0251256281407036e-03 0. 0. 0. 0.
    1.0050251256281407e-02 5.0251256281407036e-03 0.
    5.0251256281407036e-03 1.0050251256281407e-02 0.
    1.0050251256281407e-02 0. 0. 0. 0. 0. 0. 0. 5.0251256281407036e-03
    0. 0. 5.0251256281407036e-03 5.0251256281407036e-03 0. 0.
    5.0251256281407036e-03 0. 0. 0. 0. 0. 0. 0. 0. 0. 0. 0. 0. 0. 0. 0.
    1.0050251256281407e-02 0. 0. 5.0251256281407036e-03
    5.0251256281407036e-03 0. 1.0050251256281407e-02 0.
    5.0251256281407036e-03 0. 0. 0. 0. 0. 0. 0. 0. 0. 0. 0. 0.
    5.0251256281407036e-03 0. 0. 0. 0. 0. 5.0251256281407036e-03 0. 0.
    0. 0. 0. 0. 1.0050251256281407e-02 0. 0. 0. 5.0251256281407036e-03
    0. 0. 0. 5.0251256281407036e-03 1.0050251256281407e-02 0. 0.
    5.0251256281407036e-03 0. 5.0251256281407036e-03 0. 0.
    5.0251256281407036e-03 0. 0. 0. 0. 0. 0. 0. 0. 0. 0.
    5.0251256281407036e-03 5.0251256281407036e-03 0. 0. 0. 0. 0. 0. 0.
    0. 0. 0. 0. 0. 0. 0. 0. 5.0251256281407036e-03 0. 0. 0. 0. 0.
    5.0251256281407036e-03 0. 1.0050251256281407e-02
    1.0050251256281407e-02 0. 0. 0. 0.</data></food_tray>
</opencv_storage>
