<?xml version="1.0"?>
<opencv_storage>
<food type_id="opencv-matrix">
  <rows>20</rows>
  <cols>20</cols>
  <dt>d</dt>
  <data>
    0. 0. 0. 4.3196544276457886e-03 0. 0. 0. 0. 0.
    2.1598272138228943e-03 2.1598272138228943e-03 4.3196544276457886e-03
    0. 0. 2.1598272138228943e-03 0. 2.1598272138228943e-03 0. 0.
    4.3196544276457886e-03 0. 0. 0. 0. 0. 0. 2.1598272138228943e-03 0.
    0. 0. 6.4794816414686825e-03 0. 0. 2.1598272138228943e-03
    4.3196544276457886e-03 1.0799136069114470e-02 0.
    2.1598272138228943e-03 0. 0. 0. 0. 0. 0. 2.1598272138228943e-03 0.
    2.1598272138228943e-03 0. 0. 0. 0. 2.1598272138228943e-03
    2.1598272138228943e-03 0. 2.1598272138228943e-03
    4.3196544276457886e-03 0. 0. 0. 0. 0. 0. 0. 0.
    2.1598272138228943e-03 2.1598272138228943e-03 2.1598272138228943e-03
    0. 2.1598272138228943e-03 4.3196544276457886e-03
    6.4794816414686825e-03 0. 8.6393088552915772e-03 0. 0. 0.
    2.1598272138228943e-03 2.1598272138228943e-03 2.1598272138228943e-03
    0. 0. 0. 0. 2.1598272138228943e-03 2.1598272138228943e-03
    6.4794816414686825e-03 2.1598272138228943e-03 0.
    4.3196544276457886e-03 1.0799136069114470e-02 4.3196544276457886e-03
    4.3196544276457886e-03 0. 2.1598272138228943e-03
    8.6393088552915772e-03 2.1598272138228943e-03 0. 0. 0.
    6.4794816414686825e-03 0. 2.1598272138228943e-03 0.
    2.1598272138228943e-03 0. 4.3196544276457886e-03
    2.1598272138228943e-03 0. 0. 2.1598272138228943e-03
    2.1598272138228943e-03 0. 2.1598272138228943e-03
    2.1598272138228943e-03 0. 4.3196544276457886e-03
    2.1598272138228943e-03 0. 2.1598272138228943e-03
    2.1598272138228943e-03 0. 4.3196544276457886e-03
    2.1598272138228943e-03 0. 4.3196544276457886e-03
    4.3196544276457886e-03 6.4794816414686825e-03 6.4794816414686825e-03
    1.0799136069114470e-02 8.6393088552915772e-03 1.0799136069114470e-02
    6.4794816414686825e-03 1.2958963282937365e-02 1.0799136069114470e-02
    4.3196544276457886e-03 2.1598272138228943e-03 4.3196544276457886e-03
    0. 2.1598272138228943e-03 4.3196544276457886e-03 0.
    2.1598272138228943e-03 0. 0. 2.1598272138228943e-03
    8.6393088552915772e-03 8.6393088552915772e-03 6.4794816414686825e-03
    2.1598272138228943e-03 6.4794816414686825e-03 4.3196544276457886e-03
    4.3196544276457886e-03 6.4794816414686825e-03 8.6393088552915772e-03
    8.6393088552915772e-03 1.5118790496760260e-02 0.
    2.1598272138228943e-03 2.1598272138228943e-03 4.3196544276457886e-03
    0. 0. 0. 2.1598272138228943e-03 4.3196544276457886e-03
    4.3196544276457886e-03 2.1598272138228943e-03 1.0799136069114470e-02
    0. 0. 0. 4.3196544276457886e-03 1.0799136069114470e-02
    6.4794816414686825e-03 6.4794816414686825e-03 2.1598272138228943e-03
    4.3196544276457886e-03 0. 0. 0. 0. 2.1598272138228943e-03 0.
    1.2958963282937365e-02 6.4794816414686825e-03 2.1598272138228943e-03
    6.4794816414686825e-03 2.1598272138228943e-03 0. 0. 0. 0.
    8.6393088552915772e-03 2.1598272138228943e-03 6.4794816414686825e-03
    4.3196544276457886e-03 6.4794816414686825e-03 0. 0. 0. 0. 0. 0. 0.
    2.1598272138228943e-03 8.6393088552915772e-03 2.1598272138228943e-03
    8.6393088552915772e-03 0. 0. 0. 0. 4.3196544276457886e-03
    8.6393088552915772e-03 4.3196544276457886e-03 2.1598272138228943e-03
    2.1598272138228943e-03 0. 4.3196544276457886e-03
    2.1598272138228943e-03 0. 0. 0. 0. 2.1598272138228943e-03
    8.6393088552915772e-03 4.3196544276457886e-03 8.6393088552915772e-03
    0. 2.1598272138228943e-03 0. 2.1598272138228943e-03
    1.7278617710583154e-02 4.3196544276457886e-03 4.3196544276457886e-03
    0. 0. 0. 0. 0. 0. 4.3196544276457886e-03 0. 8.6393088552915772e-03
    0. 4.3196544276457886e-03 1.2958963282937365e-02
    8.6393088552915772e-03 0. 6.4794816414686825e-03
    4.3196544276457886e-03 2.1598272138228943e-03 8.6393088552915772e-03
    8.6393088552915772e-03 4.3196544276457886e-03 6.4794816414686825e-03
    4.3196544276457886e-03 4.3196544276457886e-03 0.
    2.1598272138228943e-03 0. 2.1598272138228943e-03 0.
    2.1598272138228943e-03 6.4794816414686825e-03 4.3196544276457886e-03
    4.3196544276457886e-03 2.1598272138228943e-03 1.2958963282937365e-02
    6.4794816414686825e-03 8.6393088552915772e-03 8.6393088552915772e-03
    4.3196544276457886e-03 8.6393088552915772e-03 1.0799136069114470e-02
    1.2958963282937365e-02 2.1598272138228943e-03 2.1598272138228943e-03
    0. 2.1598272138228943e-03 0. 0. 0. 2.1598272138228943e-03
    2.1598272138228943e-03 2.1598272138228943e-03 2.1598272138228943e-03
    0. 0. 6.4794816414686825e-03 8.6393088552915772e-03
    2.1598272138228943e-03 2.1598272138228943e-03 0.
    4.3196544276457886e-03 0. 0. 0. 0. 0. 0. 0. 2.1598272138228943e-03
    4.3196544276457886e-03 2.1598272138228943e-03 2.1598272138228943e-03
    0. 2.1598272138228943e-03 4.3196544276457886e-03
    6.4794816414686825e-03 2.1598272138228943e-03 2.1598272138228943e-03
    0. 2.1598272138228943e-03 0. 2.1598272138228943e-03
    4.3196544276457886e-03 0. 0. 2.1598272138228943e-03
    2.1598272138228943e-03 0. 0. 0. 2.1598272138228943e-03
    6.4794816414686825e-03 0. 4.3196544276457886e-03
    6.4794816414686825e-03 2.1598272138228943e-03 4.3196544276457886e-03
    0. 4.3196544276457886e-03 0. 8.6393088552915772e-03
    2.1598272138228943e-03 2.1598272138228943e-03 0. 0. 0. 0.
    2.1598272138228943e-03 0. 2.1598272138228943e-03
    4.3196544276457886e-03 0. 2.1598272138228943e-03
    4.3196544276457886e-03 0. 8.6393088552915772e-03
    2.1598272138228943e-03 0. 4.3196544276457886e-03 0. 0. 0.
    2.1598272138228943e-03 0. 0. 4.3196544276457886e-03 0.
    2.1598272138228943e-03 0. 2.1598272138228943e-03 0.
    2.1598272138228943e-03 0. 0. 0. 0. 4.3196544276457886e-03 0. 0. 0.
    2.1598272138228943e-03 2.1598272138228943e-03 0.
    2.1598272138228943e-03 0. 0. 0. 0. 0. 8.6393088552915772e-03
    2.1598272138228943e-03 0. 0. 0. 0. 0. 4.3196544276457886e-03 0. 0.
    2.1598272138228943e-03 8.6393088552915772e-03 4.3196544276457886e-03
    0. 0. 0. 0.</data></food>
</opencv_storage>
