<?xml version="1.0"?>
<opencv_storage>
<fruit_bowl type_id="opencv-matrix">
  <rows>20</rows>
  <cols>20</cols>
  <dt>d</dt>
  <data>
    3.0091995529189238e-04 3.4390852033359124e-04 4.2988565041698906e-04
    6.4482847562548362e-04 5.5885134554208580e-04 9.0275986587567709e-04
    6.4482847562548362e-04 1.0747141260424727e-03 4.7287421545868797e-04
    2.1924168171266441e-03 1.6765540366262574e-03 1.1606912561258704e-03
    1.0317255610007739e-03 8.5977130083397812e-04 9.8873699595907480e-04
    7.3080560570888144e-04 9.0275986587567709e-04 2.5793139025019347e-04
    4.7287421545868797e-04 8.1678273579227926e-04 4.2988565041698906e-04
    5.1586278050038694e-04 6.4482847562548362e-04 8.5977130083397812e-04
    6.0183991058378476e-04 9.8873699595907480e-04 1.0317255610007739e-03
    9.4574843091737595e-04 8.1678273579227926e-04 2.2783939472100423e-03
    2.5363253374602354e-03 1.4616112114177629e-03 6.0183991058378476e-04
    9.8873699595907480e-04 1.2896569512509672e-03 5.1586278050038694e-04
    7.3080560570888144e-04 8.1678273579227926e-04 6.8781704066718248e-04
    5.5885134554208580e-04 5.5885134554208580e-04 7.7379417075058030e-04
    7.7379417075058030e-04 8.1678273579227926e-04 9.4574843091737595e-04
    1.0747141260424727e-03 1.3326455162926661e-03 9.4574843091737595e-04
    1.2896569512509672e-03 3.2241423781274180e-03 3.6540280285444070e-03
    7.3080560570888144e-04 8.1678273579227926e-04 1.3756340813343650e-03
    1.2896569512509672e-03 7.3080560570888144e-04 7.7379417075058030e-04
    6.4482847562548362e-04 6.8781704066718248e-04 3.8689708537529015e-04
    3.8689708537529015e-04 6.4482847562548362e-04 6.4482847562548362e-04
    7.3080560570888144e-04 4.2988565041698906e-04 1.1606912561258704e-03
    1.6765540366262574e-03 1.6335654715845585e-03 1.2036798211675695e-03
    5.5885134554208580e-03 4.7717307196285790e-03 1.1606912561258704e-03
    1.2036798211675695e-03 1.6335654715845585e-03 1.2466683862092684e-03
    7.7379417075058030e-04 1.2466683862092684e-03 7.3080560570888144e-04
    6.8781704066718248e-04 6.4482847562548362e-04 4.7287421545868797e-04
    9.8873699595907480e-04 8.5977130083397812e-04 8.1678273579227926e-04
    1.4616112114177629e-03 1.7625311667096553e-03 2.2354053821683432e-03
    2.2354053821683432e-03 1.9774739919181496e-03 8.1678273579227929e-03
    6.5342618863382341e-03 2.2354053821683432e-03 2.7512681626687299e-03
    1.8914968618347519e-03 2.1494282520849455e-03 1.4616112114177629e-03
    9.4574843091737595e-04 8.1678273579227926e-04 9.4574843091737595e-04
    7.7379417075058030e-04 7.3080560570888144e-04 3.8689708537529015e-04
    6.8781704066718248e-04 1.4186226463760640e-03 1.4616112114177629e-03
    5.0296621098787726e-03 4.6857535895451809e-03 4.6857535895451809e-03
    3.8259822887112029e-03 9.8443813945490507e-03 8.2108159229644911e-03
    4.0409251139196974e-03 4.0409251139196974e-03 4.9436849797953744e-03
    4.8577078497119763e-03 1.9774739919181496e-03 1.4186226463760640e-03
    1.1177026910841716e-03 8.5977130083397812e-04 5.1586278050038694e-04
    7.3080560570888144e-04 9.8873699595907480e-04 7.7379417075058030e-04
    1.3756340813343650e-03 2.3643710772934400e-03 4.7287421545868799e-03
    5.0726506749204708e-03 7.5229988822973085e-03 6.4482847562548360e-03
    8.1678273579227929e-03 7.5229988822973085e-03 7.3510446221305131e-03
    6.8781704066718250e-03 5.9754105407961479e-03 4.0839136789613964e-03
    1.9774739919181496e-03 1.3756340813343650e-03 8.5977130083397812e-04
    8.1678273579227926e-04 7.7379417075058030e-04 5.5885134554208580e-04
    6.0183991058378476e-04 8.1678273579227926e-04 1.2036798211675695e-03
    2.2354053821683432e-03 5.8894334107127506e-03 6.6632275814633305e-03
    5.6744905855042561e-03 7.7809302725475021e-03 7.3080560570888140e-03
    4.9866735448370735e-03 8.4687473132146855e-03 7.4800103172556103e-03
    5.7174791505459552e-03 4.3418450692115900e-03 2.6652910325853322e-03
    9.8873699595907480e-04 9.8873699595907480e-04 6.4482847562548362e-04
    6.0183991058378476e-04 5.5885134554208580e-04 6.8781704066718248e-04
    7.7379417075058030e-04 1.4616112114177629e-03 2.1924168171266441e-03
    5.4165591952540625e-03 9.8873699595907489e-03 9.8443813945490507e-03
    6.0183991058378470e-03 1.7195426016679562e-03 1.0747141260424727e-03
    5.9324219757544497e-03 1.1091049780758318e-02 9.5434614392571580e-03
    5.3735706302123635e-03 1.7625311667096553e-03 1.0317255610007739e-03
    8.5977130083397812e-04 8.5977130083397812e-04 6.0183991058378476e-04
    6.8781704066718248e-04 2.4073596423351390e-03 2.4073596423351390e-03
    3.8689708537529019e-03 6.9211589717135241e-03 8.4687473132146855e-03
    8.6407015733814801e-03 6.5772504513799332e-03 1.8914968618347519e-03
    2.5793139025019347e-04 2.5793139025019347e-04 2.7512681626687299e-03
    6.3193190611297396e-03 7.9528845327142984e-03 7.6089760123807066e-03
    5.1586278050038690e-03 2.7082795976270313e-03 2.2354053821683432e-03
    1.2036798211675695e-03 1.2466683862092684e-03 8.5977130083397812e-04
    1.5905769065428597e-03 2.4503482073768377e-03 2.9662109878772248e-03
    5.8464448456710515e-03 8.9416215286733727e-03 8.3827701831312874e-03
    6.2763304960880405e-03 1.8914968618347519e-03 4.7287421545868797e-04
    3.4390852033359124e-04 2.4073596423351390e-03 8.5977130083397819e-03
    9.8013928295073507e-03 8.4687473132146855e-03 6.4482847562548360e-03
    3.3101195082108161e-03 2.4933367724185368e-03 2.3213825122517409e-03
    1.2036798211675695e-03 6.4482847562548362e-04 7.7379417075058030e-04
    7.3080560570888144e-04 9.4574843091737595e-04 1.7625311667096553e-03
    6.2763304960880405e-03 9.6724271343822544e-03 8.9416215286733727e-03
    5.5025363253374598e-03 1.8055197317513542e-03 1.8485082967930530e-03
    5.6315020204625570e-03 9.8013928295073507e-03 8.0818502278393947e-03
    5.0726506749204708e-03 1.8485082967930530e-03 1.0317255610007739e-03
    9.8873699595907480e-04 6.4482847562548362e-04 7.7379417075058030e-04
    5.1586278050038694e-04 1.0747141260424727e-03 6.0183991058378476e-04
    1.2466683862092684e-03 2.1064396870432464e-03 4.6427650245034818e-03
    6.3623076261714387e-03 8.3397816180895874e-03 8.4687473132146855e-03
    6.6202390164216323e-03 5.8034562806293525e-03 8.5977130083397819e-03
    8.4687473132146855e-03 7.0931132318803195e-03 4.5137993293783854e-03
    1.7195426016679562e-03 1.2036798211675695e-03 9.4574843091737595e-04
    6.8781704066718248e-04 6.0183991058378476e-04 1.1606912561258704e-03
    6.4482847562548362e-04 1.0317255610007739e-03 1.3326455162926661e-03
    1.8914968618347519e-03 3.6540280285444070e-03 5.4165591952540625e-03
    6.3193190611297396e-03 7.3080560570888140e-03 9.3715071790903617e-03
    6.8781704066718250e-03 7.6089760123807066e-03 5.8034562806293525e-03
    6.4912733212965350e-03 3.6970165935861061e-03 2.1064396870432464e-03
    1.6765540366262574e-03 9.8873699595907480e-04 7.7379417075058030e-04
    6.4482847562548362e-04 5.1586278050038694e-04 6.0183991058378476e-04
    8.5977130083397812e-04 9.0275986587567709e-04 2.1494282520849455e-03
    5.2016163700455680e-03 3.9119594187946010e-03 5.5025363253374598e-03
    3.4820737683776116e-03 9.5434614392571580e-03 7.3080560570888140e-03
    4.1269022440030955e-03 4.6427650245034818e-03 4.6427650245034818e-03
    4.5567878944200845e-03 2.3643710772934400e-03 1.7625311667096553e-03
    8.5977130083397812e-04 8.1678273579227926e-04 4.7287421545868797e-04
    6.8781704066718248e-04 1.1177026910841716e-03 5.5885134554208580e-04
    8.5977130083397812e-04 1.1606912561258704e-03 2.0204625569598487e-03
    1.9774739919181496e-03 2.3643710772934400e-03 2.1924168171266441e-03
    8.5117358782563837e-03 5.7604677155876534e-03 2.4503482073768377e-03
    2.1924168171266441e-03 2.6223024675436335e-03 1.9344854268764510e-03
    1.2466683862092684e-03 6.4482847562548362e-04 9.8873699595907480e-04
    1.0747141260424727e-03 6.0183991058378476e-04 4.7287421545868797e-04
