<?xml version="1.0"?>
<opencv_storage>
<game_table type_id="opencv-matrix">
  <rows>20</rows>
  <cols>20</cols>
  <dt>d</dt>
  <data>
    3.8167938931297708e-03 1.2722646310432571e-03 3.8167938931297708e-03
    5.0890585241730284e-03 1.2722646310432571e-03 1.2722646310432571e-03
    0. 1.2722646310432571e-03 8.9058524173027988e-03
    1.1450381679389313e-02 7.6335877862595417e-03 0. 0.
    2.5445292620865142e-03 0. 3.8167938931297708e-03
    1.2722646310432571e-03 0. 2.5445292620865142e-03
    3.8167938931297708e-03 1.2722646310432571e-03 2.5445292620865142e-03
    2.5445292620865142e-03 1.2722646310432571e-03 1.2722646310432571e-03
    2.5445292620865142e-03 0. 0. 6.3613231552162846e-03
    2.0356234096692113e-02 2.0356234096692113e-02 5.0890585241730284e-03
    5.0890585241730284e-03 2.5445292620865142e-03 1.2722646310432571e-03
    3.8167938931297708e-03 2.5445292620865142e-03 2.5445292620865142e-03
    1.2722646310432571e-03 2.5445292620865142e-03 5.0890585241730284e-03
    3.8167938931297708e-03 2.5445292620865142e-03 0.
    1.2722646310432571e-03 0. 0. 0. 2.5445292620865142e-03
    2.5445292620865142e-03 6.3613231552162846e-03 1.2722646310432571e-03
    1.2722646310432571e-03 0. 1.2722646310432571e-03
    3.8167938931297708e-03 1.2722646310432571e-03 1.2722646310432571e-03
    0. 7.6335877862595417e-03 2.5445292620865142e-03
    3.8167938931297708e-03 1.2722646310432571e-03 2.5445292620865142e-03
    2.5445292620865142e-03 1.2722646310432571e-03 0. 0.
    1.2722646310432571e-03 1.2722646310432571e-03 1.2722646310432571e-03
    2.5445292620865142e-03 1.2722646310432571e-03 1.2722646310432571e-03
    2.5445292620865142e-03 0. 0. 2.5445292620865142e-03
    1.2722646310432571e-03 1.2722646310432571e-03 5.0890585241730284e-03
    2.5445292620865142e-03 2.5445292620865142e-03 2.5445292620865142e-03
    2.5445292620865142e-03 0. 0. 0. 0. 1.2722646310432571e-03
    5.0890585241730284e-03 1.2722646310432571e-03 2.5445292620865142e-03
    0. 2.5445292620865142e-03 1.2722646310432571e-03
    2.5445292620865142e-03 2.5445292620865142e-03 7.6335877862595417e-03
    8.9058524173027988e-03 0. 1.2722646310432571e-03
    2.5445292620865142e-03 3.8167938931297708e-03 8.9058524173027988e-03
    1.2722646310432571e-03 0. 0. 0. 0. 3.8167938931297708e-03 0. 0. 0.
    0. 7.6335877862595417e-03 0. 1.2722646310432571e-03
    3.8167938931297708e-03 3.8167938931297708e-03 5.0890585241730284e-03
    0. 1.2722646310432571e-03 1.2722646310432571e-03
    5.0890585241730284e-03 1.2722646310432571e-03 0. 0.
    1.2722646310432571e-03 1.2722646310432571e-03 0. 0. 0.
    1.2722646310432571e-03 3.8167938931297708e-03 7.6335877862595417e-03
    3.8167938931297708e-03 6.3613231552162846e-03 0.
    2.5445292620865142e-03 3.8167938931297708e-03 5.0890585241730284e-03
    5.0890585241730284e-03 2.5445292620865142e-03 1.1450381679389313e-02
    1.2722646310432571e-03 0. 0. 1.2722646310432571e-03 0. 0. 0. 0.
    1.2722646310432571e-03 1.2722646310432571e-03 3.8167938931297708e-03
    0. 2.5445292620865142e-03 2.5445292620865142e-03
    2.5445292620865142e-03 0. 5.0890585241730284e-03
    1.2722646310432571e-03 6.3613231552162846e-03 2.5445292620865142e-03
    1.2722646310432571e-03 0. 0. 0. 0. 1.2722646310432571e-03 0. 0. 0.
    3.8167938931297708e-03 2.5445292620865142e-03 1.2722646310432571e-03
    2.5445292620865142e-03 2.5445292620865142e-03 1.2722646310432571e-03
    3.8167938931297708e-03 8.9058524173027988e-03 1.2722646310432571e-03
    1.1450381679389313e-02 1.6539440203562340e-02 3.8167938931297708e-03
    2.5445292620865142e-03 1.2722646310432571e-03 1.2722646310432571e-03
    1.2722646310432571e-03 0. 0. 1.2722646310432571e-03 0.
    2.5445292620865142e-03 6.3613231552162846e-03 5.0890585241730284e-03
    1.2722646310432571e-03 8.9058524173027988e-03 7.6335877862595417e-03
    1.2722646310432571e-03 1.2722646310432571e-03 5.0890585241730284e-03
    5.0890585241730284e-03 3.8167938931297708e-03 3.8167938931297708e-03
    0. 0. 0. 2.5445292620865142e-03 1.2722646310432571e-03 0. 0.
    3.8167938931297708e-03 2.5445292620865142e-03 7.6335877862595417e-03
    6.3613231552162846e-03 2.5445292620865142e-03 3.8167938931297708e-03
    3.8167938931297708e-03 5.0890585241730284e-03 2.5445292620865142e-03
    1.2722646310432571e-03 5.0890585241730284e-03 1.0178117048346057e-02
    1.2722646310432571e-03 0. 0. 0. 0. 0. 1.2722646310432571e-03 0. 0.
    2.5445292620865142e-03 6.3613231552162846e-03 5.0890585241730284e-03
    1.2722646310432571e-03 6.3613231552162846e-03 2.5445292620865142e-03
    1.2722646310432571e-03 2.5445292620865142e-03 2.5445292620865142e-03
    5.0890585241730284e-03 5.0890585241730284e-03 1.2722646310432571e-03
    2.5445292620865142e-03 0. 0. 0. 0. 0. 0. 0. 2.5445292620865142e-03
    2.5445292620865142e-03 1.2722646310432571e-03 1.2722646310432571e-03
    1.2722646310432571e-03 0. 1.2722646310432571e-03
    6.3613231552162846e-03 2.5445292620865142e-03 3.8167938931297708e-03
    3.8167938931297708e-03 1.2722646310432571e-03 0.
    1.2722646310432571e-03 0. 0. 1.2722646310432571e-03
    1.2722646310432571e-03 0. 2.5445292620865142e-03
    1.2722646310432571e-03 6.3613231552162846e-03 0.
    6.3613231552162846e-03 3.8167938931297708e-03 3.8167938931297708e-03
    3.8167938931297708e-03 2.5445292620865142e-03 1.2722646310432571e-03
    3.8167938931297708e-03 5.0890585241730284e-03 1.2722646310432571e-03
    0. 0. 0. 3.8167938931297708e-03 1.2722646310432571e-03
    1.2722646310432571e-03 0. 1.2722646310432571e-03 0.
    5.0890585241730284e-03 2.5445292620865142e-03 3.8167938931297708e-03
    3.8167938931297708e-03 3.8167938931297708e-03 0.
    1.2722646310432571e-03 1.2722646310432571e-03 5.0890585241730284e-03
    2.5445292620865142e-03 0. 0. 1.2722646310432571e-03 0. 0. 0.
    1.2722646310432571e-03 0. 1.2722646310432571e-03
    1.2722646310432571e-03 0. 3.8167938931297708e-03 0.
    5.0890585241730284e-03 2.5445292620865142e-03 6.3613231552162846e-03
    1.2722646310432571e-03 2.5445292620865142e-03 2.5445292620865142e-03
    2.5445292620865142e-03 0. 0. 0. 0. 3.8167938931297708e-03
    3.8167938931297708e-03 0. 0. 2.5445292620865142e-03
    3.8167938931297708e-03 0. 2.5445292620865142e-03 0. 0.
    3.8167938931297708e-03 6.3613231552162846e-03 0. 0. 0.
    2.5445292620865142e-03 1.2722646310432571e-03 0.
    1.2722646310432571e-03 0. 6.3613231552162846e-03
    3.8167938931297708e-03 1.2722646310432571e-03 0.
    1.2722646310432571e-03 1.2722646310432571e-03 2.5445292620865142e-03
    0. 5.0890585241730284e-03 1.2722646310432571e-03
    3.8167938931297708e-03 2.5445292620865142e-03 3.8167938931297708e-03
    1.2722646310432571e-03 5.0890585241730284e-03 6.3613231552162846e-03
    0. 3.8167938931297708e-03 6.3613231552162846e-03
    6.3613231552162846e-03 1.1450381679389313e-02 2.0356234096692113e-02
    2.5445292620865142e-03 2.5445292620865142e-03 2.5445292620865142e-03
    1.2722646310432571e-03 1.2722646310432571e-03 7.6335877862595417e-03
    1.2722646310432571e-03 5.0890585241730284e-03 7.6335877862595417e-03
    2.5445292620865142e-03 3.8167938931297708e-03 2.5445292620865142e-03
    6.3613231552162846e-03 5.0890585241730284e-03 0.
    2.5445292620865142e-03 2.5445292620865142e-03 2.5445292620865142e-03
    1.5267175572519083e-02 8.9058524173027988e-03 2.5445292620865142e-03
    0. 1.2722646310432571e-03 1.2722646310432571e-03
    1.2722646310432571e-03 1.2722646310432571e-03 2.5445292620865142e-03
    1.2722646310432571e-03 0.</data></game_table>
</opencv_storage>
