<?xml version="1.0"?>
<opencv_storage>
<garage_door type_id="opencv-matrix">
  <rows>20</rows>
  <cols>20</cols>
  <dt>d</dt>
  <data>
    0. 0. 0. 0. 0. 3.4722222222222220e-03 0. 0. 3.4722222222222220e-03
    0. 3.4722222222222220e-03 0. 3.4722222222222220e-03 0.
    3.4722222222222220e-03 1.0416666666666666e-02 0. 0.
    6.9444444444444441e-03 1.7361111111111112e-02 0. 0. 0. 0.
    3.4722222222222220e-03 3.4722222222222220e-03 0.
    6.9444444444444441e-03 3.4722222222222220e-03 0.
    3.4722222222222220e-03 0. 6.9444444444444441e-03
    3.4722222222222220e-03 1.0416666666666666e-02 3.4722222222222220e-03
    6.9444444444444441e-03 0. 3.4722222222222220e-03
    1.3888888888888888e-02 0. 0. 3.4722222222222220e-03 0. 0. 0. 0.
    3.4722222222222220e-03 0. 0. 0. 0. 2.7777777777777776e-02
    6.9444444444444441e-03 3.4722222222222220e-03 3.4722222222222220e-03
    1.7361111111111112e-02 0. 6.9444444444444441e-03
    6.9444444444444441e-03 0. 0. 0. 0. 0. 0. 0. 0.
    3.4722222222222220e-03 0. 3.4722222222222220e-03 0.
    3.4722222222222220e-03 6.9444444444444441e-03 0.
    6.9444444444444441e-03 2.0833333333333332e-02 6.9444444444444441e-03
    6.9444444444444441e-03 3.4722222222222220e-03 0. 0. 0. 0. 0. 0.
    3.4722222222222220e-03 0. 0. 0. 1.0416666666666666e-02
    6.9444444444444441e-03 3.4722222222222220e-03 3.4722222222222220e-03
    0. 0. 0. 6.9444444444444441e-03 3.4722222222222220e-03
    6.9444444444444441e-03 0. 3.4722222222222220e-03 0. 0. 0. 0. 0.
    3.4722222222222220e-03 0. 0. 3.4722222222222220e-03
    3.4722222222222220e-03 3.4722222222222220e-03 0. 0.
    1.0416666666666666e-02 3.4722222222222220e-03 3.4722222222222220e-03
    0. 3.4722222222222220e-03 0. 0. 0. 0. 3.4722222222222220e-03 0. 0.
    3.4722222222222220e-03 0. 6.9444444444444441e-03 0.
    3.4722222222222220e-03 1.0416666666666666e-02 0.
    3.4722222222222220e-03 1.0416666666666666e-02 3.4722222222222220e-03
    0. 0. 6.9444444444444441e-03 0. 0. 3.4722222222222220e-03 0. 0.
    3.4722222222222220e-03 0. 3.4722222222222220e-03
    3.4722222222222220e-03 0. 0. 0. 0. 0. 3.4722222222222220e-03 0. 0.
    0. 3.4722222222222220e-03 0. 0. 0. 0. 0. 0. 0. 0. 0. 0. 0. 0. 0. 0.
    0. 3.4722222222222220e-03 3.4722222222222220e-03 0. 0. 0. 0. 0. 0.
    0. 3.4722222222222220e-03 0. 3.4722222222222220e-03 0.
    6.9444444444444441e-03 0. 1.0416666666666666e-02 0. 0.
    3.4722222222222220e-03 1.0416666666666666e-02 0.
    3.4722222222222220e-03 3.4722222222222220e-03 0. 0.
    3.4722222222222220e-03 3.4722222222222220e-03 0.
    3.4722222222222220e-03 0. 0. 0. 0. 0. 0. 0. 0.
    6.9444444444444441e-03 0. 1.3888888888888888e-02
    6.9444444444444441e-03 1.0416666666666666e-02 3.4722222222222220e-03
    0. 0. 0. 0. 0. 0. 0. 0. 0. 0. 0. 0. 3.4722222222222220e-03
    3.4722222222222220e-03 0. 3.4722222222222220e-03 0.
    3.4722222222222220e-03 0. 3.4722222222222220e-03 0.
    3.4722222222222220e-03 0. 0. 0. 0. 0. 0. 0. 0.
    3.4722222222222220e-03 3.4722222222222220e-03 3.4722222222222220e-03
    3.4722222222222220e-03 0. 2.7777777777777776e-02
    3.4722222222222220e-03 3.4722222222222220e-03 0.
    3.4722222222222220e-03 0. 0. 0. 3.4722222222222220e-03 0. 0. 0. 0.
    0. 3.4722222222222220e-03 0. 3.4722222222222220e-03
    1.3888888888888888e-02 3.4722222222222220e-03 6.9444444444444441e-03
    3.4722222222222220e-03 0. 6.9444444444444441e-03 0. 0.
    3.4722222222222220e-03 6.9444444444444441e-03 1.3888888888888888e-02
    0. 0. 0. 0. 0. 0. 3.4722222222222220e-03 0. 3.4722222222222220e-03
    3.4722222222222220e-03 3.4722222222222220e-03 1.0416666666666666e-02
    3.4722222222222220e-03 3.4722222222222220e-03 3.4722222222222220e-03
    3.4722222222222220e-03 6.9444444444444441e-03 6.9444444444444441e-03
    6.9444444444444441e-03 3.4722222222222220e-03 0.
    3.4722222222222220e-03 0. 0. 0. 3.4722222222222220e-03
    3.4722222222222220e-03 0. 3.4722222222222220e-03
    3.8194444444444448e-02 0. 0. 6.9444444444444441e-03 0.
    6.9444444444444441e-03 0. 6.9444444444444441e-03
    6.9444444444444441e-03 0. 3.4722222222222220e-03
    3.4722222222222220e-03 0. 0. 0. 0. 0. 0. 0. 6.9444444444444441e-03
    0. 0. 0. 3.4722222222222220e-03 0. 0. 3.4722222222222220e-03
    1.0416666666666666e-02 3.4722222222222220e-03 1.0416666666666666e-02
    6.9444444444444441e-03 0. 0. 0. 0. 3.4722222222222220e-03 0. 0. 0.
    3.4722222222222220e-03 3.4722222222222220e-03 3.4722222222222220e-03
    0. 0. 3.4722222222222220e-03 0. 3.4722222222222220e-03
    1.3888888888888888e-02 1.0416666666666666e-02 0. 0.
    3.4722222222222220e-03 0. 0. 3.4722222222222220e-03
    3.4722222222222220e-03 0. 0. 0. 0. 0. 0. 1.0416666666666666e-02 0.
    6.9444444444444441e-03 0. 6.9444444444444441e-03
    3.4722222222222220e-03 0. 2.0833333333333332e-02 0.
    6.9444444444444441e-03 0. 0. 0. 0. 0. 0. 3.4722222222222220e-03
    3.4722222222222220e-03 0. 0. 3.4722222222222220e-03 0.
    6.9444444444444441e-03 0. 0. 3.4722222222222220e-03 0. 0.
    6.9444444444444441e-03</data></garage_door>
</opencv_storage>
