<?xml version="1.0"?>
<opencv_storage>
<glass type_id="opencv-matrix">
  <rows>20</rows>
  <cols>20</cols>
  <dt>d</dt>
  <data>
    4.7719030349303301e-04 8.5894254628745940e-04 6.2034739454094293e-04
    1.0736781828593243e-03 8.8280206146211114e-04 1.2645543042565375e-03
    1.4554304256537507e-03 1.5985875167016607e-03 1.4077113953044475e-03
    1.7178850925749188e-03 1.6224470318763123e-03 1.6940255774002672e-03
    1.5270089711777056e-03 1.0736781828593243e-03 1.0975376980339759e-03
    1.1213972132086275e-03 7.8736400076350453e-04 8.5894254628745940e-04
    9.5438060698606602e-04 6.2034739454094293e-04 4.2947127314372970e-04
    2.9824393968314565e-03 3.4596297003244895e-03 8.1122351593815615e-04
    1.0259591525100210e-03 1.4792899408284023e-03 1.3361328497804924e-03
    1.7417446077495704e-03 1.3599923649551442e-03 1.5270089711777056e-03
    1.9087612139721320e-03 1.8133231532735255e-03 1.3838518801297958e-03
    1.6463065470509639e-03 1.1929757587325826e-03 8.1122351593815615e-04
    7.6350448558885279e-04 6.4420690971559455e-04 9.5438060698606602e-04
    8.3508303111280778e-04 5.2490933384233631e-04 1.0498186676846726e-03
    6.2034739454094293e-04 1.1691162435579310e-03 1.2645543042565375e-03
    1.7178850925749188e-03 1.7178850925749188e-03 2.2189349112426036e-03
    2.5291086085130750e-03 1.9803397594960869e-03 2.6006871540370301e-03
    2.6484061843863333e-03 1.9326207291467837e-03 2.7199847299102884e-03
    2.3143729719412101e-03 1.1691162435579310e-03 9.7824012216071775e-04
    7.6350448558885279e-04 4.5333078831838138e-04 7.6350448558885279e-04
    7.1578545523954954e-04 1.0259591525100210e-03 1.2645543042565375e-03
    1.8133231532735255e-03 1.7894636380988739e-03 2.0041992746707388e-03
    2.1950753960679518e-03 3.0062989120061079e-03 2.9585798816568047e-03
    2.8870013361328496e-03 3.3164726092765797e-03 3.4834892154991409e-03
    2.3859515174651652e-03 2.2189349112426036e-03 1.9564802443214355e-03
    1.7178850925749188e-03 1.2168352739072342e-03 1.0736781828593243e-03
    9.0666157663676277e-04 8.8280206146211114e-04 6.4420690971559455e-04
    9.7824012216071775e-04 9.5438060698606602e-04 2.0519183050200420e-03
    1.7417446077495704e-03 2.3382324871158620e-03 2.7915632754342431e-03
    3.4834892154991409e-03 2.9347203664821533e-03 2.6006871540370301e-03
    3.5789272761977478e-03 4.1515556403893877e-03 2.6006871540370301e-03
    2.3382324871158620e-03 2.6006871540370301e-03 2.4813895781637717e-03
    1.5985875167016607e-03 9.0666157663676277e-04 8.1122351593815615e-04
    8.5894254628745940e-04 8.8280206146211114e-04 1.5747280015270091e-03
    1.1691162435579310e-03 1.6463065470509639e-03 2.3143729719412101e-03
    2.5052490933384236e-03 3.1971750334033214e-03 4.6048864287077688e-03
    4.1992746707386905e-03 3.6027867913723992e-03 4.1038366100400840e-03
    4.7003244894063753e-03 3.9368200038175224e-03 4.0561175796907803e-03
    3.1733155182286695e-03 1.9087612139721320e-03 2.1473563657186485e-03
    1.5270089711777056e-03 1.0736781828593243e-03 1.2884138194311891e-03
    1.2884138194311891e-03 1.2406947890818859e-03 1.4315709104790991e-03
    2.3859515174651652e-03 3.0540179423554112e-03 3.6505058217217025e-03
    4.0083985493414775e-03 6.4420690971559455e-03 5.2013743080740601e-03
    5.9648787936629130e-03 6.3943500668066427e-03 5.7501431570910477e-03
    4.5571673983584651e-03 4.5571673983584651e-03 3.3880511548005344e-03
    2.9585798816568047e-03 2.3859515174651652e-03 1.6463065470509639e-03
    1.6701660622256156e-03 1.4792899408284023e-03 1.4077113953044475e-03
    1.2406947890818859e-03 1.4077113953044475e-03 2.6245466692116815e-03
    2.5768276388623782e-03 3.6266463065470511e-03 4.6526054590570716e-03
    5.8455812177896542e-03 5.0104981866768471e-03 7.2055735827447984e-03
    6.6568047337278108e-03 4.8912006108035883e-03 5.2490933384233629e-03
    5.1775147928994087e-03 3.6027867913723992e-03 2.4336705478144685e-03
    2.6006871540370301e-03 1.0498186676846726e-03 1.4792899408284023e-03
    1.1452567283832794e-03 1.4315709104790991e-03 1.5508684863523574e-03
    1.9564802443214355e-03 3.3164726092765797e-03 3.2926130941019279e-03
    4.4617293376598586e-03 5.3922504294712731e-03 5.8455812177896542e-03
    4.0799770948654326e-03 4.3662912769612521e-03 3.4119106699751862e-03
    4.6764649742317239e-03 6.2511929757587325e-03 5.7024241267417449e-03
    4.4617293376598586e-03 4.0083985493414775e-03 2.6484061843863333e-03
    2.0996373353693453e-03 1.4315709104790991e-03 1.4792899408284023e-03
    1.3599923649551442e-03 1.4792899408284023e-03 1.9326207291467837e-03
    3.4596297003244895e-03 4.0083985493414775e-03 4.7719030349303304e-03
    4.9627791563275434e-03 7.8736400076350448e-03 3.6266463065470511e-03
    2.0280587898453902e-03 2.1473563657186485e-03 4.4855888528345100e-03
    6.5375071578545520e-03 5.3683909142966217e-03 4.2947127314372970e-03
    3.2448940637526246e-03 2.9108608513075014e-03 1.4792899408284023e-03
    1.2884138194311891e-03 1.9087612139721320e-03 1.1213972132086275e-03
    1.2168352739072342e-03 1.5985875167016607e-03 3.7220843672456576e-03
    3.1494560030540181e-03 4.1038366100400840e-03 4.7480435197556781e-03
    8.8995991601450667e-03 4.7957625501049818e-03 1.8849016987974804e-03
    1.8133231532735255e-03 5.3922504294712731e-03 7.9690780683336522e-03
    6.2511929757587325e-03 4.5333078831838137e-03 3.6982248520710057e-03
    3.5312082458484446e-03 1.7178850925749188e-03 1.3361328497804924e-03
    1.0736781828593243e-03 1.2406947890818859e-03 1.7894636380988739e-03
    1.6463065470509639e-03 2.0757778201946939e-03 3.3164726092765797e-03
    4.6764649742317239e-03 5.6308455812177898e-03 5.8217217026150028e-03
    3.9368200038175224e-03 3.6982248520710057e-03 3.1971750334033214e-03
    4.1276961252147354e-03 5.5115480053445310e-03 5.7740026722656991e-03
    4.4617293376598586e-03 2.8870013361328496e-03 2.7438442450849398e-03
    1.7656041229242223e-03 1.1691162435579310e-03 1.5985875167016607e-03
    1.1452567283832794e-03 1.6701660622256156e-03 1.8133231532735255e-03
    2.1950753960679518e-03 3.1017369727047149e-03 4.1515556403893877e-03
    5.2968123687726666e-03 4.8196220652796332e-03 4.4378698224852072e-03
    6.9431189158236303e-03 6.3466310364573390e-03 5.4161099446459245e-03
    5.5354075205191833e-03 4.4140103073105558e-03 4.1038366100400840e-03
    3.0301584271807598e-03 2.2666539415919069e-03 1.3599923649551442e-03
    1.5985875167016607e-03 1.8371826684481772e-03 1.5985875167016607e-03
    1.1691162435579310e-03 1.6224470318763123e-03 2.9108608513075014e-03
    2.7438442450849398e-03 4.1038366100400840e-03 4.1992746707386905e-03
    6.5375071578545520e-03 5.9171597633136093e-03 5.9410192784882607e-03
    5.8933002481389579e-03 6.2273334605840811e-03 5.2252338232487115e-03
    4.6048864287077688e-03 3.9129604886428710e-03 3.4834892154991409e-03
    2.6484061843863333e-03 1.1452567283832794e-03 1.2884138194311891e-03
    1.3361328497804924e-03 9.0666157663676277e-04 1.2645543042565375e-03
    1.3838518801297958e-03 2.0041992746707388e-03 2.1234968505439971e-03
    3.1255964878793663e-03 3.4357701851498376e-03 4.6287459438824202e-03
    4.1754151555640391e-03 3.9129604886428710e-03 4.2469937010879942e-03
    4.6764649742317239e-03 3.9606795189921738e-03 3.8175224279442641e-03
    3.4596297003244895e-03 2.3859515174651652e-03 2.2427944264172550e-03
    1.8849016987974804e-03 1.3838518801297958e-03 1.0020996373353694e-03
    6.2034739454094293e-04 1.0020996373353694e-03 1.0975376980339759e-03
    1.1691162435579310e-03 2.1473563657186485e-03 2.1234968505439971e-03
    2.7915632754342431e-03 3.4357701851498376e-03 3.4119106699751862e-03
    2.4336705478144685e-03 2.8631418209581982e-03 3.6743653368963543e-03
    2.7677037602595917e-03 2.7915632754342431e-03 2.0996373353693453e-03
    1.6940255774002672e-03 1.4315709104790991e-03 1.0259591525100210e-03
    8.3508303111280778e-04 8.5894254628745940e-04 7.1578545523954954e-04
