<?xml version="1.0"?>
<opencv_storage>
<grill type_id="opencv-matrix">
  <rows>20</rows>
  <cols>20</cols>
  <dt>d</dt>
  <data>
    0. 8.2474226804123713e-03 2.0618556701030928e-03
    2.0618556701030928e-03 2.0618556701030928e-03 4.1237113402061857e-03
    0. 2.0618556701030928e-03 4.1237113402061857e-03
    4.1237113402061857e-03 2.0618556701030928e-03 0. 0.
    8.2474226804123713e-03 2.0618556701030928e-03 0. 0.
    2.0618556701030928e-03 0. 2.0618556701030928e-03 0. 0.
    4.1237113402061857e-03 0. 0. 6.1855670103092781e-03 0. 0.
    2.0618556701030928e-03 8.2474226804123713e-03 2.0618556701030928e-03
    1.0309278350515464e-02 0. 2.0618556701030928e-03
    2.0618556701030928e-03 2.0618556701030928e-03 8.2474226804123713e-03
    2.0618556701030928e-03 0. 8.2474226804123713e-03
    2.0618556701030928e-03 0. 8.2474226804123713e-03 0.
    6.1855670103092781e-03 0. 0. 6.1855670103092781e-03 0.
    4.1237113402061857e-03 4.1237113402061857e-03 0. 0. 0.
    6.1855670103092781e-03 2.0618556701030928e-03 2.0618556701030928e-03
    2.0618556701030928e-03 0. 4.1237113402061857e-03 0.
    2.0618556701030928e-03 0. 2.0618556701030928e-03
    2.0618556701030928e-03 0. 0. 2.0618556701030928e-03
    2.0618556701030928e-03 2.0618556701030928e-03 4.1237113402061857e-03
    6.1855670103092781e-03 4.1237113402061857e-03 4.1237113402061857e-03
    2.0618556701030928e-03 4.1237113402061857e-03 2.0618556701030928e-03
    6.1855670103092781e-03 2.0618556701030928e-03 0.
    2.0618556701030928e-03 2.0618556701030928e-03 4.1237113402061857e-03
    2.0618556701030928e-03 0. 2.0618556701030928e-03
    2.0618556701030928e-03 2.0618556701030928e-03 0. 0.
    2.0618556701030928e-03 0. 0. 2.0618556701030928e-03
    2.0618556701030928e-03 0. 2.0618556701030928e-03
    4.1237113402061857e-03 0. 4.1237113402061857e-03 0.
    4.1237113402061857e-03 2.0618556701030928e-03 4.1237113402061857e-03
    0. 4.1237113402061857e-03 0. 4.1237113402061857e-03 0.
    6.1855670103092781e-03 2.0618556701030928e-03 0. 0. 0.
    4.1237113402061857e-03 4.1237113402061857e-03 0.
    4.1237113402061857e-03 0. 0. 4.1237113402061857e-03 0.
    4.1237113402061857e-03 0. 0. 2.0618556701030928e-03
    2.0618556701030928e-03 2.0618556701030928e-03 2.0618556701030928e-03
    0. 0. 0. 2.0618556701030928e-03 2.0618556701030928e-03
    2.0618556701030928e-03 2.0618556701030928e-03 0.
    4.1237113402061857e-03 0. 0. 2.0618556701030928e-03 0.
    2.0618556701030928e-03 4.1237113402061857e-03 0. 0.
    1.0309278350515464e-02 0. 0. 0. 0. 0. 0. 4.1237113402061857e-03
    4.1237113402061857e-03 4.1237113402061857e-03 4.1237113402061857e-03
    4.1237113402061857e-03 6.1855670103092781e-03 4.1237113402061857e-03
    0. 2.0618556701030928e-03 1.2371134020618556e-02 0. 0.
    4.1237113402061857e-03 8.2474226804123713e-03 0. 0. 0.
    2.0618556701030928e-03 0. 0. 2.0618556701030928e-03 0.
    8.2474226804123713e-03 4.1237113402061857e-03 2.0618556701030928e-03
    6.1855670103092781e-03 2.0618556701030928e-03 2.0618556701030928e-03
    2.0618556701030928e-03 2.0618556701030928e-03 2.0618556701030928e-03
    0. 2.0618556701030928e-03 0. 0. 0. 0. 0. 0. 0.
    2.0618556701030928e-03 0. 2.0618556701030928e-03
    8.2474226804123713e-03 2.0618556701030928e-03 2.0618556701030928e-03
    2.0618556701030928e-03 0. 0. 2.0618556701030928e-03
    2.0618556701030928e-03 2.0618556701030928e-03 4.1237113402061857e-03
    0. 0. 0. 0. 0. 0. 2.0618556701030928e-03 6.1855670103092781e-03
    2.0618556701030928e-03 2.0618556701030928e-03 4.1237113402061857e-03
    8.2474226804123713e-03 4.1237113402061857e-03 6.1855670103092781e-03
    0. 2.0618556701030928e-03 0. 0. 0. 0. 0. 0. 2.0618556701030928e-03
    0. 0. 0. 2.0618556701030928e-03 0. 2.0618556701030928e-03 0.
    2.0618556701030928e-03 2.0618556701030928e-03 2.0618556701030928e-03
    2.0618556701030928e-03 0. 6.1855670103092781e-03 0.
    2.0618556701030928e-03 6.1855670103092781e-03 2.0618556701030928e-03
    2.0618556701030928e-03 0. 0. 2.0618556701030928e-03 0. 0.
    2.0618556701030928e-03 2.0618556701030928e-03 0.
    4.1237113402061857e-03 0. 6.1855670103092781e-03
    2.0618556701030928e-03 0. 2.0618556701030928e-03
    4.1237113402061857e-03 2.0618556701030928e-03 0. 0. 0.
    2.0618556701030928e-03 0. 2.0618556701030928e-03
    2.0618556701030928e-03 2.0618556701030928e-03 0. 0.
    2.0618556701030928e-03 2.0618556701030928e-03 2.0618556701030928e-03
    2.0618556701030928e-03 0. 2.0618556701030928e-03 0. 0.
    4.1237113402061857e-03 0. 0. 2.0618556701030928e-03 0.
    2.0618556701030928e-03 0. 4.1237113402061857e-03 0.
    6.1855670103092781e-03 1.4432989690721650e-02 6.1855670103092781e-03
    6.1855670103092781e-03 0. 0. 2.0618556701030928e-03
    6.1855670103092781e-03 0. 2.0618556701030928e-03 0. 0. 0. 0.
    2.0618556701030928e-03 0. 4.1237113402061857e-03 0.
    4.1237113402061857e-03 8.2474226804123713e-03 0. 0.
    2.0618556701030928e-03 2.0618556701030928e-03 2.0618556701030928e-03
    2.0618556701030928e-03 4.1237113402061857e-03 4.1237113402061857e-03
    6.1855670103092781e-03 0. 4.1237113402061857e-03
    2.0618556701030928e-03 6.1855670103092781e-03 2.0618556701030928e-03
    2.0618556701030928e-03 4.1237113402061857e-03 0.
    2.0618556701030928e-03 6.1855670103092781e-03 1.0309278350515464e-02
    4.1237113402061857e-03 6.1855670103092781e-03 2.0618556701030928e-03
    6.1855670103092781e-03 8.2474226804123713e-03 0.
    6.1855670103092781e-03 4.1237113402061857e-03 2.0618556701030928e-03
    6.1855670103092781e-03 0. 4.1237113402061857e-03 0.
    2.0618556701030928e-03 2.0618556701030928e-03 2.0618556701030928e-03
    2.0618556701030928e-03 1.6082474226804125e-01 2.0618556701030928e-03
    2.0618556701030928e-03 4.1237113402061857e-03 0. 0.
    2.0618556701030928e-03 2.0618556701030928e-03 4.1237113402061857e-03
    0. 0. 0. 4.1237113402061857e-03 0. 2.0618556701030928e-03
    2.0618556701030928e-03 0. 0. 4.1237113402061857e-03
    2.0618556701030928e-03 4.1237113402061857e-03 4.1237113402061857e-03
    2.0618556701030928e-03 4.1237113402061857e-03 4.1237113402061857e-03
    6.1855670103092781e-03 0. 0. 2.0618556701030928e-03 0. 0. 0.
    2.0618556701030928e-03 0. 0. 0. 0. 0. 0. 0. 0. 0.
    2.0618556701030928e-03 0. 2.0618556701030928e-03
    2.0618556701030928e-03 4.1237113402061857e-03 4.1237113402061857e-03
    2.0618556701030928e-03 2.0618556701030928e-03 8.2474226804123713e-03
    2.0618556701030928e-03 0.</data></grill>
</opencv_storage>
