<?xml version="1.0"?>
<opencv_storage>
<gym_equipment type_id="opencv-matrix">
  <rows>20</rows>
  <cols>20</cols>
  <dt>d</dt>
  <data>
    1.2506253126563281e-03 2.0010005002501249e-03 3.5017508754377189e-03
    1.0005002501250625e-03 1.5007503751875938e-03 2.5012506253126561e-04
    1.5007503751875938e-03 1.7508754377188595e-03 4.7523761880940473e-03
    8.2541270635317666e-03 4.0020010005002498e-03 4.2521260630315159e-03
    1.7508754377188595e-03 1.2506253126563281e-03 7.5037518759379690e-04
    5.0025012506253123e-04 1.0005002501250625e-03 2.0010005002501249e-03
    1.5007503751875938e-03 3.7518759379689846e-03 2.2511255627813906e-03
    1.7508754377188595e-03 2.2511255627813906e-03 2.5012506253126563e-03
    1.7508754377188595e-03 7.5037518759379690e-04 1.0005002501250625e-03
    1.5007503751875938e-03 3.7518759379689846e-03 4.2521260630315159e-03
    8.5042521260630319e-03 4.5022511255627812e-03 2.0010005002501249e-03
    3.2516258129064533e-03 2.5012506253126563e-03 1.2506253126563281e-03
    1.0005002501250625e-03 7.5037518759379690e-04 2.5012506253126563e-03
    2.2511255627813906e-03 1.2506253126563281e-03 1.5007503751875938e-03
    2.0010005002501249e-03 2.0010005002501249e-03 7.5037518759379690e-04
    1.7508754377188595e-03 1.0005002501250625e-03 1.7508754377188595e-03
    3.7518759379689846e-03 8.2541270635317666e-03 9.0045022511255624e-03
    2.2511255627813906e-03 3.5017508754377189e-03 1.0005002501250625e-03
    2.2511255627813906e-03 2.7513756878439219e-03 2.2511255627813906e-03
    2.7513756878439219e-03 4.0020010005002498e-03 4.5022511255627812e-03
    5.0025012506253123e-04 2.7513756878439219e-03 5.0025012506253123e-04
    2.7513756878439219e-03 1.2506253126563281e-03 7.5037518759379690e-04
    7.5037518759379690e-04 2.5012506253126563e-03 5.5027513756878439e-03
    6.0030015007503752e-03 1.0005002501250625e-02 4.2521260630315159e-03
    2.7513756878439219e-03 2.0010005002501249e-03 1.5007503751875938e-03
    1.2506253126563281e-03 1.7508754377188595e-03 1.2506253126563281e-03
    2.0010005002501249e-03 1.4757378689344673e-02 2.2511255627813906e-03
    1.5007503751875938e-03 1.7508754377188595e-03 5.0025012506253123e-04
    3.0015007503751876e-03 1.0005002501250625e-03 1.2506253126563281e-03
    1.7508754377188595e-03 4.0020010005002498e-03 7.0035017508754379e-03
    5.5027513756878439e-03 6.5032516258129065e-03 2.2511255627813906e-03
    7.5037518759379690e-04 7.5037518759379690e-04 7.5037518759379690e-04
    2.2511255627813906e-03 1.0005002501250625e-03 3.0015007503751876e-03
    3.5017508754377189e-03 1.7508754377188595e-03 1.7508754377188595e-03
    1.0005002501250625e-03 1.5007503751875938e-03 1.2506253126563281e-03
    5.0025012506253123e-04 5.0025012506253123e-04 1.2506253126563281e-03
    1.7508754377188595e-03 4.2521260630315159e-03 7.7538769384692344e-03
    2.7513756878439219e-03 1.2506253126563281e-03 2.5012506253126563e-03
    2.7513756878439219e-03 1.7508754377188595e-03 1.0005002501250625e-03
    7.5037518759379690e-04 2.2511255627813906e-03 1.7508754377188595e-03
    2.5012506253126563e-03 2.5012506253126563e-03 1.5007503751875938e-03
    5.0025012506253123e-04 1.5007503751875938e-03 7.5037518759379690e-04
    0. 1.0005002501250625e-03 7.5037518759379690e-04
    5.2526263131565786e-03 3.2516258129064533e-03 2.5012506253126563e-03
    1.0005002501250625e-03 7.5037518759379690e-04 5.0025012506253123e-04
    1.2506253126563281e-03 1.7508754377188595e-03 1.0005002501250625e-03
    1.7508754377188595e-03 3.7518759379689846e-03 2.0010005002501249e-03
    1.7508754377188595e-03 2.0010005002501249e-03 1.7508754377188595e-03
    5.0025012506253123e-04 2.5012506253126561e-04 1.0005002501250625e-03
    1.2506253126563281e-03 1.5007503751875938e-03 1.7508754377188595e-03
    2.2511255627813906e-03 2.5012506253126561e-04 5.0025012506253123e-04
    0. 1.0005002501250625e-03 5.0025012506253123e-04
    1.0005002501250625e-03 2.7513756878439219e-03 4.2521260630315159e-03
    1.7508754377188595e-03 2.2511255627813906e-03 1.5007503751875938e-03
    1.2506253126563281e-03 4.2521260630315159e-03 2.5012506253126563e-03
    2.5012506253126561e-04 2.5012506253126561e-04 5.0025012506253123e-04
    5.0025012506253123e-04 7.5037518759379690e-04 1.7508754377188595e-03
    0. 2.5012506253126561e-04 0. 5.0025012506253123e-04
    1.5007503751875938e-03 2.5012506253126563e-03 1.7508754377188595e-03
    2.7513756878439219e-03 3.2516258129064533e-03 2.0010005002501249e-03
    1.7508754377188595e-03 2.7513756878439219e-03 1.7508754377188595e-03
    1.2506253126563281e-03 7.5037518759379690e-04 7.5037518759379690e-04
    5.0025012506253123e-04 8.7543771885942971e-03 2.1010505252626314e-02
    2.5262631315657830e-02 1.1255627813906953e-02 3.7518759379689846e-03
    1.7508754377188595e-03 7.5037518759379690e-04 1.2506253126563281e-03
    3.2516258129064533e-03 2.0010005002501249e-03 5.0025012506253125e-03
    2.7513756878439219e-03 5.0025012506253125e-03 6.2531265632816404e-03
    2.0010005002501249e-03 2.2511255627813906e-03 2.5012506253126563e-03
    7.5037518759379690e-04 1.0005002501250625e-03 1.0005002501250625e-03
    8.7543771885942971e-03 1.9259629814907454e-02 2.8264132066033017e-02
    1.5257628814407204e-02 5.0025012506253125e-03 2.5012506253126563e-03
    1.5007503751875938e-03 1.5007503751875938e-03 1.5007503751875938e-03
    4.0020010005002498e-03 2.2511255627813906e-03 5.2526263131565786e-03
    4.0020010005002498e-03 2.0010005002501249e-03 2.5012506253126563e-03
    1.5007503751875938e-03 7.5037518759379690e-04 1.0005002501250625e-03
    0. 0. 7.5037518759379690e-04 7.5037518759379690e-04
    2.2511255627813906e-03 5.0025012506253125e-03 1.2506253126563281e-03
    5.0025012506253123e-04 1.5007503751875938e-03 2.5012506253126561e-04
    2.2511255627813906e-03 1.5007503751875938e-03 1.0005002501250625e-03
    1.6008004002000999e-02 2.0010005002501249e-03 2.2511255627813906e-03
    1.5007503751875938e-03 1.2506253126563281e-03 2.7513756878439219e-03
    7.5037518759379690e-04 1.0005002501250625e-03 1.0005002501250625e-03
    1.0005002501250625e-03 1.2506253126563281e-03 2.2511255627813906e-03
    2.5012506253126561e-04 7.5037518759379690e-04 1.0005002501250625e-03
    1.0005002501250625e-03 2.0010005002501249e-03 1.5007503751875938e-03
    7.5037518759379690e-04 2.7513756878439219e-03 1.7508754377188595e-03
    5.0025012506253123e-04 1.5007503751875938e-03 1.7508754377188595e-03
    1.2506253126563281e-03 2.7513756878439219e-03 1.0005002501250625e-03
    7.5037518759379690e-04 0. 7.5037518759379690e-04
    3.2516258129064533e-03 5.2526263131565786e-03 1.2506253126563281e-03
    5.0025012506253123e-04 2.5012506253126561e-04 7.5037518759379690e-04
    1.5007503751875938e-03 1.5007503751875938e-03 1.7508754377188595e-03
    1.5007503751875938e-03 1.2506253126563281e-03 5.0025012506253123e-04
    5.0025012506253123e-04 1.5007503751875938e-03 2.2511255627813906e-03
    2.2511255627813906e-03 1.5007503751875938e-03 1.0005002501250625e-03
    1.0005002501250625e-03 2.0010005002501249e-03 3.7518759379689846e-03
    5.0025012506253125e-03 5.7528764382191100e-03 1.7508754377188595e-03
    0. 2.5012506253126561e-04 3.5017508754377189e-03
    2.5012506253126561e-04 1.2506253126563281e-03 2.0010005002501249e-03
    1.7508754377188595e-03 1.7508754377188595e-03 2.0010005002501249e-03
    2.0010005002501249e-03 1.2506253126563281e-03 1.0005002501250625e-03
    2.5012506253126561e-04 2.5012506253126561e-04 1.2506253126563281e-03
    3.7518759379689846e-03 9.5047523761880946e-03 4.7523761880940473e-03
    4.7523761880940473e-03 7.5037518759379690e-04 1.7508754377188595e-03
    1.5007503751875938e-03 1.2506253126563281e-03 7.5037518759379690e-04
    2.0010005002501249e-03 1.5007503751875938e-03 1.2506253126563281e-03
    2.2511255627813906e-03 2.0010005002501249e-03 3.2516258129064533e-03
    1.2506253126563281e-03 3.5017508754377189e-03 3.0015007503751876e-03
    2.2511255627813906e-03 1.5007503751875938e-03 3.0015007503751876e-03
