<?xml version="1.0"?>
<opencv_storage>
<hanging_kitchen_cabinet type_id="opencv-matrix">
  <rows>20</rows>
  <cols>20</cols>
  <dt>d</dt>
  <data>
    1.2397858551704707e-03 9.0166244012397862e-04 1.2397858551704707e-03
    1.5215553677092139e-03 1.6906170752324597e-03 1.0143702451394759e-03
    1.0707241476472246e-03 1.0707241476472246e-03 1.8596787827557058e-03
    1.7469709777402085e-03 2.3105100028176953e-03 2.4795717103409413e-03
    2.9867568329106789e-03 4.0011270780501550e-03 3.8320653705269090e-03
    5.0154973231896311e-03 4.9591434206818826e-03 5.5226824457593688e-03
    4.3392504930966471e-03 6.8751761059453369e-03 1.0143702451394759e-03
    1.4088475626937165e-03 9.5801634263172725e-04 1.1834319526627219e-03
    1.2961397576782192e-03 9.5801634263172725e-04 1.6906170752324597e-03
    1.6906170752324597e-03 1.0143702451394759e-03 1.5779092702169625e-03
    1.6342631727247112e-03 1.8033248802479572e-03 3.7757114680191605e-03
    3.7757114680191605e-03 3.4939419554804170e-03 4.3956043956043956e-03
    5.5790363482671173e-03 4.6210200056353906e-03 5.5790363482671173e-03
    6.0862214708368558e-03 1.0143702451394759e-03 7.8895463510848124e-04
    1.4652014652014652e-03 1.6342631727247112e-03 6.1989292758523533e-04
    1.6906170752324597e-03 1.0707241476472246e-03 1.0143702451394759e-03
    9.5801634263172725e-04 1.3524936601859679e-03 1.8033248802479572e-03
    1.9160326852634545e-03 2.3105100028176953e-03 3.3812341504649195e-03
    4.6210200056353906e-03 3.8884192730346575e-03 5.2972668357283738e-03
    4.6210200056353906e-03 4.6210200056353906e-03 7.1569456184840804e-03
    1.4652014652014652e-03 1.1834319526627219e-03 1.1270780501549732e-03
    1.3524936601859679e-03 1.6342631727247112e-03 1.1834319526627219e-03
    1.2961397576782192e-03 1.0707241476472246e-03 1.9160326852634545e-03
    1.0143702451394759e-03 2.1978021978021978e-03 1.9160326852634545e-03
    3.3248802479571710e-03 5.2972668357283738e-03 4.4519582981121441e-03
    4.9591434206818826e-03 5.6353902507748658e-03 5.4099746407438717e-03
    5.1282051282051282e-03 7.7768385460693151e-03 1.0143702451394759e-03
    1.1270780501549732e-03 1.1834319526627219e-03 8.4530853761622987e-04
    1.5215553677092139e-03 1.4088475626937165e-03 1.4652014652014652e-03
    6.1989292758523533e-04 7.8895463510848124e-04 7.8895463510848124e-04
    2.0287404902789518e-03 2.3105100028176953e-03 2.3105100028176953e-03
    4.2828965905888985e-03 3.6630036630036630e-03 4.5646661031276412e-03
    4.9591434206818826e-03 6.3116370808678499e-03 6.5934065934065934e-03
    7.4950690335305716e-03 1.1834319526627219e-03 1.2397858551704707e-03
    1.3524936601859679e-03 1.0707241476472246e-03 1.1834319526627219e-03
    8.4530853761622987e-04 6.1989292758523533e-04 3.3812341504649198e-04
    6.7624683009298396e-04 7.8895463510848124e-04 1.3524936601859679e-03
    2.5359256128486898e-03 2.8176951253874329e-03 3.2685263454494224e-03
    3.5502958579881655e-03 3.1558185404339249e-03 5.8608058608058608e-03
    5.3536207382361232e-03 5.7480980557903637e-03 7.6641307410538180e-03
    1.5215553677092139e-03 1.2397858551704707e-03 7.8895463510848124e-04
    7.3260073260073260e-04 7.8895463510848124e-04 7.3260073260073260e-04
    9.5801634263172725e-04 8.4530853761622987e-04 6.1989292758523533e-04
    9.5801634263172725e-04 1.2961397576782192e-03 1.7469709777402085e-03
    2.7049873203719359e-03 4.5646661031276412e-03 3.9447731755424065e-03
    4.2265426880811500e-03 5.0154973231896311e-03 5.4099746407438717e-03
    6.1425753733446043e-03 7.3823612285150745e-03 1.4088475626937165e-03
    1.5779092702169625e-03 1.0707241476472246e-03 1.1834319526627219e-03
    1.4088475626937165e-03 1.0707241476472246e-03 7.3260073260073260e-04
    7.8895463510848124e-04 8.4530853761622987e-04 6.7624683009298396e-04
    6.1989292758523533e-04 1.2397858551704707e-03 2.4232178078331923e-03
    4.1701887855734006e-03 3.0994646379261764e-03 4.1138348830656521e-03
    4.7337278106508876e-03 6.0862214708368558e-03 6.1989292758523528e-03
    7.8331924485770636e-03 9.5801634263172725e-04 1.9723865877712033e-03
    1.0143702451394759e-03 5.6353902507748658e-04 1.2397858551704707e-03
    6.7624683009298396e-04 7.3260073260073260e-04 9.5801634263172725e-04
    8.4530853761622987e-04 4.5083122006198931e-04 6.7624683009298396e-04
    2.4795717103409413e-03 1.2397858551704707e-03 3.4939419554804170e-03
    4.0574809805579036e-03 3.6066497604959145e-03 4.7900817131586362e-03
    6.3679909833755984e-03 6.0298675683291064e-03 6.8188222034375884e-03
    1.3524936601859679e-03 1.3524936601859679e-03 8.4530853761622987e-04
    1.6342631727247112e-03 1.2397858551704707e-03 8.4530853761622987e-04
    6.7624683009298396e-04 3.3812341504649198e-04 1.1270780501549733e-04
    2.2541561003099465e-04 9.5801634263172725e-04 1.1270780501549732e-03
    2.3105100028176953e-03 4.0574809805579036e-03 4.3956043956043956e-03
    3.9447731755424065e-03 5.3536207382361232e-03 5.8608058608058608e-03
    5.6917441532826152e-03 6.7624683009298390e-03 1.3524936601859679e-03
    8.4530853761622987e-04 1.0707241476472246e-03 1.4652014652014652e-03
    1.1270780501549732e-03 7.8895463510848124e-04 9.0166244012397862e-04
    5.0718512256973795e-04 2.2541561003099465e-04 6.1989292758523533e-04
    5.0718512256973795e-04 9.0166244012397862e-04 1.8596787827557058e-03
    3.5502958579881655e-03 3.2685263454494224e-03 4.0574809805579036e-03
    4.5646661031276412e-03 7.8331924485770636e-03 6.6497604959143419e-03
    8.3403775711468012e-03 8.4530853761622987e-04 1.3524936601859679e-03
    1.4652014652014652e-03 1.6342631727247112e-03 1.5779092702169625e-03
    3.9447731755424062e-04 6.7624683009298396e-04 5.6353902507748658e-04
    6.1989292758523533e-04 1.6906170752324599e-04 3.9447731755424062e-04
    9.0166244012397862e-04 9.0166244012397862e-04 2.6486334178641869e-03
    2.8740490278951819e-03 3.0994646379261764e-03 5.2409129332206253e-03
    4.3956043956043956e-03 5.2972668357283738e-03 5.7480980557903637e-03
    1.5215553677092139e-03 1.1834319526627219e-03 6.1989292758523533e-04
    9.0166244012397862e-04 5.0718512256973795e-04 3.3812341504649198e-04
    7.8895463510848124e-04 3.9447731755424062e-04 6.1989292758523533e-04
    2.2541561003099465e-04 1.0707241476472246e-03 4.5083122006198931e-04
    2.0287404902789518e-03 3.7757114680191605e-03 2.5922795153564384e-03
    3.6630036630036630e-03 3.8884192730346575e-03 6.2552831783601014e-03
    5.3536207382361232e-03 6.5934065934065934e-03 9.0166244012397862e-04
    7.3260073260073260e-04 1.1834319526627219e-03 1.4652014652014652e-03
    1.1270780501549732e-03 1.1834319526627219e-03 9.5801634263172725e-04
    1.1834319526627219e-03 4.5083122006198931e-04 6.1989292758523533e-04
    1.2397858551704707e-03 1.9723865877712033e-03 2.1978021978021978e-03
    5.2409129332206253e-03 2.9304029304029304e-03 3.6066497604959145e-03
    5.6917441532826152e-03 5.6917441532826152e-03 5.0154973231896311e-03
    6.4806987883910963e-03 1.0143702451394759e-03 1.2397858551704707e-03
    1.0707241476472246e-03 1.4652014652014652e-03 9.0166244012397862e-04
    1.4088475626937165e-03 1.2397858551704707e-03 9.5801634263172725e-04
    8.4530853761622987e-04 5.6353902507748658e-04 1.9723865877712033e-03
    1.2961397576782192e-03 1.9723865877712033e-03 3.3248802479571710e-03
    3.2121724429416739e-03 3.4939419554804170e-03 5.1282051282051282e-03
    5.5226824457593688e-03 5.6917441532826152e-03 7.6641307410538180e-03
    1.3524936601859679e-03 1.6342631727247112e-03 1.4652014652014652e-03
    1.7469709777402085e-03 1.2961397576782192e-03 8.4530853761622987e-04
    1.2397858551704707e-03 1.1834319526627219e-03 8.4530853761622987e-04
    6.7624683009298396e-04 2.2541561003099463e-03 1.1834319526627219e-03
    2.1414482952944493e-03 4.0011270780501550e-03 3.6630036630036630e-03
    2.8740490278951819e-03 4.7900817131586362e-03 5.2972668357283738e-03
    4.5646661031276412e-03 5.6917441532826152e-03 1.4088475626937165e-03
