<?xml version="1.0"?>
<opencv_storage>
<hanger type_id="opencv-matrix">
  <rows>20</rows>
  <cols>20</cols>
  <dt>d</dt>
  <data>
    3.2563188091176928e-03 2.3259420065126378e-03 1.2405024034734067e-03
    1.7056908047759342e-03 1.8607536052101100e-03 2.7911304078151651e-03
    1.8607536052101100e-03 1.7056908047759342e-03 2.9461932082493411e-03
    2.3259420065126378e-03 2.7911304078151651e-03 2.1708792060784617e-03
    4.1866956117227478e-03 2.6360676073809894e-03 5.5822608156303301e-03
    5.2721352147619789e-03 2.6360676073809894e-03 3.4113816095518684e-03
    4.0316328112885722e-03 3.5664444099860445e-03 2.0158164056442861e-03
    2.1708792060784617e-03 1.5506280043417584e-03 2.3259420065126378e-03
    1.7056908047759342e-03 2.9461932082493411e-03 1.7056908047759342e-03
    7.7531400217087918e-04 2.1708792060784617e-03 9.3037680260505502e-04
    2.3259420065126378e-03 4.1866956117227478e-03 3.2563188091176928e-03
    4.1866956117227478e-03 7.2879516204062645e-03 2.7911304078151651e-03
    3.2563188091176928e-03 2.0158164056442861e-03 3.5664444099860445e-03
    2.3259420065126378e-03 2.7911304078151651e-03 2.6360676073809894e-03
    2.1708792060784617e-03 2.0158164056442861e-03 1.8607536052101100e-03
    1.5506280043417584e-03 2.7911304078151651e-03 1.8607536052101100e-03
    6.2025120173670335e-04 1.7056908047759342e-03 2.0158164056442861e-03
    3.2563188091176928e-03 4.3417584121569234e-03 4.0316328112885722e-03
    5.4271980151961545e-03 3.1012560086835167e-03 2.1708792060784617e-03
    2.6360676073809894e-03 2.6360676073809894e-03 1.8607536052101100e-03
    1.5506280043417584e-03 2.6360676073809894e-03 1.5506280043417584e-03
    2.1708792060784617e-03 1.0854396030392309e-03 1.8607536052101100e-03
    6.2025120173670335e-04 6.2025120173670335e-04 2.0158164056442861e-03
    1.5506280043417584e-03 1.2405024034734067e-03 5.1170724143278024e-03
    2.9461932082493411e-03 3.2563188091176928e-03 5.4271980151961545e-03
    3.5664444099860445e-03 3.2563188091176928e-03 3.5664444099860445e-03
    3.7215072104202201e-03 3.7215072104202201e-03 7.7531400217087918e-04
    1.8607536052101100e-03 1.3955652039075825e-03 1.5506280043417584e-03
    1.3955652039075825e-03 2.3259420065126378e-03 1.5506280043417584e-03
    7.7531400217087918e-04 1.8607536052101100e-03 9.3037680260505502e-04
    2.4810048069468134e-03 3.4113816095518684e-03 4.3417584121569234e-03
    3.4113816095518684e-03 4.3417584121569234e-03 2.7911304078151651e-03
    3.8765700108543961e-03 2.6360676073809894e-03 3.4113816095518684e-03
    3.1012560086835167e-03 4.0316328112885722e-03 2.6360676073809894e-03
    1.5506280043417584e-03 2.3259420065126378e-03 2.4810048069468134e-03
    1.3955652039075825e-03 1.7056908047759342e-03 1.8607536052101100e-03
    2.3259420065126378e-03 1.5506280043417584e-03 2.6360676073809894e-03
    3.8765700108543961e-03 2.4810048069468134e-03 4.3417584121569234e-03
    4.6518840130252755e-03 2.9461932082493411e-03 3.7215072104202201e-03
    2.7911304078151651e-03 6.2025120173670335e-03 3.1012560086835167e-03
    2.6360676073809894e-03 2.1708792060784617e-03 2.9461932082493411e-03
    2.4810048069468134e-03 1.3955652039075825e-03 1.7056908047759342e-03
    1.8607536052101100e-03 1.3955652039075825e-03 1.7056908047759342e-03
    9.3037680260505502e-04 2.0158164056442861e-03 2.4810048069468134e-03
    2.0158164056442861e-03 4.1866956117227478e-03 4.3417584121569234e-03
    3.8765700108543961e-03 4.9620096138936268e-03 3.7215072104202201e-03
    4.0316328112885722e-03 2.4810048069468134e-03 2.1708792060784617e-03
    1.5506280043417584e-03 2.0158164056442861e-03 1.8607536052101100e-03
    7.7531400217087918e-04 1.7056908047759342e-03 9.3037680260505502e-04
    6.2025120173670335e-04 4.6518840130252751e-04 4.6518840130252751e-04
    6.2025120173670335e-04 1.2405024034734067e-03 2.3259420065126378e-03
    2.3259420065126378e-03 2.1708792060784617e-03 2.4810048069468134e-03
    3.8765700108543961e-03 3.2563188091176928e-03 3.4113816095518684e-03
    3.1012560086835167e-03 1.8607536052101100e-03 2.9461932082493411e-03
    1.7056908047759342e-03 2.3259420065126378e-03 2.7911304078151651e-03
    1.5506280043417584e-03 2.3259420065126378e-03 1.2405024034734067e-03
    6.2025120173670335e-04 1.5506280043417584e-04 7.7531400217087918e-04
    3.1012560086835167e-04 1.3955652039075825e-03 1.5506280043417584e-03
    3.1012560086835167e-03 4.3417584121569234e-03 5.2721352147619789e-03
    5.2721352147619789e-03 3.8765700108543961e-03 5.4271980151961545e-03
    2.4810048069468134e-03 4.3417584121569234e-03 2.9461932082493411e-03
    1.8607536052101100e-03 2.3259420065126378e-03 1.3955652039075825e-03
    1.2405024034734067e-03 1.2405024034734067e-03 7.7531400217087918e-04
    0. 4.6518840130252751e-04 2.3259420065126378e-03
    2.1708792060784617e-03 2.7911304078151651e-03 3.7215072104202201e-03
    4.0316328112885722e-03 4.3417584121569234e-03 3.7215072104202201e-03
    3.5664444099860445e-03 4.8069468134594511e-03 1.7056908047759342e-03
    2.0158164056442861e-03 1.8607536052101100e-03 3.1012560086835167e-03
    2.4810048069468134e-03 1.3955652039075825e-03 1.0854396030392309e-03
    4.6518840130252751e-04 4.6518840130252751e-04 1.5506280043417584e-04
    1.0854396030392309e-03 3.1012560086835167e-04 1.7056908047759342e-03
    9.3037680260505502e-04 3.1012560086835167e-03 3.5664444099860445e-03
    4.1866956117227478e-03 2.7911304078151651e-03 4.3417584121569234e-03
    3.2563188091176928e-03 1.7056908047759342e-03 2.7911304078151651e-03
    1.8607536052101100e-03 2.0158164056442861e-03 1.7056908047759342e-03
    1.3955652039075825e-03 7.7531400217087918e-04 9.3037680260505502e-04
    6.2025120173670335e-04 3.1012560086835167e-04 4.6518840130252751e-04
    4.6518840130252751e-04 1.3955652039075825e-03 1.2405024034734067e-03
    3.5664444099860445e-03 2.9461932082493411e-03 2.7911304078151651e-03
    3.4113816095518684e-03 3.2563188091176928e-03 4.8069468134594511e-03
    3.5664444099860445e-03 2.6360676073809894e-03 2.9461932082493411e-03
    2.4810048069468134e-03 2.3259420065126378e-03 2.1708792060784617e-03
    1.3955652039075825e-03 1.2405024034734067e-03 3.1012560086835167e-04
    1.2405024034734067e-03 1.0854396030392309e-03 1.2405024034734067e-03
    1.0854396030392309e-03 1.5506280043417584e-03 2.9461932082493411e-03
    3.2563188091176928e-03 2.6360676073809894e-03 5.4271980151961545e-03
    3.8765700108543961e-03 4.1866956117227478e-03 2.1708792060784617e-03
    4.0316328112885722e-03 2.0158164056442861e-03 3.4113816095518684e-03
    2.0158164056442861e-03 2.1708792060784617e-03 2.4810048069468134e-03
    1.2405024034734067e-03 6.2025120173670335e-04 2.1708792060784617e-03
    2.4810048069468134e-03 2.1708792060784617e-03 2.1708792060784617e-03
    2.4810048069468134e-03 2.7911304078151651e-03 2.6360676073809894e-03
    4.4968212125910990e-03 2.6360676073809894e-03 4.4968212125910990e-03
    4.0316328112885722e-03 2.4810048069468134e-03 3.4113816095518684e-03
    1.8607536052101100e-03 1.8607536052101100e-03 7.7531400217087918e-04
    2.0158164056442861e-03 1.2405024034734067e-03 1.7056908047759342e-03
    9.3037680260505502e-04 1.2405024034734067e-03 1.3955652039075825e-03
    3.5664444099860445e-03 3.7215072104202201e-03 3.8765700108543961e-03
    3.4113816095518684e-03 3.8765700108543961e-03 1.7056908047759342e-03
    4.0316328112885722e-03 4.0316328112885722e-03 4.1866956117227478e-03
    6.2025120173670335e-04 2.3259420065126378e-03 2.3259420065126378e-03
    1.7056908047759342e-03 1.8607536052101100e-03 2.9461932082493411e-03
    1.8607536052101100e-03 1.2405024034734067e-03 1.3955652039075825e-03
    1.8607536052101100e-03 1.7056908047759342e-03 3.1012560086835167e-03
    3.8765700108543961e-03 5.4271980151961545e-03 2.9461932082493411e-03
    4.1866956117227478e-03 2.7911304078151651e-03 3.4113816095518684e-03
    3.8765700108543961e-03 3.2563188091176928e-03 1.3955652039075825e-03
    2.1708792060784617e-03 1.8607536052101100e-03 2.0158164056442861e-03
