<?xml version="1.0"?>
<opencv_storage>
<headphones_on_stand type_id="opencv-matrix">
  <rows>20</rows>
  <cols>20</cols>
  <dt>d</dt>
  <data>
    0. 0. 0. 0. 3.5211267605633804e-03 0. 0. 3.5211267605633804e-03
    3.5211267605633804e-03 0. 0. 0. 3.5211267605633804e-03
    3.5211267605633804e-03 3.5211267605633804e-03 0.
    7.0422535211267607e-03 3.5211267605633804e-03 3.5211267605633804e-03
    0. 0. 0. 0. 3.5211267605633804e-03 3.5211267605633804e-03
    3.5211267605633804e-03 0. 0. 1.0563380281690141e-02 0.
    7.0422535211267607e-03 1.0563380281690141e-02 1.0563380281690141e-02
    3.5211267605633804e-03 3.5211267605633804e-03 0. 0. 0. 0. 0. 0. 0.
    0. 0. 0. 0. 0. 3.5211267605633804e-03 0. 0. 0. 0. 0. 0. 0. 0. 0. 0.
    0. 0. 0. 0. 0. 3.5211267605633804e-03 0. 3.5211267605633804e-03 0.
    3.5211267605633804e-03 0. 0. 7.0422535211267607e-03 0. 0. 0.
    7.0422535211267607e-03 0. 0. 0. 0. 3.5211267605633804e-03 0. 0. 0.
    0. 0. 3.5211267605633804e-03 0. 0. 0. 3.5211267605633804e-03 0. 0.
    0. 0. 7.0422535211267607e-03 3.5211267605633804e-03 0.
    3.5211267605633804e-03 3.5211267605633804e-03 3.5211267605633804e-03
    3.5211267605633804e-03 0. 3.5211267605633804e-03 0. 0.
    7.0422535211267607e-03 3.5211267605633804e-03 1.4084507042253521e-02
    7.0422535211267607e-03 0. 7.0422535211267607e-03 0.
    7.0422535211267607e-03 1.4084507042253521e-02 0.
    3.5211267605633804e-03 0. 0. 0. 0. 0. 3.5211267605633804e-03 0. 0.
    0. 0. 0. 0. 0. 3.5211267605633804e-03 3.5211267605633804e-03
    7.0422535211267607e-03 7.0422535211267607e-03 2.8169014084507043e-02
    7.0422535211267607e-03 1.0563380281690141e-02 3.5211267605633804e-03
    3.5211267605633804e-03 0. 0. 3.5211267605633804e-03 0. 0. 0. 0.
    3.5211267605633804e-03 0. 0. 0. 3.5211267605633804e-03 0.
    1.7605633802816902e-02 1.7605633802816902e-02 1.0563380281690141e-02
    0. 0. 0. 3.5211267605633804e-03 0. 0. 0. 3.5211267605633804e-03
    3.5211267605633804e-03 3.5211267605633804e-03 0.
    1.0563380281690141e-02 3.5211267605633804e-03 7.0422535211267607e-03
    3.5211267605633804e-03 0. 0. 0. 1.7605633802816902e-02
    2.4647887323943660e-02 1.0563380281690141e-02 1.0563380281690141e-02
    3.5211267605633804e-03 3.5211267605633804e-03 3.5211267605633804e-03
    0. 0. 0. 0. 3.5211267605633804e-03 0. 1.0563380281690141e-02
    3.5211267605633804e-03 3.5211267605633804e-03 0. 0. 0.
    3.5211267605633804e-03 7.0422535211267607e-03 7.0422535211267607e-03
    7.0422535211267607e-03 3.5211267605633804e-03 3.5211267605633804e-03
    0. 0. 0. 0. 7.0422535211267607e-03 0. 3.5211267605633804e-03
    7.0422535211267607e-03 3.5211267605633804e-03 3.5211267605633804e-03
    3.5211267605633804e-03 1.0563380281690141e-02 7.0422535211267607e-03
    2.8169014084507043e-02 0. 1.0563380281690141e-02
    7.0422535211267607e-03 3.5211267605633804e-03 0.
    3.5211267605633804e-03 3.5211267605633804e-03 0. 0. 0. 0. 0. 0. 0.
    3.5211267605633804e-03 3.5211267605633804e-03 1.4084507042253521e-02
    0. 0. 0. 7.0422535211267607e-03 7.0422535211267607e-03
    2.1126760563380281e-02 3.5211267605633804e-03 0. 0.
    3.5211267605633804e-03 0. 3.5211267605633804e-03
    3.5211267605633804e-03 0. 3.5211267605633804e-03
    7.0422535211267607e-03 3.5211267605633804e-03 3.5211267605633804e-03
    2.4647887323943660e-02 3.5211267605633804e-03 3.5211267605633804e-03
    0. 7.0422535211267607e-03 3.5211267605633804e-03
    1.4084507042253521e-02 1.4084507042253521e-02 0.
    3.5211267605633804e-03 0. 0. 3.5211267605633804e-03 0.
    3.5211267605633804e-03 0. 0. 0. 0. 3.5211267605633804e-03
    7.0422535211267607e-03 3.5211267605633804e-03 0. 0. 0.
    7.0422535211267607e-03 3.5211267605633804e-03 7.0422535211267607e-03
    3.5211267605633804e-03 0. 7.0422535211267607e-03 0. 0. 0.
    7.0422535211267607e-03 0. 0. 7.0422535211267607e-03 0.
    3.5211267605633804e-03 3.5211267605633804e-03 3.5211267605633804e-03
    0. 0. 1.4084507042253521e-02 0. 7.0422535211267607e-03 0. 0. 0. 0.
    0. 0. 7.0422535211267607e-03 0. 0. 0. 0. 0. 0. 0. 0. 0. 0. 0. 0. 0.
    3.5211267605633804e-03 3.5211267605633804e-03 3.5211267605633804e-03
    0. 0. 0. 0. 0. 3.5211267605633804e-03 0. 3.5211267605633804e-03 0.
    0. 0. 3.5211267605633804e-03 3.5211267605633804e-03 0. 0.
    3.5211267605633804e-03 3.5211267605633804e-03 0. 0.
    1.4084507042253521e-02 0. 3.5211267605633804e-03 0. 0. 0.
    7.0422535211267607e-03 3.5211267605633804e-03 0. 0. 0.
    3.5211267605633804e-03 3.5211267605633804e-03 0.
    3.5211267605633804e-03 0. 0. 0. 0. 0. 7.0422535211267607e-03 0. 0.
    0. 3.5211267605633804e-03 0. 0. 0. 0. 0. 0. 0. 0. 0.
    3.5211267605633804e-03 1.0563380281690141e-02 3.5211267605633804e-03
    0. 0. 0. 0. 0. 0. 0. 0. 0. 3.5211267605633804e-03 0. 0. 0. 0.
    3.5211267605633804e-03 0. 0. 0. 0. 0. 3.5211267605633804e-03 0. 0.
    0. 3.5211267605633804e-03 0. 0. 0.</data></headphones_on_stand>
</opencv_storage>
