<?xml version="1.0"?>
<opencv_storage>
<heater type_id="opencv-matrix">
  <rows>20</rows>
  <cols>20</cols>
  <dt>d</dt>
  <data>
    8.9995500224988748e-04 7.4996250187490628e-04 1.1999400029998500e-03
    9.7495125243737813e-04 1.7249137543122843e-03 1.6499175041247937e-03
    1.5749212539373032e-03 1.4999250037498126e-03 1.1999400029998500e-03
    8.2495875206239683e-04 3.7498125093745314e-04 1.7249137543122843e-03
    2.8498575071246438e-03 2.6998650067496625e-03 4.1997900104994747e-03
    3.5248237588120595e-03 2.9998500074996251e-03 2.9248537573121343e-03
    1.3499325033748313e-03 1.9499025048747563e-03 7.4996250187490628e-04
    8.2495875206239683e-04 1.2749362531873406e-03 6.7496625168741563e-04
    2.0998950052497373e-03 2.6248687565621721e-03 1.1999400029998500e-03
    2.6248687565621721e-03 1.1249437528123593e-03 8.9995500224988748e-04
    2.9998500074996249e-04 1.4249287535623219e-03 3.2998350082495873e-03
    3.3748312584370782e-03 3.5248237588120595e-03 2.6248687565621721e-03
    1.9499025048747563e-03 1.6499175041247937e-03 1.4999250037498126e-03
    1.6499175041247937e-03 1.0499475026248687e-03 1.4249287535623219e-03
    1.7249137543122843e-03 8.9995500224988748e-04 1.0499475026248687e-03
    1.8749062546872656e-03 1.8749062546872656e-03 1.8749062546872656e-03
    1.4249287535623219e-03 5.9997000149992498e-04 5.9997000149992498e-04
    1.7249137543122843e-03 3.7498125093745312e-03 2.6998650067496625e-03
    5.9247037648117598e-03 3.7498125093745312e-03 2.9998500074996251e-03
    1.7249137543122843e-03 2.5498725063746812e-03 2.0998950052497373e-03
    1.6499175041247937e-03 1.4249287535623219e-03 1.2749362531873406e-03
    1.7999100044997750e-03 1.7999100044997750e-03 2.5498725063746812e-03
    1.8749062546872656e-03 1.6499175041247937e-03 1.4999250037498126e-03
    5.9997000149992498e-04 5.2497375131243433e-04 2.0248987550622469e-03
    2.9998500074996251e-03 3.9748012599370034e-03 4.5747712614369286e-03
    3.5248237588120595e-03 3.1498425078746064e-03 7.5746212689365528e-03
    1.4999250037498126e-03 3.0748462576871156e-03 8.9995500224988748e-04
    8.9995500224988748e-04 9.7495125243737813e-04 1.6499175041247937e-03
    1.8749062546872656e-03 3.4498275086245686e-03 1.7249137543122843e-03
    1.4999250037498126e-03 1.1249437528123593e-03 8.2495875206239683e-04
    1.2749362531873406e-03 2.1748912554372282e-03 2.5498725063746812e-03
    2.9248537573121343e-03 4.1247937603119842e-03 3.8248087595620221e-03
    2.4748762561871908e-03 2.7748612569371530e-03 2.3248837558122095e-03
    3.1498425078746064e-03 1.4249287535623219e-03 2.3998800059996999e-03
    1.8749062546872656e-03 2.2498875056247186e-03 2.4748762561871908e-03
    2.4748762561871908e-03 2.4748762561871908e-03 1.2749362531873406e-03
    1.4249287535623219e-03 5.9997000149992498e-04 8.2495875206239683e-04
    2.6998650067496625e-03 3.3748312584370782e-03 4.1997900104994747e-03
    5.0247487625618720e-03 4.5747712614369286e-03 3.2998350082495873e-03
    3.5248237588120595e-03 2.4748762561871908e-03 3.3748312584370782e-03
    1.9499025048747563e-03 1.7249137543122843e-03 1.7999100044997750e-03
    2.6998650067496625e-03 2.1748912554372282e-03 3.3748312584370782e-03
    1.3499325033748313e-03 9.7495125243737813e-04 1.4249287535623219e-03
    1.4999250037498125e-04 4.4997750112494374e-04 2.1748912554372282e-03
    3.8248087595620221e-03 2.9248537573121343e-03 3.4498275086245686e-03
    4.7997600119993999e-03 2.9998500074996251e-03 3.8998050097495125e-03
    3.9748012599370034e-03 2.9998500074996251e-03 1.7999100044997750e-03
    1.0499475026248687e-03 2.1748912554372282e-03 1.9499025048747563e-03
    1.7249137543122843e-03 2.3248837558122095e-03 1.8749062546872656e-03
    1.7249137543122843e-03 2.0248987550622469e-03 4.4997750112494374e-04
    5.2497375131243433e-04 1.4999250037498126e-03 2.6998650067496625e-03
    3.8998050097495125e-03 4.1997900104994747e-03 4.6497675116244190e-03
    4.1247937603119842e-03 3.6748162591870408e-03 3.5248237588120595e-03
    3.1498425078746064e-03 1.5749212539373032e-03 1.4999250037498126e-03
    1.5749212539373032e-03 2.3998800059996999e-03 2.5498725063746812e-03
    2.3998800059996999e-03 1.4999250037498126e-03 2.0248987550622469e-03
    8.2495875206239683e-04 4.4997750112494374e-04 2.9998500074996249e-04
    1.0499475026248687e-03 4.4997750112494373e-03 4.5747712614369286e-03
    3.6748162591870408e-03 5.0247487625618720e-03 5.0247487625618720e-03
    5.0997450127493625e-03 3.7498125093745312e-03 3.5998200089995499e-03
    2.1748912554372282e-03 2.3248837558122095e-03 3.2998350082495873e-03
    2.8498575071246438e-03 2.5498725063746812e-03 1.6499175041247937e-03
    2.2498875056247186e-03 2.0248987550622469e-03 5.9997000149992498e-04
    7.4996250187490623e-05 0. 1.7249137543122843e-03
    3.4498275086245686e-03 5.3997300134993251e-03 4.2747862606869660e-03
    6.1496925153742311e-03 5.0247487625618720e-03 3.6748162591870408e-03
    4.1997900104994747e-03 5.3247337633118346e-03 2.4748762561871908e-03
    2.5498725063746812e-03 2.3248837558122095e-03 3.4498275086245686e-03
    4.0497975101244938e-03 3.7498125093745312e-03 2.8498575071246438e-03
    2.7748612569371530e-03 1.0499475026248687e-03 0.
    7.4996250187490623e-05 1.7249137543122843e-03 4.9497525123743816e-03
    5.3247337633118346e-03 5.5497225138743059e-03 8.2495875206239685e-03
    5.5497225138743059e-03 3.8248087595620221e-03 4.0497975101244938e-03
    4.5747712614369286e-03 1.7249137543122843e-03 1.9499025048747563e-03
    2.1748912554372282e-03 2.0248987550622469e-03 2.9998500074996251e-03
    2.6248687565621721e-03 1.7249137543122843e-03 1.8749062546872656e-03
    1.0499475026248687e-03 0. 7.4996250187490623e-05
    1.4249287535623219e-03 3.4498275086245686e-03 4.0497975101244938e-03
    4.1247937603119842e-03 4.7247637618119094e-03 5.6247187640617972e-03
    3.5998200089995499e-03 3.5248237588120595e-03 3.5248237588120595e-03
    2.9998500074996251e-03 2.7748612569371530e-03 3.5248237588120595e-03
    2.3998800059996999e-03 2.3248837558122095e-03 2.3248837558122095e-03
    2.2498875056247186e-03 1.4999250037498126e-03 6.7496625168741563e-04
    4.4997750112494374e-04 2.9998500074996249e-04 1.9499025048747563e-03
    3.6748162591870408e-03 3.2998350082495873e-03 4.8747562621868903e-03
    5.9247037648117598e-03 5.2497375131243442e-03 5.6997150142492877e-03
    5.1747412629368529e-03 4.7997600119993999e-03 2.2498875056247186e-03
    2.9248537573121343e-03 2.3998800059996999e-03 1.8749062546872656e-03
    2.3998800059996999e-03 1.9499025048747563e-03 1.2749362531873406e-03
    1.7249137543122843e-03 8.2495875206239683e-04 7.4996250187490628e-04
    3.7498125093745314e-04 2.2498875056247186e-03 4.5747712614369286e-03
    2.7748612569371530e-03 4.3497825108744564e-03 5.0247487625618720e-03
    3.8998050097495125e-03 4.3497825108744564e-03 3.4498275086245686e-03
    3.1498425078746064e-03 1.7999100044997750e-03 2.3248837558122095e-03
    2.5498725063746812e-03 2.2498875056247186e-03 2.0998950052497373e-03
    1.8749062546872656e-03 1.7249137543122843e-03 1.9499025048747563e-03
    1.7249137543122843e-03 1.0499475026248687e-03 5.2497375131243433e-04
    2.9998500074996251e-03 2.9998500074996251e-03 4.1247937603119842e-03
    5.6247187640617972e-03 4.5747712614369286e-03 4.9497525123743816e-03
    4.3497825108744564e-03 2.5498725063746812e-03 3.8248087595620221e-03
    1.7249137543122843e-03 1.4249287535623219e-03 1.2749362531873406e-03
    2.1748912554372282e-03 2.7748612569371530e-03 2.2498875056247186e-03
    2.2498875056247186e-03 1.4999250037498126e-03 1.1249437528123593e-03
    6.7496625168741563e-04 6.7496625168741563e-04 2.6998650067496625e-03
    4.7247637618119094e-03 3.8998050097495125e-03 5.0247487625618720e-03
    4.9497525123743816e-03 3.8248087595620221e-03 4.4997750112494373e-03
    3.5248237588120595e-03 3.2248387580620969e-03 1.4999250037498126e-03
    1.7999100044997750e-03 1.4249287535623219e-03 1.1999400029998500e-03
