<?xml version="1.0"?>
<opencv_storage>
<ipad type_id="opencv-matrix">
  <rows>20</rows>
  <cols>20</cols>
  <dt>d</dt>
  <data>
    0. 0. 0. 0. 5.6925996204933585e-03 1.8975332068311196e-03 0. 0.
    1.8975332068311196e-03 0. 3.7950664136622392e-03
    1.8975332068311196e-03 3.7950664136622392e-03 3.7950664136622392e-03
    1.8975332068311196e-03 1.8975332068311196e-03 0. 0.
    3.7950664136622392e-03 1.8975332068311196e-03 1.8975332068311196e-03
    0. 1.8975332068311196e-03 3.7950664136622392e-03
    1.8975332068311196e-03 1.8975332068311196e-03 0.
    5.6925996204933585e-03 3.7950664136622392e-03 0. 0.
    3.7950664136622392e-03 3.7950664136622392e-03 0.
    1.8975332068311196e-03 1.8975332068311196e-03 3.7950664136622392e-03
    1.8975332068311196e-03 1.8975332068311196e-03 0. 0.
    1.8975332068311196e-03 1.8975332068311196e-03 1.8975332068311196e-03
    0. 0. 0. 1.8975332068311196e-03 5.6925996204933585e-03 0.
    5.6925996204933585e-03 0. 3.7950664136622392e-03
    1.8975332068311196e-03 3.7950664136622392e-03 1.8975332068311196e-03
    0. 1.8975332068311196e-03 1.8975332068311196e-03
    3.7950664136622392e-03 0. 0. 0. 1.8975332068311196e-03
    3.7950664136622392e-03 1.8975332068311196e-03 0.
    1.8975332068311196e-03 3.7950664136622392e-03 1.8975332068311196e-03
    3.7950664136622392e-03 1.8975332068311196e-03 1.8975332068311196e-03
    0. 1.8975332068311196e-03 0. 1.8975332068311196e-03 0.
    1.8975332068311196e-03 0. 1.8975332068311196e-03 0. 0. 0. 0.
    1.8975332068311196e-03 3.7950664136622392e-03 7.5901328273244783e-03
    3.7950664136622392e-03 3.7950664136622392e-03 1.8975332068311196e-03
    0. 1.8975332068311196e-03 5.6925996204933585e-03 0.
    1.8975332068311196e-03 1.8975332068311196e-03 0. 0. 0.
    1.8975332068311196e-03 0. 3.7950664136622392e-03
    1.8975332068311196e-03 3.7950664136622392e-03 3.7950664136622392e-03
    1.8975332068311196e-03 0. 5.6925996204933585e-03 0. 0.
    9.4876660341555973e-03 0. 1.8975332068311196e-03 0.
    1.8975332068311196e-03 3.7950664136622392e-03 0.
    1.8975332068311196e-03 0. 0. 1.8975332068311196e-03 0.
    1.8975332068311196e-03 1.8975332068311196e-03 3.7950664136622392e-03
    5.6925996204933585e-03 3.7950664136622392e-03 1.8975332068311196e-03
    3.7950664136622392e-03 3.7950664136622392e-03 5.6925996204933585e-03
    0. 5.6925996204933585e-03 1.8975332068311196e-03
    1.8975332068311196e-03 1.8975332068311196e-03 3.7950664136622392e-03
    0. 7.5901328273244783e-03 1.8975332068311196e-03 0.
    1.8975332068311196e-03 1.8975332068311196e-03 0.
    3.7950664136622392e-03 7.5901328273244783e-03 1.1385199240986717e-02
    9.4876660341555973e-03 1.8975332068311196e-03 3.7950664136622392e-03
    3.7950664136622392e-03 1.8975332068311196e-03 1.3282732447817837e-02
    1.8975332068311196e-03 1.8975332068311196e-03 3.7950664136622392e-03
    0. 1.8975332068311196e-03 0. 1.8975332068311196e-03
    1.8975332068311196e-03 5.6925996204933585e-03 5.6925996204933585e-03
    3.7950664136622392e-03 1.8975332068311196e-03 1.1385199240986717e-02
    1.8975332068311196e-03 3.7950664136622392e-03 5.6925996204933585e-03
    0. 9.4876660341555973e-03 1.3282732447817837e-02
    5.6925996204933585e-03 3.7950664136622392e-03 0.
    1.8975332068311196e-03 5.6925996204933585e-03 0. 0.
    1.8975332068311196e-03 1.8975332068311196e-03 0.
    3.7950664136622392e-03 3.7950664136622392e-03 3.7950664136622392e-03
    3.7950664136622392e-03 1.8975332068311196e-03 5.6925996204933585e-03
    1.8975332068311196e-03 1.8975332068311196e-03 9.4876660341555973e-03
    9.4876660341555973e-03 7.5901328273244783e-03 1.8975332068311196e-03
    1.8975332068311196e-03 1.8975332068311196e-03 3.7950664136622392e-03
    0. 3.7950664136622392e-03 1.8975332068311196e-03
    3.7950664136622392e-03 1.8975332068311196e-03 5.6925996204933585e-03
    7.5901328273244783e-03 1.8975332068311196e-03 1.5180265654648957e-02
    5.6925996204933585e-03 5.6925996204933585e-03 7.5901328273244783e-03
    0. 1.8975332068311196e-03 7.5901328273244783e-03
    5.6925996204933585e-03 3.7950664136622392e-03 0.
    1.8975332068311196e-03 5.6925996204933585e-03 1.8975332068311196e-03
    7.5901328273244783e-03 0. 0. 1.8975332068311196e-03
    3.7950664136622392e-03 0. 7.5901328273244783e-03
    1.8975332068311196e-03 1.3282732447817837e-02 5.6925996204933585e-03
    1.8975332068311196e-03 1.1385199240986717e-02 7.5901328273244783e-03
    1.1385199240986717e-02 9.4876660341555973e-03 5.6925996204933585e-03
    5.6925996204933585e-03 5.6925996204933585e-03 3.7950664136622392e-03
    1.8975332068311196e-03 0. 1.8975332068311196e-03 0.
    1.8975332068311196e-03 0. 1.8975332068311196e-03
    3.7950664136622392e-03 7.5901328273244783e-03 7.5901328273244783e-03
    5.6925996204933585e-03 5.6925996204933585e-03 5.6925996204933585e-03
    7.5901328273244783e-03 7.5901328273244783e-03 1.8975332068311196e-03
    5.6925996204933585e-03 3.7950664136622392e-03 3.7950664136622392e-03
    3.7950664136622392e-03 3.7950664136622392e-03 3.7950664136622392e-03
    0. 0. 1.8975332068311196e-03 7.5901328273244783e-03
    1.8975332068311196e-03 3.7950664136622392e-03 1.8975332068311196e-03
    1.8975332068311196e-03 1.8975332068311196e-03 5.6925996204933585e-03
    5.6925996204933585e-03 0. 3.7950664136622392e-03
    3.7950664136622392e-03 1.8975332068311196e-03 5.6925996204933585e-03
    1.8975332068311196e-03 1.8975332068311196e-03 0.
    5.6925996204933585e-03 1.8975332068311196e-03 0. 0. 0.
    1.8975332068311196e-03 3.7950664136622392e-03 1.8975332068311196e-03
    0. 1.8975332068311196e-03 5.6925996204933585e-03
    1.8975332068311196e-03 1.8975332068311196e-03 3.7950664136622392e-03
    3.7950664136622392e-03 5.6925996204933585e-03 3.7950664136622392e-03
    1.8975332068311196e-03 0. 0. 0. 0. 0. 0. 0. 1.8975332068311196e-03
    0. 3.7950664136622392e-03 0. 1.8975332068311196e-03
    1.8975332068311196e-03 3.7950664136622392e-03 0.
    1.8975332068311196e-03 3.7950664136622392e-03 1.8975332068311196e-03
    1.8975332068311196e-03 0. 1.8975332068311196e-03
    5.6925996204933585e-03 0. 1.8975332068311196e-03 0. 0.
    1.8975332068311196e-03 3.7950664136622392e-03 1.8975332068311196e-03
    3.7950664136622392e-03 1.8975332068311196e-03 5.6925996204933585e-03
    1.8975332068311196e-03 3.7950664136622392e-03 1.8975332068311196e-03
    1.8975332068311196e-03 1.8975332068311196e-03 3.7950664136622392e-03
    1.8975332068311196e-03 0. 0. 0. 1.8975332068311196e-03
    1.8975332068311196e-03 1.8975332068311196e-03 0.
    1.8975332068311196e-03 7.5901328273244783e-03 0.
    1.8975332068311196e-03 1.8975332068311196e-03 1.8975332068311196e-03
    0. 1.8975332068311196e-03 3.7950664136622392e-03 0.
    1.8975332068311196e-03 1.8975332068311196e-03 0. 0. 0.
    1.8975332068311196e-03 0. 0. 0. 0. 1.8975332068311196e-03 0. 0.
    3.7950664136622392e-03 0. 0. 0. 0. 0. 1.8975332068311196e-03 0.
    1.8975332068311196e-03 0. 0. 1.8975332068311196e-03 0. 0. 0. 0.
    1.8975332068311196e-03 0. 3.7950664136622392e-03 0.
    1.8975332068311196e-03 1.8975332068311196e-03 0. 0. 0. 0. 0. 0.
    3.7950664136622392e-03 1.8975332068311196e-03 0. 0.
    1.8975332068311196e-03 0.</data></ipad>
</opencv_storage>
