<?xml version="1.0"?>
<opencv_storage>
<iron type_id="opencv-matrix">
  <rows>20</rows>
  <cols>20</cols>
  <dt>d</dt>
  <data>
    9.1827364554637281e-04 6.4279155188246093e-03 9.1827364554637281e-04
    4.5913682277318639e-03 2.7548209366391185e-03 9.1827364554637281e-04
    0. 0. 9.1827364554637281e-04 9.1827364554637281e-04
    4.5913682277318639e-03 3.6730945821854912e-03 2.7548209366391185e-03
    2.7548209366391185e-03 1.8365472910927456e-03 5.5096418732782371e-03
    9.1827364554637281e-04 1.8365472910927456e-03 4.5913682277318639e-03
    0. 1.8365472910927456e-03 2.7548209366391185e-03 0.
    9.1827364554637281e-04 0. 0. 9.1827364554637281e-04
    2.7548209366391185e-03 2.7548209366391185e-03 6.4279155188246093e-03
    3.6730945821854912e-03 1.8365472910927456e-03 2.7548209366391185e-03
    1.8365472910927456e-03 3.6730945821854912e-03 9.1827364554637281e-04
    9.1827364554637281e-04 4.5913682277318639e-03 1.8365472910927456e-03
    1.8365472910927456e-03 2.7548209366391185e-03 1.8365472910927456e-03
    9.1827364554637281e-04 3.6730945821854912e-03 9.1827364554637281e-04
    9.1827364554637281e-04 3.6730945821854912e-03 4.5913682277318639e-03
    2.7548209366391185e-03 3.6730945821854912e-03 6.4279155188246093e-03
    5.5096418732782371e-03 9.1827364554637281e-04 3.6730945821854912e-03
    0. 0. 3.6730945821854912e-03 1.8365472910927456e-03
    2.7548209366391185e-03 1.8365472910927456e-03 9.1827364554637281e-04
    9.1827364554637281e-04 1.8365472910927456e-03 0.
    9.1827364554637281e-04 9.1827364554637281e-04 2.7548209366391185e-03
    3.6730945821854912e-03 1.8365472910927456e-03 2.7548209366391185e-03
    5.5096418732782371e-03 9.1827364554637281e-04 2.7548209366391185e-03
    2.7548209366391185e-03 1.8365472910927456e-03 2.7548209366391185e-03
    0. 9.1827364554637281e-04 4.5913682277318639e-03 0.
    4.5913682277318639e-03 1.8365472910927456e-03 1.8365472910927456e-03
    3.6730945821854912e-03 3.6730945821854912e-03 0.
    2.7548209366391185e-03 9.1827364554637281e-04 1.8365472910927456e-03
    1.8365472910927456e-03 9.1827364554637281e-04 2.7548209366391185e-03
    9.1827364554637281e-04 1.8365472910927456e-03 1.8365472910927456e-03
    2.7548209366391185e-03 9.1827364554637281e-04 1.8365472910927456e-03
    2.7548209366391185e-03 2.7548209366391185e-03 3.6730945821854912e-03
    2.7548209366391185e-03 1.8365472910927456e-03 9.1827364554637281e-04
    3.6730945821854912e-03 9.1827364554637281e-04 2.7548209366391185e-03
    9.1827364554637281e-04 9.1827364554637281e-04 9.1827364554637281e-04
    0. 1.8365472910927456e-03 2.7548209366391185e-03
    4.5913682277318639e-03 2.7548209366391185e-03 1.8365472910927456e-03
    0. 1.8365472910927456e-03 1.8365472910927456e-03
    4.5913682277318639e-03 3.6730945821854912e-03 9.1827364554637281e-04
    1.8365472910927456e-03 4.5913682277318639e-03 1.8365472910927456e-03
    9.1827364554637281e-04 0. 2.7548209366391185e-03
    1.8365472910927456e-03 4.5913682277318639e-03 1.8365472910927456e-03
    9.1827364554637281e-04 8.2644628099173556e-03 0.
    3.6730945821854912e-03 5.5096418732782371e-03 5.5096418732782371e-03
    4.5913682277318639e-03 8.2644628099173556e-03 3.6730945821854912e-03
    5.5096418732782371e-03 1.8365472910927456e-03 2.7548209366391185e-03
    6.4279155188246093e-03 6.4279155188246093e-03 1.8365472910927456e-03
    3.6730945821854912e-03 1.8365472910927456e-03 2.7548209366391185e-03
    2.7548209366391185e-03 7.3461891643709825e-03 9.1827364554637279e-03
    4.5913682277318639e-03 3.6730945821854912e-03 3.6730945821854912e-03
    0. 3.6730945821854912e-03 9.1827364554637281e-04
    1.8365472910927456e-03 2.7548209366391185e-03 3.6730945821854912e-03
    9.1827364554637281e-04 2.7548209366391185e-03 9.1827364554637281e-04
    1.8365472910927456e-03 0. 2.7548209366391185e-03 0.
    1.8365472910927456e-03 1.8365472910927456e-03 5.5096418732782371e-03
    3.6730945821854912e-03 1.8365472910927456e-03 6.4279155188246093e-03
    2.7548209366391185e-03 2.7548209366391185e-03 0.
    2.7548209366391185e-03 5.5096418732782371e-03 9.1827364554637279e-03
    1.8365472910927456e-03 1.8365472910927456e-03 0.
    9.1827364554637281e-04 0. 1.8365472910927456e-03 0.
    3.6730945821854912e-03 4.5913682277318639e-03 0. 0. 0.
    1.8365472910927456e-03 0. 1.8365472910927456e-03
    1.8365472910927456e-03 9.1827364554637281e-04 5.5096418732782371e-03
    3.6730945821854912e-03 7.3461891643709825e-03 6.4279155188246093e-03
    5.5096418732782371e-03 1.8365472910927456e-03 6.4279155188246093e-03
    1.8365472910927456e-03 3.6730945821854912e-03 9.1827364554637281e-04
    5.5096418732782371e-03 9.1827364554637281e-04 9.1827364554637281e-04
    2.7548209366391185e-03 9.1827364554637281e-04 9.1827364554637279e-03
    9.1827364554637281e-04 9.1827364554637281e-04 1.8365472910927456e-03
    3.6730945821854912e-03 4.5913682277318639e-03 1.8365472910927456e-03
    2.7548209366391185e-03 6.4279155188246093e-03 2.7548209366391185e-03
    1.8365472910927456e-03 6.4279155188246093e-03 9.1827364554637281e-04
    9.1827364554637281e-04 3.6730945821854912e-03 1.8365472910927456e-03
    0. 3.6730945821854912e-03 0. 9.1827364554637281e-04
    3.6730945821854912e-03 9.1827364554637281e-04 1.8365472910927456e-03
    9.1827364554637281e-04 9.1827364554637281e-04 6.4279155188246093e-03
    3.6730945821854912e-03 2.7548209366391185e-03 1.0101010101010102e-02
    4.5913682277318639e-03 4.5913682277318639e-03 3.6730945821854912e-03
    1.8365472910927456e-03 2.7548209366391185e-03 1.8365472910927456e-03
    2.7548209366391185e-03 2.7548209366391185e-03 2.7548209366391185e-03
    3.6730945821854912e-03 4.5913682277318639e-03 2.7548209366391185e-03
    9.1827364554637281e-04 0. 9.1827364554637281e-04
    9.1827364554637281e-04 1.8365472910927456e-03 4.5913682277318639e-03
    9.1827364554637281e-04 0. 1.8365472910927456e-03
    4.5913682277318639e-03 2.7548209366391185e-03 6.4279155188246093e-03
    2.7548209366391185e-03 2.7548209366391185e-03 4.5913682277318639e-03
    4.5913682277318639e-03 9.1827364554637281e-04 3.6730945821854912e-03
    1.8365472910927456e-03 8.2644628099173556e-03 2.7548209366391185e-03
    9.1827364554637281e-04 1.8365472910927456e-03 1.8365472910927456e-03
    9.1827364554637281e-04 3.6730945821854912e-03 3.6730945821854912e-03
    6.4279155188246093e-03 3.6730945821854912e-03 2.7548209366391185e-03
    2.7548209366391185e-03 9.1827364554637281e-04 1.8365472910927456e-03
    2.7548209366391185e-03 1.8365472910927456e-03 9.1827364554637281e-04
    1.8365472910927456e-03 0. 9.1827364554637281e-04
    5.5096418732782371e-03 1.8365472910927456e-03 1.8365472910927456e-03
    4.5913682277318639e-03 2.7548209366391185e-03 0.
    3.6730945821854912e-03 1.8365472910927456e-03 2.7548209366391185e-03
    9.1827364554637281e-04 3.6730945821854912e-03 0.
    9.1827364554637281e-04 0. 2.7548209366391185e-03
    2.7548209366391185e-03 1.8365472910927456e-03 1.8365472910927456e-03
    9.1827364554637281e-04 9.1827364554637281e-04 9.1827364554637281e-04
    3.6730945821854912e-03 1.8365472910927456e-03 2.7548209366391185e-03
    0. 9.1827364554637281e-04 7.3461891643709825e-03
    1.8365472910927456e-03 9.1827364554637281e-04 9.1827364554637281e-04
    0. 9.1827364554637281e-04 3.6730945821854912e-03
    1.8365472910927456e-03 9.1827364554637281e-04 9.1827364554637281e-04
    0. 9.1827364554637281e-04 9.1827364554637281e-04
    7.3461891643709825e-03 2.7548209366391185e-03 1.8365472910927456e-03
    9.1827364554637281e-04 3.6730945821854912e-03 2.7548209366391185e-03
    9.1827364554637281e-04 2.7548209366391185e-03 1.8365472910927456e-03
    4.5913682277318639e-03 3.6730945821854912e-03 2.7548209366391185e-03
    4.5913682277318639e-03 2.7548209366391185e-03 1.8365472910927456e-03
    0. 9.1827364554637281e-04 9.1827364554637281e-04
    4.5913682277318639e-03 1.8365472910927456e-03 0.
    3.6730945821854912e-03 9.1827364554637281e-04 4.5913682277318639e-03
