<?xml version="1.0"?>
<opencv_storage>
<ironing_board type_id="opencv-matrix">
  <rows>20</rows>
  <cols>20</cols>
  <dt>d</dt>
  <data>
    8.7489063867016625e-04 2.6246719160104987e-03 2.6246719160104987e-03
    2.6246719160104987e-03 4.3744531933508314e-03 1.7497812773403325e-03
    1.7497812773403325e-03 8.7489063867016625e-04 4.3744531933508314e-03
    3.4995625546806650e-03 1.7497812773403325e-03 2.6246719160104987e-03
    5.2493438320209973e-03 8.7489063867016625e-04 1.7497812773403325e-03
    1.7497812773403325e-03 1.7497812773403325e-03 8.7489063867016625e-04
    8.7489063867016625e-04 0. 3.4995625546806650e-03
    1.7497812773403325e-03 8.7489063867016625e-04 8.7489063867016625e-04
    1.7497812773403325e-03 1.7497812773403325e-03 6.1242344706911632e-03
    8.7489063867016625e-04 8.7489063867016625e-04 1.7497812773403325e-03
    2.6246719160104987e-03 3.4995625546806650e-03 3.4995625546806650e-03
    1.7497812773403325e-03 1.7497812773403325e-03 1.7497812773403325e-03
    1.7497812773403325e-03 8.7489063867016625e-04 6.1242344706911632e-03
    2.6246719160104987e-03 8.7489063867016625e-04 8.7489063867016625e-04
    0. 6.9991251093613300e-03 2.6246719160104987e-03
    1.7497812773403325e-03 2.6246719160104987e-03 1.7497812773403325e-03
    2.6246719160104987e-03 1.7497812773403325e-03 3.4995625546806650e-03
    1.7497812773403325e-03 1.7497812773403325e-03 1.7497812773403325e-03
    2.6246719160104987e-03 1.7497812773403325e-03 3.4995625546806650e-03
    0. 1.7497812773403325e-03 3.4995625546806650e-03
    3.4995625546806650e-03 2.6246719160104987e-03 8.7489063867016625e-04
    8.7489063867016625e-04 2.6246719160104987e-03 8.7489063867016625e-04
    2.6246719160104987e-03 1.7497812773403325e-03 8.7489063867016625e-04
    5.2493438320209973e-03 3.4995625546806650e-03 8.7489063867016625e-04
    2.6246719160104987e-03 8.7489063867016625e-04 0.
    2.6246719160104987e-03 4.3744531933508314e-03 1.7497812773403325e-03
    8.7489063867016625e-04 3.4995625546806650e-03 0.
    5.2493438320209973e-03 2.6246719160104987e-03 3.4995625546806650e-03
    2.6246719160104987e-03 0. 0. 0. 8.7489063867016625e-04
    1.7497812773403325e-03 2.6246719160104987e-03 0.
    1.7497812773403325e-03 1.7497812773403325e-03 0.
    8.7489063867016625e-04 0. 2.6246719160104987e-03
    1.7497812773403325e-03 8.7489063867016625e-04 8.7489063867016625e-04
    8.7489063867016625e-04 1.7497812773403325e-03 3.4995625546806650e-03
    8.7489063867016625e-04 0. 8.7489063867016625e-04 0. 0. 0.
    8.7489063867016625e-04 8.7489063867016625e-04 1.7497812773403325e-03
    8.7489063867016625e-04 3.4995625546806650e-03 8.7489063867016625e-04
    6.9991251093613300e-03 5.2493438320209973e-03 4.3744531933508314e-03
    3.4995625546806650e-03 1.7497812773403325e-03 1.7497812773403325e-03
    3.4995625546806650e-03 8.7489063867016625e-04 2.6246719160104987e-03
    8.7489063867016625e-04 0. 8.7489063867016625e-04 0.
    8.7489063867016625e-04 8.7489063867016625e-04 8.7489063867016625e-04
    8.7489063867016625e-04 0. 1.7497812773403325e-03
    1.7497812773403325e-03 8.7489063867016625e-04 2.6246719160104987e-03
    3.4995625546806650e-03 2.6246719160104987e-03 2.6246719160104987e-03
    1.7497812773403325e-03 1.7497812773403325e-03 3.4995625546806650e-03
    8.7489063867016625e-04 1.7497812773403325e-03 0.
    8.7489063867016625e-04 0. 3.4995625546806650e-03
    8.7489063867016625e-04 0. 6.9991251093613300e-03
    1.7497812773403325e-03 1.7497812773403325e-03 1.7497812773403325e-03
    6.1242344706911632e-03 4.3744531933508314e-03 1.7497812773403325e-03
    4.3744531933508314e-03 7.8740157480314960e-03 6.1242344706911632e-03
    1.7497812773403325e-03 2.6246719160104987e-03 8.7489063867016625e-04
    1.7497812773403325e-03 3.4995625546806650e-03 1.7497812773403325e-03
    1.7497812773403325e-03 0. 0. 1.7497812773403325e-03
    5.2493438320209973e-03 8.7489063867016625e-04 2.6246719160104987e-03
    1.7497812773403325e-03 3.4995625546806650e-03 7.8740157480314960e-03
    6.9991251093613300e-03 6.9991251093613300e-03 6.9991251093613300e-03
    5.2493438320209973e-03 6.1242344706911632e-03 1.7497812773403325e-03
    2.6246719160104987e-03 5.2493438320209973e-03 2.6246719160104987e-03
    1.8372703412073491e-02 6.1242344706911632e-03 1.7497812773403325e-03
    1.7497812773403325e-03 4.3744531933508314e-03 1.6622922134733157e-02
    1.7497812773403325e-03 1.7497812773403325e-03 6.9991251093613300e-03
    1.0498687664041995e-02 8.7489063867016625e-04 6.9991251093613300e-03
    2.6246719160104987e-03 5.2493438320209973e-03 4.3744531933508314e-03
    6.9991251093613300e-03 5.2493438320209973e-03 5.2493438320209973e-03
    0. 4.3744531933508314e-03 1.0498687664041995e-02
    3.4995625546806650e-03 8.7489063867016625e-04 0.
    8.7489063867016625e-04 1.1373578302712161e-02 3.4995625546806650e-03
    8.7489063867016625e-04 2.6246719160104987e-03 5.2493438320209973e-03
    2.6246719160104987e-03 6.1242344706911632e-03 6.1242344706911632e-03
    6.9991251093613300e-03 4.3744531933508314e-03 6.1242344706911632e-03
    5.2493438320209973e-03 6.1242344706911632e-03 3.4995625546806650e-03
    0. 4.3744531933508314e-03 8.7489063867016625e-04 0.
    1.7497812773403325e-03 8.7489063867016625e-04 8.7489063867016625e-04
    8.7489063867016625e-04 8.7489063867016625e-04 6.9991251093613300e-03
    2.6246719160104987e-03 2.6246719160104987e-03 6.1242344706911632e-03
    5.2493438320209973e-03 4.3744531933508314e-03 6.9991251093613300e-03
    8.7489063867016625e-04 8.7489063867016625e-04 3.4995625546806650e-03
    0. 0. 0. 8.7489063867016625e-04 0. 1.7497812773403325e-03 0.
    8.7489063867016625e-04 8.7489063867016625e-04 8.7489063867016625e-04
    2.6246719160104987e-03 1.7497812773403325e-03 1.7497812773403325e-03
    3.4995625546806650e-03 0. 8.7489063867016625e-04
    2.6246719160104987e-03 8.7489063867016625e-04 8.7489063867016625e-04
    0. 2.6246719160104987e-03 2.6246719160104987e-03 0.
    8.7489063867016625e-04 0. 0. 8.7489063867016625e-04 0.
    2.6246719160104987e-03 1.7497812773403325e-03 8.7489063867016625e-04
    0. 1.7497812773403325e-03 1.7497812773403325e-03
    2.6246719160104987e-03 3.4995625546806650e-03 3.4995625546806650e-03
    2.6246719160104987e-03 5.2493438320209973e-03 1.7497812773403325e-03
    1.7497812773403325e-03 2.6246719160104987e-03 1.7497812773403325e-03
    1.7497812773403325e-03 2.6246719160104987e-03 1.7497812773403325e-03
    0. 2.6246719160104987e-03 2.6246719160104987e-03
    8.7489063867016625e-04 8.7489063867016625e-04 8.7489063867016625e-04
    2.6246719160104987e-03 2.6246719160104987e-03 2.6246719160104987e-03
    3.4995625546806650e-03 1.7497812773403325e-03 4.3744531933508314e-03
    0. 1.7497812773403325e-03 1.7497812773403325e-03
    8.7489063867016625e-04 1.7497812773403325e-03 2.6246719160104987e-03
    0. 5.2493438320209973e-03 8.7489063867016625e-04
    1.7497812773403325e-03 8.7489063867016625e-04 1.7497812773403325e-03
    1.7497812773403325e-03 5.2493438320209973e-03 8.7489063867016625e-04
    2.6246719160104987e-03 8.7489063867016625e-04 4.3744531933508314e-03
    3.4995625546806650e-03 3.4995625546806650e-03 2.6246719160104987e-03
    8.7489063867016625e-04 2.6246719160104987e-03 4.3744531933508314e-03
    2.6246719160104987e-03 8.7489063867016625e-04 3.4995625546806650e-03
    5.2493438320209973e-03 1.7497812773403325e-03 1.7497812773403325e-03
    4.3744531933508314e-03 5.2493438320209973e-03 8.7489063867016625e-04
    3.4995625546806650e-03 1.7497812773403325e-03 3.4995625546806650e-03
    2.6246719160104987e-03 5.2493438320209973e-03 8.7489063867016625e-04
    6.1242344706911632e-03 0. 1.7497812773403325e-03
    1.7497812773403325e-03 3.4995625546806650e-03 4.3744531933508314e-03
    3.4995625546806650e-03 2.6246719160104987e-03 4.3744531933508314e-03
    2.6246719160104987e-03 5.2493438320209973e-03 5.2493438320209973e-03
    8.7489063867016625e-04 3.4995625546806650e-03 2.6246719160104987e-03
