<?xml version="1.0"?>
<opencv_storage>
<jug type_id="opencv-matrix">
  <rows>20</rows>
  <cols>20</cols>
  <dt>d</dt>
  <data>
    0. 0. 0. 0. 0. 2.1786492374727671e-03 2.1786492374727671e-03
    2.1786492374727671e-03 4.3572984749455342e-03 2.1786492374727671e-03
    0. 0. 0. 0. 0. 4.3572984749455342e-03 0. 0. 0. 0. 0. 0. 0.
    2.1786492374727671e-03 2.1786492374727671e-03 0. 0.
    4.3572984749455342e-03 2.1786492374727671e-03 4.3572984749455342e-03
    6.5359477124183009e-03 0. 0. 4.3572984749455342e-03
    2.1786492374727671e-03 2.1786492374727671e-03 0. 0. 0.
    2.1786492374727671e-03 0. 2.1786492374727671e-03 0. 0. 0. 0. 0. 0.
    0. 0. 0. 0. 0. 0. 0. 0. 0. 0. 0. 2.1786492374727671e-03 0. 0.
    2.1786492374727671e-03 2.1786492374727671e-03 0. 0. 0.
    8.7145969498910684e-03 0. 2.1786492374727671e-03
    4.3572984749455342e-03 0. 2.1786492374727671e-03 0.
    2.1786492374727671e-03 4.3572984749455342e-03 0.
    2.1786492374727671e-03 2.1786492374727671e-03 0.
    2.1786492374727671e-03 0. 0. 0. 4.3572984749455342e-03
    2.1786492374727671e-03 2.1786492374727671e-03 2.1786492374727671e-03
    2.1786492374727671e-03 2.1786492374727671e-03 4.3572984749455342e-03
    2.1786492374727671e-03 2.1786492374727671e-03 0.
    2.1786492374727671e-03 0. 0. 0. 0. 0. 0. 2.1786492374727671e-03 0.
    0. 4.3572984749455342e-03 4.3572984749455342e-03 0.
    4.3572984749455342e-03 4.3572984749455342e-03 2.1786492374727671e-03
    4.3572984749455342e-03 0. 4.3572984749455342e-03
    4.3572984749455342e-03 0. 4.3572984749455342e-03 0.
    4.3572984749455342e-03 0. 0. 0. 2.1786492374727671e-03 0.
    2.1786492374727671e-03 2.1786492374727671e-03 0.
    8.7145969498910684e-03 6.5359477124183009e-03 6.5359477124183009e-03
    6.5359477124183009e-03 8.7145969498910684e-03 6.5359477124183009e-03
    6.5359477124183009e-03 8.7145969498910684e-03 6.5359477124183009e-03
    8.7145969498910684e-03 2.1786492374727671e-03 2.1786492374727671e-03
    2.1786492374727671e-03 2.1786492374727671e-03 0. 0.
    2.1786492374727671e-03 4.3572984749455342e-03 6.5359477124183009e-03
    0. 2.1786492374727671e-03 6.5359477124183009e-03
    6.5359477124183009e-03 4.3572984749455342e-03 2.1786492374727671e-03
    1.3071895424836602e-02 8.7145969498910684e-03 6.5359477124183009e-03
    8.7145969498910684e-03 0. 0. 0. 0. 0. 0. 0. 0.
    2.1786492374727671e-03 4.3572984749455342e-03 4.3572984749455342e-03
    1.3071895424836602e-02 1.3071895424836602e-02 1.0893246187363835e-02
    4.3572984749455342e-03 6.5359477124183009e-03 4.3572984749455342e-03
    6.5359477124183009e-03 1.3071895424836602e-02 2.1786492374727671e-03
    6.5359477124183009e-03 0. 2.1786492374727671e-03
    2.1786492374727671e-03 0. 0. 0. 2.1786492374727671e-03
    4.3572984749455342e-03 0. 8.7145969498910684e-03
    4.3572984749455342e-03 1.0893246187363835e-02 6.5359477124183009e-03
    0. 2.1786492374727671e-03 2.1786492374727671e-03
    6.5359477124183009e-03 1.0893246187363835e-02 0. 0. 0.
    2.1786492374727671e-03 2.1786492374727671e-03 2.1786492374727671e-03
    0. 0. 4.3572984749455342e-03 2.1786492374727671e-03
    6.5359477124183009e-03 6.5359477124183009e-03 1.3071895424836602e-02
    8.7145969498910684e-03 6.5359477124183009e-03 2.1786492374727671e-03
    0. 4.3572984749455342e-03 1.0893246187363835e-02
    4.3572984749455342e-03 2.1786492374727671e-03 0.
    4.3572984749455342e-03 4.3572984749455342e-03 2.1786492374727671e-03
    0. 0. 2.1786492374727671e-03 2.1786492374727671e-03 0. 0.
    2.1786492374727671e-03 1.5250544662309368e-02 6.5359477124183009e-03
    6.5359477124183009e-03 2.1786492374727671e-03 2.1786492374727671e-03
    6.5359477124183009e-03 1.0893246187363835e-02 1.0893246187363835e-02
    0. 2.1786492374727671e-03 4.3572984749455342e-03
    2.1786492374727671e-03 0. 0. 0. 0. 0. 2.1786492374727671e-03
    4.3572984749455342e-03 2.1786492374727671e-03 4.3572984749455342e-03
    6.5359477124183009e-03 1.0893246187363835e-02 2.1786492374727671e-03
    8.7145969498910684e-03 8.7145969498910684e-03 6.5359477124183009e-03
    1.0893246187363835e-02 6.5359477124183009e-03 6.5359477124183009e-03
    2.1786492374727671e-03 2.1786492374727671e-03 0.
    2.1786492374727671e-03 0. 0. 0. 2.1786492374727671e-03
    6.5359477124183009e-03 2.1786492374727671e-03 1.0893246187363835e-02
    6.5359477124183009e-03 6.5359477124183009e-03 1.5250544662309368e-02
    1.0893246187363835e-02 1.3071895424836602e-02 8.7145969498910684e-03
    1.0893246187363835e-02 8.7145969498910684e-03 0. 0.
    2.1786492374727671e-03 0. 0. 0. 0. 2.1786492374727671e-03
    2.1786492374727671e-03 2.1786492374727671e-03 0.
    1.3071895424836602e-02 2.1786492374727671e-03 1.3071895424836602e-02
    6.5359477124183009e-03 6.5359477124183009e-03 8.7145969498910684e-03
    2.1786492374727671e-03 0. 6.5359477124183009e-03
    2.1786492374727671e-03 0. 0. 0. 0. 0. 0. 0. 0. 0.
    4.3572984749455342e-03 0. 2.1786492374727671e-03
    6.5359477124183009e-03 0. 2.1786492374727671e-03
    4.3572984749455342e-03 6.5359477124183009e-03 0. 0.
    2.1786492374727671e-03 0. 2.1786492374727671e-03 0.
    2.1786492374727671e-03 0. 0. 2.1786492374727671e-03
    2.1786492374727671e-03 2.1786492374727671e-03 0.
    2.1786492374727671e-03 2.1786492374727671e-03 4.3572984749455342e-03
    2.1786492374727671e-03 4.3572984749455342e-03 2.1786492374727671e-03
    2.1786492374727671e-03 0. 2.1786492374727671e-03 0. 0.
    2.1786492374727671e-03 0. 2.1786492374727671e-03 0. 0. 0. 0. 0. 0.
    4.3572984749455342e-03 2.1786492374727671e-03 0. 0. 0. 0. 0.
    2.1786492374727671e-03 0. 2.1786492374727671e-03 0. 0. 0. 0. 0. 0.
    2.1786492374727671e-03 0. 2.1786492374727671e-03 0. 0. 0.
    2.1786492374727671e-03 0. 0. 0. 2.1786492374727671e-03 0. 0. 0. 0.
    0. 0. 0. 0. 0. 2.1786492374727671e-03 0. 0. 2.1786492374727671e-03
    4.3572984749455342e-03 0. 0. 2.1786492374727671e-03 0. 0. 0. 0.
    2.1786492374727671e-03 0. 2.1786492374727671e-03 0. 0. 0.</data></jug>
</opencv_storage>
