<?xml version="1.0"?>
<opencv_storage>
<kettle type_id="opencv-matrix">
  <rows>20</rows>
  <cols>20</cols>
  <dt>d</dt>
  <data>
    1.2738853503184713e-03 2.4203821656050956e-03 8.9171974522292993e-04
    1.4012738853503184e-03 1.6560509554140127e-03 7.6433121019108278e-04
    1.4012738853503184e-03 2.0382165605095539e-03 2.9299363057324842e-03
    2.1656050955414013e-03 1.7834394904458599e-03 3.4394904458598728e-03
    2.2929936305732482e-03 2.4203821656050956e-03 3.3121019108280254e-03
    1.4012738853503184e-03 1.7834394904458599e-03 2.1656050955414013e-03
    2.0382165605095539e-03 2.2929936305732482e-03 1.5286624203821656e-03
    1.4012738853503184e-03 1.0191082802547770e-03 2.0382165605095539e-03
    1.7834394904458599e-03 1.5286624203821656e-03 2.1656050955414013e-03
    1.6560509554140127e-03 2.1656050955414013e-03 1.7834394904458599e-03
    2.1656050955414013e-03 2.1656050955414013e-03 2.2929936305732482e-03
    3.1847133757961785e-03 3.0573248407643311e-03 2.0382165605095539e-03
    2.0382165605095539e-03 2.8025477707006368e-03 1.7834394904458599e-03
    2.2929936305732482e-03 1.2738853503184713e-03 1.5286624203821656e-03
    1.5286624203821656e-03 1.4012738853503184e-03 2.2929936305732482e-03
    2.1656050955414013e-03 2.8025477707006368e-03 2.2929936305732482e-03
    1.6560509554140127e-03 2.2929936305732482e-03 1.9108280254777070e-03
    2.0382165605095539e-03 1.9108280254777070e-03 1.7834394904458599e-03
    1.9108280254777070e-03 2.2929936305732482e-03 1.2738853503184713e-03
    1.5286624203821656e-03 1.7834394904458599e-03 3.0573248407643311e-03
    1.4012738853503184e-03 1.7834394904458599e-03 1.4012738853503184e-03
    1.0191082802547770e-03 1.5286624203821656e-03 2.2929936305732482e-03
    2.1656050955414013e-03 1.6560509554140127e-03 2.0382165605095539e-03
    3.0573248407643311e-03 2.0382165605095539e-03 2.1656050955414013e-03
    3.1847133757961785e-03 2.9299363057324842e-03 2.5477707006369425e-03
    3.3121019108280254e-03 1.5286624203821656e-03 2.4203821656050956e-03
    2.9299363057324842e-03 3.4394904458598728e-03 8.9171974522292993e-04
    2.6751592356687899e-03 1.9108280254777070e-03 1.0191082802547770e-03
    1.5286624203821656e-03 2.4203821656050956e-03 1.7834394904458599e-03
    2.1656050955414013e-03 1.9108280254777070e-03 1.6560509554140127e-03
    3.4394904458598728e-03 2.1656050955414013e-03 3.4394904458598728e-03
    1.7834394904458599e-03 1.7834394904458599e-03 3.3121019108280254e-03
    3.4394904458598728e-03 2.8025477707006368e-03 3.1847133757961785e-03
    2.5477707006369425e-03 1.0191082802547770e-03 1.2738853503184713e-03
    1.9108280254777070e-03 1.5286624203821656e-03 1.1464968152866241e-03
    1.6560509554140127e-03 2.1656050955414013e-03 2.8025477707006368e-03
    1.6560509554140127e-03 2.8025477707006368e-03 3.1847133757961785e-03
    2.6751592356687899e-03 2.2929936305732482e-03 2.9299363057324842e-03
    3.0573248407643311e-03 8.6624203821656053e-03 3.5668789808917197e-03
    3.5668789808917197e-03 3.5668789808917197e-03 3.4394904458598728e-03
    2.2929936305732482e-03 8.9171974522292993e-04 1.5286624203821656e-03
    1.2738853503184713e-03 8.9171974522292993e-04 2.2929936305732482e-03
    2.8025477707006368e-03 3.4394904458598728e-03 3.5668789808917197e-03
    3.1847133757961785e-03 3.6942675159235667e-03 3.3121019108280254e-03
    2.9299363057324842e-03 4.5859872611464965e-03 2.4203821656050956e-03
    4.0764331210191079e-03 1.6560509554140127e-03 2.8025477707006368e-03
    3.0573248407643311e-03 2.1656050955414013e-03 2.0382165605095539e-03
    1.4012738853503184e-03 1.0191082802547770e-03 1.6560509554140127e-03
    1.2738853503184713e-03 3.4394904458598728e-03 4.0764331210191079e-03
    2.8025477707006368e-03 3.9490445859872610e-03 3.4394904458598728e-03
    3.0573248407643311e-03 1.2738853503184713e-03 4.0764331210191079e-03
    4.5859872611464965e-03 4.2038216560509557e-03 4.2038216560509557e-03
    3.4394904458598728e-03 2.6751592356687899e-03 2.8025477707006368e-03
    2.5477707006369425e-03 2.6751592356687899e-03 1.2738853503184713e-03
    2.0382165605095539e-03 1.6560509554140127e-03 1.7834394904458599e-03
    2.5477707006369425e-03 4.2038216560509557e-03 1.9108280254777070e-03
    1.6560509554140127e-03 5.0955414012738849e-04 6.3694267515923564e-04
    2.6751592356687899e-03 3.6942675159235667e-03 4.0764331210191079e-03
    2.9299363057324842e-03 2.5477707006369425e-03 2.8025477707006368e-03
    2.5477707006369425e-03 3.0573248407643311e-03 3.6942675159235667e-03
    1.9108280254777070e-03 2.0382165605095539e-03 1.7834394904458599e-03
    1.4012738853503184e-03 1.6560509554140127e-03 3.1847133757961785e-03
    3.6942675159235667e-03 2.6751592356687899e-03 1.4012738853503184e-03
    5.0955414012738849e-04 2.5477707006369424e-04 5.0955414012738849e-04
    4.8407643312101912e-03 4.0764331210191079e-03 5.6050955414012737e-03
    4.3312101910828026e-03 3.9490445859872610e-03 1.6560509554140127e-03
    3.6942675159235667e-03 3.6942675159235667e-03 2.1656050955414013e-03
    1.5286624203821656e-03 3.0573248407643311e-03 2.2929936305732482e-03
    1.9108280254777070e-03 2.5477707006369425e-03 3.4394904458598728e-03
    4.0764331210191079e-03 1.7834394904458599e-03 3.8216560509554139e-04
    5.0955414012738849e-04 3.8216560509554139e-04 3.8216560509554140e-03
    5.6050955414012737e-03 4.4585987261146496e-03 3.0573248407643311e-03
    4.2038216560509557e-03 2.8025477707006368e-03 2.9299363057324842e-03
    2.9299363057324842e-03 1.9108280254777070e-03 1.2738853503184713e-03
    1.2738853503184713e-03 3.0573248407643311e-03 7.6433121019108278e-04
    1.9108280254777070e-03 3.6942675159235667e-03 1.6560509554140127e-03
    1.5286624203821656e-03 6.3694267515923564e-04 7.6433121019108278e-04
    1.6560509554140127e-03 3.1847133757961785e-03 3.6942675159235667e-03
    4.0764331210191079e-03 4.2038216560509557e-03 2.9299363057324842e-03
    3.0573248407643311e-03 3.4394904458598728e-03 2.6751592356687899e-03
    2.5477707006369425e-03 1.7834394904458599e-03 1.4012738853503184e-03
    1.7834394904458599e-03 2.1656050955414013e-03 3.0573248407643311e-03
    4.0764331210191079e-03 3.1847133757961785e-03 4.3312101910828026e-03
    2.6751592356687899e-03 2.8025477707006368e-03 4.2038216560509557e-03
    3.9490445859872610e-03 3.6942675159235667e-03 4.5859872611464965e-03
    3.0573248407643311e-03 3.3121019108280254e-03 2.8025477707006368e-03
    3.1847133757961785e-03 3.3121019108280254e-03 2.2929936305732482e-03
    1.5286624203821656e-03 2.0382165605095539e-03 1.6560509554140127e-03
    1.7834394904458599e-03 2.2929936305732482e-03 3.4394904458598728e-03
    4.2038216560509557e-03 1.5286624203821656e-03 3.4394904458598728e-03
    4.2038216560509557e-03 5.0955414012738851e-03 4.8407643312101912e-03
    3.8216560509554140e-03 3.0573248407643311e-03 4.0764331210191079e-03
    3.1847133757961785e-03 2.9299363057324842e-03 3.1847133757961785e-03
    3.3121019108280254e-03 2.1656050955414013e-03 1.2738853503184713e-03
    1.6560509554140127e-03 8.9171974522292993e-04 1.7834394904458599e-03
    1.5286624203821656e-03 2.5477707006369425e-03 2.9299363057324842e-03
    2.5477707006369425e-03 1.9108280254777070e-03 2.5477707006369425e-03
    3.3121019108280254e-03 3.5668789808917197e-03 2.9299363057324842e-03
    3.3121019108280254e-03 3.5668789808917197e-03 3.8216560509554140e-03
    3.0573248407643311e-03 3.4394904458598728e-03 3.1847133757961785e-03
    7.6433121019108278e-04 1.7834394904458599e-03 1.6560509554140127e-03
    1.9108280254777070e-03 2.5477707006369425e-03 2.4203821656050956e-03
    2.5477707006369425e-03 2.4203821656050956e-03 2.2929936305732482e-03
    2.2929936305732482e-03 2.4203821656050956e-03 2.1656050955414013e-03
    2.4203821656050956e-03 1.7834394904458599e-03 3.3121019108280254e-03
    2.6751592356687899e-03 3.3121019108280254e-03 3.3121019108280254e-03
    3.4394904458598728e-03 2.4203821656050956e-03 1.6560509554140127e-03
