<?xml version="1.0"?>
<opencv_storage>
<kitchen_cabinet type_id="opencv-matrix">
  <rows>20</rows>
  <cols>20</cols>
  <dt>d</dt>
  <data>
    6.7332219762006502e-04 8.8049825842623881e-04 6.9921920522083669e-04
    8.1575573942430947e-04 8.8049825842623881e-04 1.1912623496354996e-03
    1.1135713268331845e-03 9.9703479262971159e-04 1.5408719522459180e-03
    1.3854899066412876e-03 1.8257390358544070e-03 2.7968768208833468e-03
    2.9781558740887490e-03 3.2759714614976239e-03 2.5767522562767874e-03
    2.7062372942806461e-03 3.7032720869103575e-03 3.8068601173134446e-03
    3.7939116135130586e-03 3.9233966515169168e-03 7.6396172422276603e-04
    1.0876743192324127e-03 1.0488288078312551e-03 9.8408628882932581e-04
    1.2560048686374289e-03 1.2171593572362714e-03 1.6703569902497767e-03
    1.2042108534358854e-03 9.5818928122855403e-04 1.3207473876393583e-03
    1.5538204560463038e-03 1.9034300586567223e-03 3.0040528816895210e-03
    3.0170013854899065e-03 2.8875163474860479e-03 3.2759714614976239e-03
    3.2112289424956948e-03 4.0399331857203903e-03 4.1176242085227055e-03
    4.8038949099431559e-03 8.1575573942430947e-04 8.0280723562392369e-04
    1.0488288078312551e-03 8.2870424322469536e-04 1.1006228230327985e-03
    1.3595928990405158e-03 1.5538204560463038e-03 1.3595928990405158e-03
    9.9703479262971159e-04 1.3207473876393583e-03 1.5020264408447605e-03
    1.5926659674474614e-03 2.7321343018814176e-03 3.0170013854899065e-03
    2.8486708360848903e-03 3.0817439044918361e-03 3.8327571249142161e-03
    3.8457056287146021e-03 4.2989032617281077e-03 4.3765942845304228e-03
    8.4165274702508125e-04 8.2870424322469536e-04 1.5667689598466896e-03
    9.7113778502893992e-04 9.3229227362778236e-04 1.2042108534358854e-03
    2.1235546232632819e-03 1.8386875396547929e-03 1.9163785624571081e-03
    1.6315114788486189e-03 2.5379067448756294e-03 1.7609965168524776e-03
    2.9393103626875914e-03 3.7032720869103575e-03 3.3925079957010966e-03
    2.9781558740887490e-03 4.0917272009219335e-03 4.0917272009219335e-03
    4.7909464061427704e-03 4.6096673529373682e-03 9.0639526602701059e-04
    8.9344676222662470e-04 9.4524077742816814e-04 1.0488288078312551e-03
    1.3207473876393583e-03 1.3595928990405158e-03 2.3954732030713852e-03
    1.6185629750482332e-03 1.2819018762382007e-03 1.8257390358544070e-03
    2.3436791878698416e-03 2.2659881650675265e-03 3.6126325603076563e-03
    4.6355643605381401e-03 3.9104481477165312e-03 3.5349415375053412e-03
    3.9622421629180752e-03 4.9851739631485582e-03 4.6226158567377537e-03
    5.0758134897512588e-03 1.0617773116316409e-03 9.8408628882932581e-04
    1.0617773116316409e-03 1.0747258154320269e-03 1.6444599826490049e-03
    1.6185629750482332e-03 2.0458636004609667e-03 1.3466443952401300e-03
    2.4213702106721567e-03 1.3854899066412876e-03 1.5926659674474614e-03
    1.8386875396547929e-03 3.7162205907107435e-03 4.0399331857203903e-03
    3.0946924082922217e-03 3.7680146059122870e-03 4.3118517655284933e-03
    4.1694182237242486e-03 4.9463284517474006e-03 4.9463284517474006e-03
    9.0639526602701059e-04 1.2560048686374289e-03 1.6574084864493907e-03
    1.5020264408447605e-03 2.0329150966605807e-03 2.4731642258737003e-03
    2.8227738284841188e-03 1.9293270662574938e-03 1.5926659674474614e-03
    1.1783138458351138e-03 1.3466443952401300e-03 1.2430563648370432e-03
    4.3895427883308084e-03 4.7003068795400688e-03 3.2371259500964663e-03
    3.2759714614976239e-03 5.5549081303655360e-03 5.0240194745497157e-03
    5.3606805733597482e-03 5.8915692291755684e-03 1.0099832964300976e-03
    1.1394683344339563e-03 1.2301078610366572e-03 1.9940695852594232e-03
    1.9811210814590376e-03 2.3177821802690701e-03 2.4084217068717708e-03
    1.5926659674474614e-03 9.1934376982739647e-04 8.1575573942430947e-04
    9.9703479262971159e-04 7.6396172422276603e-04 3.2371259500964663e-03
    4.8297919175439279e-03 3.2500744538968523e-03 3.8586541325149877e-03
    4.5708218415362106e-03 4.9851739631485582e-03 5.4513200999624497e-03
    5.8656722215747973e-03 8.9344676222662470e-04 1.1135713268331845e-03
    1.0099832964300976e-03 1.1006228230327985e-03 1.9163785624571081e-03
    3.3277654766991674e-03 1.7998420282536354e-03 1.0617773116316409e-03
    3.1076409120926079e-04 3.6255810641080423e-04 6.0857967861813569e-04
    1.1783138458351138e-03 2.1624001346644394e-03 4.3506972769296508e-03
    3.2112289424956948e-03 3.9492936591176888e-03 4.4154397959315804e-03
    5.8656722215747973e-03 5.5678566341659224e-03 5.7750326949720958e-03
    9.3229227362778236e-04 1.0229318002304834e-03 1.7480480130520918e-03
    1.8904815548563363e-03 1.7998420282536354e-03 2.1235546232632819e-03
    3.9622421629180752e-03 2.0717606080617383e-03 3.3666109881003251e-04
    2.9781558740887490e-04 5.0499164821504879e-04 6.6037369381967913e-04
    4.8427404213443135e-03 4.8427404213443135e-03 3.2112289424956948e-03
    3.7291690945111295e-03 4.2730062541273357e-03 4.9463284517474006e-03
    5.8268267101736397e-03 5.8786207253751829e-03 9.7113778502893992e-04
    9.5818928122855403e-04 1.1912623496354996e-03 1.4631809294436027e-03
    2.0329150966605807e-03 2.7321343018814176e-03 2.7968768208833468e-03
    1.8257390358544070e-03 3.1076409120926079e-04 3.1076409120926079e-04
    7.1216770902122258e-04 1.1912623496354996e-03 6.0857967861813571e-03
    6.7461704800010356e-03 3.8586541325149877e-03 3.9492936591176888e-03
    4.8427404213443135e-03 5.0628649859508733e-03 5.7750326949720958e-03
    6.2541273355863729e-03 1.1265198306335703e-03 1.1135713268331845e-03
    9.0639526602701059e-04 1.3207473876393583e-03 1.9422755700578798e-03
    2.0588121042613527e-03 2.5379067448756294e-03 1.1394683344339563e-03
    3.7550661021119012e-04 2.2012456460655970e-04 5.0499164821504879e-04
    1.5926659674474614e-03 2.2012456460655970e-03 2.7580313094821892e-03
    3.4831475223037977e-03 4.1953152313250206e-03 4.2082637351254061e-03
    4.9722254593481726e-03 5.5549081303655360e-03 5.3606805733597482e-03
    9.0639526602701059e-04 9.7113778502893992e-04 1.5797174636470756e-03
    1.8775330510559505e-03 1.9034300586567223e-03 2.3177821802690701e-03
    2.8745678436856623e-03 1.8645845472555647e-03 6.9921920522083669e-04
    6.2152818241852158e-04 8.2870424322469536e-04 1.0488288078312551e-03
    2.9004648512864339e-03 4.2600577503269501e-03 3.3925079957010966e-03
    4.3636457807300364e-03 4.7650493985419984e-03 5.1664530163539604e-03
    6.2541273355863729e-03 5.6584961607686231e-03 7.8985873182353780e-04
    1.2430563648370432e-03 1.0358803040308691e-03 1.4113869142420594e-03
    1.9034300586567223e-03 2.8875163474860479e-03 3.3536624842999390e-03
    1.7350995092517061e-03 1.5279234484455321e-03 1.0617773116316409e-03
    1.3595928990405158e-03 1.2171593572362714e-03 4.8686374289450855e-03
    5.0499164821504877e-03 3.1205894158929937e-03 4.0658301933211615e-03
    4.7779979023423839e-03 4.9204314441466286e-03 5.6843931683693951e-03
    6.5260459153944758e-03 9.8408628882932581e-04 9.4524077742816814e-04
    9.5818928122855403e-04 1.4243354180424452e-03 1.3984384104416734e-03
    1.5926659674474614e-03 2.1494516308640538e-03 2.8098253246837328e-03
    1.1912623496354996e-03 1.1524168382343420e-03 1.8257390358544070e-03
    1.7998420282536354e-03 3.2759714614976239e-03 3.8068601173134446e-03
    3.2371259500964663e-03 3.2371259500964663e-03 4.5190278263346666e-03
    4.5190278263346666e-03 5.0369679783501013e-03 5.2441440391562755e-03
    2.3436791878698416e-03 1.0358803040308691e-03 8.6754975462585303e-04
    1.6056144712478474e-03 1.2560048686374289e-03 1.3854899066412876e-03
    2.2012456460655970e-03 1.4502324256432169e-03 1.6703569902497767e-03
    2.9652073702883630e-03 1.8386875396547929e-03 1.9811210814590376e-03
    3.1076409120926077e-03 3.6126325603076563e-03 3.2759714614976239e-03
    3.4184050033018686e-03 4.3895427883308084e-03 4.9981224669489437e-03
    4.8297919175439279e-03 5.0628649859508733e-03 9.3229227362778236e-04
