<?xml version="1.0"?>
<opencv_storage>
<kitchen_set type_id="opencv-matrix">
  <rows>20</rows>
  <cols>20</cols>
  <dt>d</dt>
  <data>
    9.5283468318246780e-04 4.7641734159123390e-04 1.4292520247737017e-03
    0. 9.5283468318246780e-04 1.4292520247737017e-03
    2.8585040495474035e-03 2.3820867079561697e-03 1.9056693663649356e-03
    2.3820867079561697e-03 1.4292520247737017e-03 2.3820867079561697e-03
    2.3820867079561697e-03 1.4292520247737017e-03 4.7641734159123390e-04
    1.4292520247737017e-03 1.9056693663649356e-03 1.9056693663649356e-03
    3.8113387327298712e-03 1.9056693663649356e-03 9.5283468318246780e-04
    9.5283468318246780e-04 9.5283468318246780e-04 4.7641734159123390e-04
    1.4292520247737017e-03 1.4292520247737017e-03 4.7641734159123390e-04
    1.9056693663649356e-03 1.9056693663649356e-03 3.3349213911386373e-03
    1.4292520247737017e-03 1.9056693663649356e-03 1.4292520247737017e-03
    3.3349213911386373e-03 1.9056693663649356e-03 2.3820867079561697e-03
    4.7641734159123393e-03 2.8585040495474035e-03 4.7641734159123390e-04
    3.3349213911386373e-03 4.7641734159123390e-04 9.5283468318246780e-04
    1.4292520247737017e-03 0. 1.4292520247737017e-03
    1.4292520247737017e-03 9.5283468318246780e-04 2.8585040495474035e-03
    0. 3.3349213911386373e-03 3.3349213911386373e-03
    2.3820867079561697e-03 5.2405907575035727e-03 2.3820867079561697e-03
    2.8585040495474035e-03 5.2405907575035727e-03 2.3820867079561697e-03
    4.7641734159123393e-03 3.3349213911386373e-03 4.2877560743211050e-03
    1.4292520247737017e-03 9.5283468318246780e-04 4.7641734159123390e-04
    1.4292520247737017e-03 9.5283468318246780e-04 9.5283468318246780e-04
    3.8113387327298712e-03 2.3820867079561697e-03 1.4292520247737017e-03
    4.2877560743211050e-03 3.8113387327298712e-03 9.5283468318246780e-04
    4.7641734159123393e-03 3.3349213911386373e-03 2.8585040495474035e-03
    2.8585040495474035e-03 3.3349213911386373e-03 1.4292520247737017e-03
    4.7641734159123393e-03 4.7641734159123393e-03 1.4292520247737017e-03
    2.3820867079561697e-03 1.9056693663649356e-03 4.7641734159123390e-04
    4.7641734159123390e-04 1.4292520247737017e-03 9.5283468318246780e-04
    1.4292520247737017e-03 3.3349213911386373e-03 9.5283468318246780e-04
    1.4292520247737017e-03 9.5283468318246780e-04 9.5283468318246780e-04
    1.4292520247737017e-03 1.4292520247737017e-03 1.9056693663649356e-03
    2.3820867079561697e-03 4.2877560743211050e-03 2.3820867079561697e-03
    4.7641734159123393e-03 9.5283468318246780e-04 4.7641734159123390e-04
    4.7641734159123390e-04 1.4292520247737017e-03 9.5283468318246780e-04
    0. 9.5283468318246780e-04 4.7641734159123390e-04 0.
    4.7641734159123390e-04 4.7641734159123390e-04 4.7641734159123390e-04
    2.3820867079561697e-03 1.4292520247737017e-03 1.4292520247737017e-03
    3.3349213911386373e-03 1.9056693663649356e-03 1.9056693663649356e-03
    2.3820867079561697e-03 2.8585040495474035e-03 9.5283468318246780e-04
    1.4292520247737017e-03 9.5283468318246780e-04 4.7641734159123390e-04
    9.5283468318246780e-04 0. 9.5283468318246780e-04
    4.7641734159123390e-04 9.5283468318246780e-04 4.7641734159123390e-04
    1.4292520247737017e-03 9.5283468318246780e-04 1.9056693663649356e-03
    1.4292520247737017e-03 3.3349213911386373e-03 2.3820867079561697e-03
    2.3820867079561697e-03 7.1462601238685090e-03 8.0990948070509775e-03
    3.8113387327298712e-03 1.4292520247737017e-03 9.5283468318246780e-04
    2.3820867079561697e-03 1.4292520247737017e-03 4.7641734159123390e-04
    1.4292520247737017e-03 0. 0. 9.5283468318246780e-04
    9.5283468318246780e-04 2.8585040495474035e-03 1.4292520247737017e-03
    1.9056693663649356e-03 2.8585040495474035e-03 2.3820867079561697e-03
    4.7641734159123393e-03 4.2877560743211050e-03 5.2405907575035727e-03
    7.1462601238685090e-03 5.2405907575035727e-03 3.3349213911386373e-03
    9.5283468318246780e-04 1.4292520247737017e-03 0.
    1.9056693663649356e-03 4.7641734159123390e-04 9.5283468318246780e-04
    9.5283468318246780e-04 0. 0. 1.4292520247737017e-03
    1.4292520247737017e-03 1.4292520247737017e-03 6.6698427822772747e-03
    3.8113387327298712e-03 1.4292520247737017e-03 5.2405907575035727e-03
    3.3349213911386373e-03 6.1934254406860413e-03 4.7641734159123393e-03
    2.3820867079561697e-03 2.8585040495474035e-03 4.2877560743211050e-03
    1.9056693663649356e-03 4.7641734159123390e-04 4.7641734159123390e-04
    4.7641734159123390e-04 0. 0. 0. 4.7641734159123390e-04 0.
    4.2877560743211050e-03 9.5283468318246780e-04 7.6226774654597424e-03
    1.9056693663649356e-03 9.5283468318246786e-03 1.1910433539780848e-02
    1.0481181515007145e-02 7.1462601238685090e-03 9.5283468318246780e-04
    3.8113387327298712e-03 1.4292520247737017e-03 4.7641734159123390e-04
    9.5283468318246780e-04 4.7641734159123390e-04 9.5283468318246780e-04
    1.9056693663649356e-03 9.5283468318246780e-04 4.7641734159123390e-04
    1.9056693663649356e-03 1.9056693663649356e-03 3.8113387327298712e-03
    1.9056693663649356e-03 4.2877560743211050e-03 4.7641734159123393e-03
    5.7170080990948070e-03 7.1462601238685090e-03 7.1462601238685090e-03
    4.2877560743211050e-03 3.8113387327298712e-03 9.5283468318246780e-04
    4.7641734159123390e-04 1.9056693663649356e-03 2.3820867079561697e-03
    1.4292520247737017e-03 9.5283468318246780e-04 4.7641734159123390e-04
    9.5283468318246780e-04 4.7641734159123390e-04 2.3820867079561697e-03
    1.4292520247737017e-03 1.4292520247737017e-03 2.8585040495474035e-03
    3.8113387327298712e-03 4.2877560743211050e-03 5.2405907575035727e-03
    5.2405907575035727e-03 9.5283468318246786e-03 3.3349213911386373e-03
    3.3349213911386373e-03 1.9056693663649356e-03 3.8113387327298712e-03
    1.4292520247737017e-03 9.5283468318246780e-04 4.7641734159123390e-04
    1.9056693663649356e-03 9.5283468318246780e-04 4.7641734159123390e-04
    1.9056693663649356e-03 1.4292520247737017e-03 1.4292520247737017e-03
    1.4292520247737017e-03 2.3820867079561697e-03 5.2405907575035727e-03
    2.8585040495474035e-03 9.5283468318246786e-03 9.5283468318246786e-03
    8.5755121486422101e-03 6.6698427822772747e-03 1.4292520247737017e-03
    1.4292520247737017e-03 2.3820867079561697e-03 1.9056693663649356e-03
    9.5283468318246780e-04 4.7641734159123390e-04 1.9056693663649356e-03
    4.7641734159123390e-04 0. 3.3349213911386373e-03
    9.5283468318246780e-04 2.3820867079561697e-03 3.8113387327298712e-03
    4.2877560743211050e-03 3.8113387327298712e-03 2.8585040495474035e-03
    7.1462601238685090e-03 1.1434016198189614e-02 4.7641734159123393e-03
    4.7641734159123393e-03 1.4292520247737017e-03 3.3349213911386373e-03
    1.4292520247737017e-03 3.3349213911386373e-03 4.7641734159123390e-04
    9.5283468318246780e-04 9.5283468318246780e-04 9.5283468318246780e-04
    2.3820867079561697e-03 2.3820867079561697e-03 1.4292520247737017e-03
    2.3820867079561697e-03 2.3820867079561697e-03 2.3820867079561697e-03
    3.3349213911386373e-03 3.8113387327298712e-03 4.2877560743211050e-03
    5.7170080990948070e-03 6.1934254406860413e-03 4.2877560743211050e-03
    4.7641734159123390e-04 1.4292520247737017e-03 2.3820867079561697e-03
    1.4292520247737017e-03 2.8585040495474035e-03 9.5283468318246780e-04
    1.9056693663649356e-03 4.7641734159123390e-04 1.9056693663649356e-03
    9.5283468318246780e-04 4.7641734159123390e-04 1.4292520247737017e-03
    3.8113387327298712e-03 2.8585040495474035e-03 1.4292520247737017e-03
    3.8113387327298712e-03 4.7641734159123393e-03 6.1934254406860413e-03
    9.5283468318246786e-03 5.2405907575035727e-03 1.9056693663649356e-03
    1.4292520247737017e-03 1.9056693663649356e-03 9.5283468318246780e-04
    1.4292520247737017e-03 1.9056693663649356e-03 1.4292520247737017e-03
    1.4292520247737017e-03 1.4292520247737017e-03 2.3820867079561697e-03
    2.3820867079561697e-03 0. 2.3820867079561697e-03
    1.4292520247737017e-03 3.3349213911386373e-03 1.4292520247737017e-03
