<?xml version="1.0"?>
<opencv_storage>
<knife_rack type_id="opencv-matrix">
  <rows>20</rows>
  <cols>20</cols>
  <dt>d</dt>
  <data>
    3.7126415444588826e-04 5.5689623166883242e-04 9.2816038611472063e-04
    5.5689623166883242e-04 7.4252830889177653e-04 5.5689623166883242e-04
    5.5689623166883242e-04 9.2816038611472063e-04 9.2816038611472063e-04
    1.1137924633376648e-03 1.1137924633376648e-03 1.2994245405606088e-03
    2.9701132355671061e-03 2.4132170038982737e-03 1.8563207722294413e-03
    2.4132170038982737e-03 3.1557453127900501e-03 3.1557453127900501e-03
    3.7126415444588825e-03 2.4132170038982737e-03 9.2816038611472063e-04
    3.7126415444588826e-04 9.2816038611472063e-04 7.4252830889177653e-04
    9.2816038611472063e-04 1.8563207722294413e-03 7.4252830889177653e-04
    9.2816038611472063e-04 1.2994245405606088e-03 9.2816038611472063e-04
    1.6706886950064970e-03 1.4850566177835531e-03 2.7844811583441617e-03
    3.1557453127900501e-03 3.3413773900129941e-03 2.0419528494523853e-03
    3.1557453127900501e-03 4.2695377761277145e-03 5.0120660850194914e-03
    3.7126415444588825e-03 5.5689623166883242e-04 7.4252830889177653e-04
    7.4252830889177653e-04 1.4850566177835531e-03 1.1137924633376648e-03
    1.1137924633376648e-03 1.1137924633376648e-03 2.0419528494523853e-03
    5.5689623166883242e-04 1.8563207722294413e-03 1.2994245405606088e-03
    1.1137924633376648e-03 1.1137924633376648e-03 3.7126415444588825e-03
    4.0839056989047705e-03 2.2275849266753297e-03 3.8982736216818265e-03
    3.5270094672359385e-03 4.0839056989047705e-03 4.4551698533506594e-03
    1.1137924633376648e-03 1.8563207722294413e-04 9.2816038611472063e-04
    5.5689623166883242e-04 1.2994245405606088e-03 1.8563207722294413e-03
    2.2275849266753297e-03 1.1137924633376648e-03 1.4850566177835531e-03
    2.2275849266753297e-03 2.4132170038982737e-03 1.8563207722294413e-03
    2.5988490811212177e-03 4.4551698533506594e-03 3.5270094672359385e-03
    3.5270094672359385e-03 4.0839056989047705e-03 4.4551698533506594e-03
    4.2695377761277145e-03 2.2275849266753297e-03 1.4850566177835531e-03
    1.6706886950064970e-03 1.8563207722294413e-03 7.4252830889177653e-04
    1.4850566177835531e-03 1.4850566177835531e-03 2.2275849266753297e-03
    2.2275849266753297e-03 1.2994245405606088e-03 1.8563207722294413e-03
    1.4850566177835531e-03 9.2816038611472063e-04 2.5988490811212177e-03
    4.8264340077965474e-03 2.7844811583441617e-03 2.7844811583441617e-03
    3.5270094672359385e-03 2.9701132355671061e-03 3.7126415444588825e-03
    6.3114906255801002e-03 5.5689623166883242e-04 9.2816038611472063e-04
    1.2994245405606088e-03 1.6706886950064970e-03 1.4850566177835531e-03
    1.2994245405606088e-03 2.9701132355671061e-03 2.2275849266753297e-03
    1.4850566177835531e-03 7.4252830889177653e-04 2.0419528494523853e-03
    1.8563207722294413e-03 1.8563207722294413e-03 3.5270094672359385e-03
    2.4132170038982737e-03 3.1557453127900501e-03 2.7844811583441617e-03
    3.1557453127900501e-03 4.8264340077965474e-03 4.2695377761277145e-03
    1.4850566177835531e-03 1.4850566177835531e-03 1.1137924633376648e-03
    1.6706886950064970e-03 2.2275849266753297e-03 2.0419528494523853e-03
    2.7844811583441617e-03 2.7844811583441617e-03 1.4850566177835531e-03
    1.4850566177835531e-03 7.4252830889177653e-04 2.4132170038982737e-03
    2.9701132355671061e-03 6.3114906255801002e-03 3.7126415444588825e-03
    3.7126415444588825e-03 5.0120660850194914e-03 6.8683868572489322e-03
    4.8264340077965474e-03 4.6408019305736034e-03 1.2994245405606088e-03
    7.4252830889177653e-04 1.1137924633376648e-03 1.8563207722294413e-03
    1.6706886950064970e-03 2.0419528494523853e-03 1.8563207722294413e-03
    2.0419528494523853e-03 1.1137924633376648e-03 1.8563207722294413e-03
    1.8563207722294413e-03 1.2994245405606088e-03 4.2695377761277145e-03
    5.0120660850194914e-03 4.2695377761277145e-03 3.1557453127900501e-03
    4.4551698533506594e-03 5.3833302394653794e-03 5.0120660850194914e-03
    6.8683868572489322e-03 1.5036198255058475e-02 1.1137924633376648e-03
    9.2816038611472063e-04 1.1137924633376648e-03 1.6706886950064970e-03
    1.6706886950064970e-03 3.7126415444588825e-03 1.6706886950064970e-03
    3.7126415444588826e-04 1.8563207722294413e-04 1.8563207722294413e-04
    5.5689623166883242e-04 2.4132170038982737e-03 4.0839056989047705e-03
    3.5270094672359385e-03 4.4551698533506594e-03 3.7126415444588825e-03
    2.9701132355671061e-03 4.6408019305736034e-03 7.2396510116948211e-03
    1.4850566177835531e-03 1.2994245405606088e-03 1.6706886950064970e-03
    1.4850566177835531e-03 2.0419528494523853e-03 1.4850566177835531e-03
    2.0419528494523853e-03 1.2994245405606088e-03 9.2816038611472063e-04
    1.8563207722294413e-04 1.8563207722294413e-04 3.7126415444588826e-04
    1.6706886950064970e-03 5.3833302394653794e-03 4.8264340077965474e-03
    3.8982736216818265e-03 3.7126415444588825e-03 5.1976981622424354e-03
    4.4551698533506594e-03 6.4971227028030442e-03 9.2816038611472063e-04
    1.2994245405606088e-03 2.5988490811212177e-03 1.2994245405606088e-03
    2.7844811583441617e-03 2.0419528494523853e-03 4.2695377761277145e-03
    1.2994245405606088e-03 1.8563207722294413e-04 0. 0.
    3.7126415444588826e-04 2.5988490811212177e-03 5.3833302394653794e-03
    4.0839056989047705e-03 2.9701132355671061e-03 5.1976981622424354e-03
    6.3114906255801002e-03 6.3114906255801002e-03 6.4971227028030442e-03
    1.1137924633376648e-03 1.4850566177835531e-03 1.1137924633376648e-03
    2.0419528494523853e-03 1.6706886950064970e-03 2.0419528494523853e-03
    2.0419528494523853e-03 1.2994245405606088e-03 1.1137924633376648e-03
    1.8563207722294413e-04 3.7126415444588826e-04 5.5689623166883242e-04
    2.0419528494523853e-03 3.8982736216818265e-03 3.8982736216818265e-03
    2.7844811583441617e-03 2.9701132355671061e-03 3.7126415444588825e-03
    5.5689623166883234e-03 6.1258585483571562e-03 7.4252830889177653e-04
    1.1137924633376648e-03 1.4850566177835531e-03 2.2275849266753297e-03
    1.7635047336179693e-02 2.7844811583441617e-03 2.0419528494523853e-03
    2.7844811583441617e-03 9.2816038611472063e-04 1.8563207722294413e-03
    2.0419528494523853e-03 1.4850566177835531e-03 3.3413773900129941e-03
    7.9821793205865979e-03 3.8982736216818265e-03 2.9701132355671061e-03
    4.0839056989047705e-03 6.3114906255801002e-03 4.8264340077965474e-03
    6.4971227028030442e-03 7.4252830889177653e-04 1.1137924633376648e-03
    9.2816038611472063e-04 1.6706886950064970e-03 1.1137924633376648e-03
    2.7844811583441617e-03 1.6706886950064970e-03 3.1557453127900501e-03
    2.5988490811212177e-03 1.1137924633376648e-03 2.5988490811212177e-03
    3.7126415444588826e-04 3.3413773900129941e-03 6.3114906255801002e-03
    3.1557453127900501e-03 3.5270094672359385e-03 4.2695377761277145e-03
    3.7126415444588825e-03 4.0839056989047705e-03 5.1976981622424354e-03
    1.2994245405606088e-03 1.1137924633376648e-03 7.4252830889177653e-04
    1.8563207722294413e-03 2.7844811583441617e-03 1.4850566177835531e-03
    2.0419528494523853e-03 2.0419528494523853e-03 9.2816038611472063e-04
    2.0419528494523853e-03 1.6706886950064970e-03 1.4850566177835531e-03
    2.7844811583441617e-03 3.1557453127900501e-03 2.7844811583441617e-03
    4.6408019305736034e-03 4.0839056989047705e-03 4.0839056989047705e-03
    4.0839056989047705e-03 7.4252830889177650e-03 9.2816038611472063e-04
    5.5689623166883242e-04 7.4252830889177653e-04 1.1137924633376648e-03
    9.2816038611472063e-04 9.2816038611472063e-04 1.6706886950064970e-03
    1.5593094486727306e-02 1.6706886950064970e-03 2.7844811583441617e-03
    1.4850566177835531e-03 2.9701132355671061e-03 2.9701132355671061e-03
    4.2695377761277145e-03 1.8563207722294413e-03 3.8982736216818265e-03
    2.5988490811212177e-03 4.0839056989047705e-03 4.0839056989047705e-03
    4.0839056989047705e-03 3.7126415444588826e-04 1.1137924633376648e-03
