<?xml version="1.0"?>
<opencv_storage>
<laptop type_id="opencv-matrix">
  <rows>20</rows>
  <cols>20</cols>
  <dt>d</dt>
  <data>
    5.0075112669003500e-04 4.7690583494289050e-04 1.0491928368743591e-03
    8.5843050289720292e-04 6.6766816892004674e-04 1.2161098791043708e-03
    1.0491928368743591e-03 8.8227579464434747e-04 8.3458521115005837e-04
    1.1445740038629373e-03 1.5022533800701052e-03 1.6691704223001167e-03
    3.2429596776116557e-03 3.2191143858645113e-03 2.0983856737487182e-03
    1.2161098791043708e-03 1.0253475451272147e-03 1.2399551708515153e-03
    1.2638004625986599e-03 9.5381166988578101e-04 5.0075112669003500e-04
    5.7228700193146865e-04 6.1997758542575764e-04 9.0612108639149202e-04
    7.8689462765576938e-04 9.5381166988578101e-04 1.4545627965758161e-03
    1.3353363378400935e-03 1.1684192956100817e-03 1.2638004625986599e-03
    1.5737892553115388e-03 2.1222309654958626e-03 2.9091255931516322e-03
    2.9568161766459211e-03 1.8837780480244176e-03 8.1073991940291393e-04
    7.8689462765576938e-04 8.8227579464434747e-04 1.3830269213343826e-03
    1.1684192956100817e-03 3.0998879271287882e-04 2.6229820921858977e-04
    5.2459641843717955e-04 7.3920404416148028e-04 9.0612108639149202e-04
    1.0491928368743591e-03 1.3353363378400935e-03 9.7765696163292556e-04
    9.5381166988578101e-04 1.1684192956100817e-03 1.5499439635643943e-03
    2.3606838829673079e-03 2.4322197582087417e-03 3.0760426353816438e-03
    2.0745403820015738e-03 9.2996637813863657e-04 9.0612108639149202e-04
    1.0015022533800700e-03 1.3591816295872379e-03 1.2161098791043708e-03
    3.0998879271287882e-04 8.1073991940291393e-04 7.8689462765576938e-04
    8.5843050289720292e-04 1.0491928368743591e-03 1.4068722130815270e-03
    2.0506950902544293e-03 1.7645515892886949e-03 1.2876457543458044e-03
    1.2876457543458044e-03 1.7168610057944058e-03 2.1460762572430075e-03
    3.3383408446002335e-03 3.4575673033359561e-03 2.5991368004387532e-03
    1.0491928368743591e-03 1.0491928368743591e-03 1.6214798388058279e-03
    1.3830269213343826e-03 1.3114910460929490e-03 3.3383408446002337e-04
    7.1535875241433584e-04 4.3159978062331595e-03 1.0730381286215038e-03
    1.4068722130815270e-03 1.3353363378400935e-03 1.4545627965758161e-03
    1.3353363378400935e-03 1.4784080883229606e-03 1.3114910460929490e-03
    1.3353363378400935e-03 1.6453251305529723e-03 2.7898991344159096e-03
    4.0536995970145697e-03 3.1714238023702220e-03 1.3830269213343826e-03
    1.5737892553115388e-03 6.4382287717290219e-04 1.5499439635643943e-03
    1.1445740038629373e-03 5.0075112669003500e-04 8.1073991940291393e-04
    1.2161098791043708e-03 1.3353363378400935e-03 1.2638004625986599e-03
    1.4784080883229606e-03 1.1207287121157926e-03 1.4307175048286717e-03
    1.6453251305529723e-03 1.5260986718172497e-03 2.0030045067601400e-03
    1.4307175048286717e-03 3.0998879271287886e-03 3.6244843455659681e-03
    2.5991368004387532e-03 1.4307175048286717e-03 9.0612108639149202e-04
    1.5976345470586832e-03 1.4307175048286717e-03 1.5976345470586832e-03
    8.5843050289720292e-04 8.5843050289720292e-04 1.0015022533800700e-03
    1.7645515892886949e-03 1.8837780480244176e-03 1.5737892553115388e-03
    1.7645515892886949e-03 2.5752915086916088e-03 2.5276009251973199e-03
    1.6453251305529723e-03 2.1699215489901520e-03 2.5037556334501754e-03
    3.9583184300259911e-03 4.2921525144860150e-03 2.4560650499558861e-03
    1.4784080883229606e-03 1.5976345470586832e-03 1.2161098791043708e-03
    1.4307175048286717e-03 1.5737892553115388e-03 7.3920404416148028e-04
    9.5381166988578101e-04 1.2876457543458044e-03 1.0968834203686482e-03
    1.8360874645301285e-03 1.7168610057944058e-03 2.4799103417030306e-03
    1.9314686315187067e-03 1.9553139232658511e-03 1.8360874645301285e-03
    2.9806614683930660e-03 2.9091255931516322e-03 5.6036435605789636e-03
    4.7213677659346158e-03 6.0328588120275653e-03 1.7407062975415505e-03
    1.5976345470586832e-03 1.2161098791043708e-03 1.4307175048286717e-03
    1.9076233397715620e-03 5.9613229367861320e-04 8.1073991940291393e-04
    1.4784080883229606e-03 1.5499439635643943e-03 1.5022533800701052e-03
    2.1699215489901520e-03 2.8614350096573433e-03 2.0506950902544293e-03
    1.9553139232658511e-03 2.1460762572430075e-03 3.1952690941173664e-03
    3.7437108043016907e-03 6.1759305625104319e-03 9.0373655721677753e-03
    5.1028924338889286e-03 3.0045067601402104e-03 1.8837780480244176e-03
    1.5260986718172497e-03 1.7883968810358394e-03 1.8360874645301285e-03
    1.0491928368743591e-03 1.7645515892886949e-03 2.8375897179101985e-03
    2.9329708848987767e-03 3.2429596776116557e-03 4.5306054319574603e-03
    9.7288790328349667e-03 8.9181391134320522e-03 4.8405942246703389e-03
    4.7213677659346158e-03 7.1297422323962131e-03 1.7144764766196915e-02
    3.6769439874096858e-02 3.9607029592007056e-02 1.4593318549252450e-02
    4.7213677659346158e-03 2.2176121324844408e-03 2.2653027159787302e-03
    2.2891480077258746e-03 2.3606838829673079e-03 9.5381166988578101e-04
    1.8599327562772731e-03 2.4083744664615972e-03 2.8852803014044878e-03
    3.6483296373131125e-03 4.6498318906931825e-03 7.9404821517991275e-03
    7.0582063571547797e-03 4.5544507237046047e-03 5.4367265183489517e-03
    7.1297422323962131e-03 2.2295347783580131e-02 4.5806805446264635e-02
    4.8859002789899138e-02 1.7597825309392662e-02 5.0313565586474953e-03
    2.4560650499558861e-03 2.8614350096573433e-03 2.7660538426687651e-03
    2.2414574242315853e-03 8.1073991940291393e-04 7.6304933590862483e-04
    7.1535875241433584e-04 1.4068722130815270e-03 1.1684192956100817e-03
    1.8360874645301285e-03 2.7660538426687651e-03 1.6930157140472614e-03
    2.3606838829673079e-03 2.5991368004387532e-03 3.7914013877959796e-03
    3.8390919712902689e-03 6.8674440231776233e-03 1.0181939576030712e-02
    6.3428476047404439e-03 2.6706726756801870e-03 1.8599327562772731e-03
    1.3830269213343826e-03 1.3114910460929490e-03 1.4068722130815270e-03
    5.4844171018432410e-04 7.8689462765576938e-04 1.0015022533800700e-03
    1.5499439635643943e-03 1.5737892553115388e-03 1.8837780480244176e-03
    2.5276009251973199e-03 2.0268497985072849e-03 1.9553139232658511e-03
    2.0030045067601400e-03 3.2191143858645113e-03 4.1490807640031475e-03
    4.9121300999117722e-03 5.7944058945561200e-03 3.4337220115888117e-03
    1.8122421727829840e-03 1.6691704223001167e-03 1.5737892553115388e-03
    1.8122421727829840e-03 1.5499439635643943e-03 5.4844171018432410e-04
    5.7228700193146865e-04 1.1207287121157926e-03 1.2876457543458044e-03
    2.0268497985072849e-03 1.4068722130815270e-03 1.9553139232658511e-03
    1.9076233397715620e-03 1.9314686315187067e-03 2.3606838829673079e-03
    2.6706726756801870e-03 2.7898991344159096e-03 4.9121300999117722e-03
    4.3159978062331595e-03 2.4083744664615972e-03 1.5022533800701052e-03
    1.6453251305529723e-03 1.4307175048286717e-03 1.7883968810358394e-03
    1.5976345470586832e-03 6.1997758542575764e-04 7.1535875241433584e-04
    1.4307175048286717e-03 9.7765696163292556e-04 1.6930157140472614e-03
    1.3591816295872379e-03 1.3591816295872379e-03 1.5976345470586832e-03
    1.1922645873572264e-03 1.6930157140472614e-03 1.4545627965758161e-03
    1.8837780480244176e-03 2.7898991344159096e-03 4.2683072227388706e-03
    2.5037556334501754e-03 1.3830269213343826e-03 1.0253475451272147e-03
    1.5499439635643943e-03 1.3353363378400935e-03 9.2996637813863657e-04
    3.8152466795431241e-04 7.8689462765576938e-04 1.0491928368743591e-03
    1.4784080883229606e-03 1.4307175048286717e-03 1.0968834203686482e-03
    1.2161098791043708e-03 1.2638004625986599e-03 1.1445740038629373e-03
    1.0968834203686482e-03 1.4545627965758161e-03 1.6930157140472614e-03
    3.1237332188759331e-03 3.6960202208074014e-03 2.8137444261630540e-03
    1.3591816295872379e-03 1.4307175048286717e-03 9.5381166988578101e-04
    1.4307175048286717e-03 1.1207287121157926e-03 4.7690583494289050e-04
