<?xml version="1.0"?>
<opencv_storage>
<loudspeaker type_id="opencv-matrix">
  <rows>20</rows>
  <cols>20</cols>
  <dt>d</dt>
  <data>
    4.4279135671271698e-04 1.3283740701381509e-03 7.9702444208289050e-04
    9.7414098476797731e-04 1.0626992561105207e-03 7.9702444208289050e-04
    1.6826071555083246e-03 1.0626992561105207e-03 8.8558271342543396e-04
    8.8558271342543396e-04 1.0626992561105207e-03 2.4796315975912152e-03
    2.9224229543039319e-03 4.3393552957846264e-03 4.0736804817569959e-03
    2.3910733262486718e-03 2.4796315975912152e-03 3.8965639390719092e-03
    2.9224229543039319e-03 3.6308891250442792e-03 3.5423308537017357e-04
    7.9702444208289050e-04 8.8558271342543396e-04 5.3134962805526033e-04
    1.6826071555083246e-03 8.8558271342543396e-04 8.8558271342543396e-04
    3.5423308537017357e-04 7.0846617074034714e-04 6.1990789939780379e-04
    2.3025150549061280e-03 2.9224229543039319e-03 2.9224229543039319e-03
    4.5164718384697131e-03 4.7821466524973436e-03 2.9224229543039319e-03
    2.6567481402763019e-03 2.9224229543039319e-03 3.9851222104144530e-03
    3.8965639390719092e-03 1.1512575274530640e-03 8.8558271342543393e-05
    8.8558271342543396e-04 7.0846617074034714e-04 7.0846617074034714e-04
    7.9702444208289050e-04 1.3283740701381509e-03 9.7414098476797731e-04
    7.0846617074034714e-04 1.4169323414806943e-03 2.6567481402763019e-03
    3.6308891250442792e-03 3.4537725823591925e-03 3.9851222104144530e-03
    4.0736804817569959e-03 4.3393552957846264e-03 3.0995394969890186e-03
    3.2766560396741058e-03 4.5164718384697131e-03 4.1622387530995397e-03
    1.4169323414806943e-03 1.0626992561105207e-03 7.9702444208289050e-04
    7.9702444208289050e-04 1.2398157987956076e-03 9.7414098476797731e-04
    1.4169323414806943e-03 9.7414098476797731e-04 1.9482819695359546e-03
    1.2398157987956076e-03 2.6567481402763019e-03 6.2876372653205810e-03
    4.6935883811547998e-03 4.8707049238398865e-03 6.9961034360609279e-03
    3.1880977683315620e-03 3.8080056677293659e-03 3.6308891250442792e-03
    4.5164718384697131e-03 5.4906128232376904e-03 7.9702444208289050e-04
    1.2398157987956076e-03 6.1990789939780379e-04 1.1512575274530640e-03
    9.7414098476797731e-04 8.8558271342543396e-04 7.0846617074034714e-04
    4.4279135671271698e-04 4.4279135671271698e-04 9.7414098476797731e-04
    2.2139567835635847e-03 3.1880977683315620e-03 3.6308891250442792e-03
    5.3134962805526037e-03 7.4388947927736451e-03 4.6050301098122561e-03
    4.0736804817569959e-03 5.1363797378675170e-03 5.4906128232376904e-03
    6.1990789939780373e-03 1.1512575274530640e-03 1.0626992561105207e-03
    7.9702444208289050e-04 7.0846617074034714e-04 1.0626992561105207e-03
    1.1512575274530640e-03 1.2398157987956076e-03 1.0626992561105207e-03
    1.0626992561105207e-03 7.9702444208289050e-04 1.9482819695359546e-03
    2.7453064116188452e-03 5.3134962805526037e-03 8.4130357775416224e-03
    8.1473609635139919e-03 4.8707049238398865e-03 5.0478214665249732e-03
    8.7672688629117958e-03 7.2617782500885584e-03 8.2359192348565348e-03
    1.5940488841657810e-03 9.7414098476797731e-04 9.7414098476797731e-04
    1.5054906128232376e-03 9.7414098476797731e-04 7.9702444208289050e-04
    7.0846617074034714e-04 9.7414098476797731e-04 7.0846617074034714e-04
    9.7414098476797731e-04 2.2139567835635847e-03 2.8338646829613886e-03
    3.2766560396741058e-03 5.5791710945802342e-03 6.8189868933758412e-03
    5.2249380092100599e-03 4.4279135671271693e-03 5.2249380092100599e-03
    6.9075451647183849e-03 6.6418703506907545e-03 1.3283740701381509e-03
    1.2398157987956076e-03 7.9702444208289050e-04 9.7414098476797731e-04
    7.9702444208289050e-04 8.8558271342543396e-04 8.8558271342543396e-04
    9.7414098476797731e-04 1.7711654268508679e-04 1.7711654268508679e-04
    5.3134962805526033e-04 1.1512575274530640e-03 1.4169323414806943e-03
    3.0995394969890186e-03 4.7821466524973436e-03 4.9592631951824303e-03
    4.6935883811547998e-03 3.9851222104144530e-03 5.3134962805526037e-03
    5.7562876372653209e-03 1.1512575274530640e-03 1.0626992561105207e-03
    7.0846617074034714e-04 8.8558271342543396e-04 7.0846617074034714e-04
    7.0846617074034714e-04 7.9702444208289050e-04 5.3134962805526033e-04
    4.4279135671271698e-04 8.8558271342543393e-05 2.6567481402763017e-04
    8.8558271342543396e-04 1.5940488841657810e-03 2.6567481402763019e-03
    3.0995394969890186e-03 5.2249380092100599e-03 4.6935883811547998e-03
    7.7931278781438185e-03 5.0478214665249732e-03 7.4388947927736451e-03
    1.0626992561105207e-03 8.8558271342543396e-04 6.1990789939780379e-04
    1.3283740701381509e-03 4.4279135671271698e-04 8.8558271342543396e-04
    5.3134962805526033e-04 8.8558271342543393e-05 0.
    8.8558271342543393e-05 0. 2.6567481402763017e-04
    4.4279135671271698e-04 2.2139567835635847e-03 4.1622387530995397e-03
    4.3393552957846264e-03 5.2249380092100599e-03 5.1363797378675170e-03
    4.9592631951824303e-03 5.5791710945802342e-03 9.7414098476797731e-04
    6.1990789939780379e-04 6.1990789939780379e-04 4.4279135671271698e-04
    1.3283740701381509e-03 7.0846617074034714e-04 2.6567481402763017e-04
    8.8558271342543393e-05 0. 1.7711654268508679e-04
    4.4279135671271698e-04 2.6567481402763017e-04 1.2398157987956076e-03
    2.0368402408784980e-03 3.5423308537017358e-03 3.5423308537017358e-03
    5.2249380092100599e-03 4.8707049238398865e-03 5.6677293659227771e-03
    4.4279135671271693e-03 8.8558271342543396e-04 1.4169323414806943e-03
    7.0846617074034714e-04 8.8558271342543396e-04 1.0626992561105207e-03
    1.0626992561105207e-03 7.9702444208289050e-04 2.6567481402763017e-04
    3.5423308537017357e-04 0. 1.7711654268508679e-04
    3.5423308537017357e-04 7.9702444208289050e-04 2.5681898689337585e-03
    3.1880977683315620e-03 3.9851222104144530e-03 4.9592631951824303e-03
    5.3134962805526037e-03 4.6050301098122561e-03 5.4906128232376904e-03
    1.4169323414806943e-03 9.7414098476797731e-04 1.0626992561105207e-03
    1.0626992561105207e-03 1.1512575274530640e-03 8.8558271342543396e-04
    5.3134962805526033e-04 8.8558271342543396e-04 6.1990789939780379e-04
    4.4279135671271698e-04 1.1512575274530640e-03 9.7414098476797731e-04
    1.7711654268508679e-03 2.6567481402763019e-03 3.9851222104144530e-03
    3.7194473963868225e-03 4.9592631951824303e-03 5.9334041799504076e-03
    6.2876372653205810e-03 9.5642933049946872e-03 1.6826071555083246e-03
    1.0626992561105207e-03 5.3134962805526033e-04 1.5940488841657810e-03
    6.1990789939780379e-04 1.2398157987956076e-03 1.4169323414806943e-03
    1.1512575274530640e-03 2.6567481402763017e-04 6.1990789939780379e-04
    2.0368402408784980e-03 3.0109812256464753e-03 3.8080056677293659e-03
    5.1363797378675170e-03 6.9075451647183849e-03 4.8707049238398865e-03
    5.6677293659227771e-03 1.1512575274530642e-02 5.6677293659227771e-03
    7.2617782500885584e-03 1.1512575274530640e-03 7.9702444208289050e-04
    7.0846617074034714e-04 1.5054906128232376e-03 9.7414098476797731e-04
    8.8558271342543396e-04 7.9702444208289050e-04 1.2398157987956076e-03
    7.0846617074034714e-04 1.5054906128232376e-03 1.7711654268508679e-03
    3.2766560396741058e-03 6.3761955366631240e-03 8.9443854055968833e-03
    9.7414098476797731e-03 4.6935883811547998e-03 4.4279135671271693e-03
    5.1363797378675170e-03 6.7304286220332982e-03 8.8558271342543387e-03
    9.7414098476797731e-04 1.5940488841657810e-03 1.5054906128232376e-03
    8.8558271342543396e-04 4.4279135671271698e-04 1.1512575274530640e-03
    8.8558271342543396e-04 9.7414098476797731e-04 8.8558271342543396e-04
    4.4279135671271698e-04 1.8597236981934113e-03 2.8338646829613886e-03
    4.5164718384697131e-03 7.2617782500885584e-03 8.1473609635139919e-03
    3.5423308537017358e-03 4.9592631951824303e-03 4.8707049238398865e-03
    5.3134962805526037e-03 8.0588026921714490e-03 9.7414098476797731e-04
    7.0846617074034714e-04 2.6567481402763017e-04 8.8558271342543396e-04
