<?xml version="1.0"?>
<opencv_storage>
<magazines type_id="opencv-matrix">
  <rows>20</rows>
  <cols>20</cols>
  <dt>d</dt>
  <data>
    0. 0. 0. 1.0427528675703858e-03 0. 2.0855057351407717e-03
    2.0855057351407717e-03 1.0427528675703858e-03 1.0427528675703858e-03
    5.2137643378519288e-03 0. 2.0855057351407717e-03
    1.0427528675703858e-03 2.0855057351407717e-03 2.0855057351407717e-03
    3.1282586027111575e-03 1.0427528675703858e-03 0.
    1.0427528675703858e-03 0. 1.0427528675703858e-03 0.
    1.0427528675703858e-03 0. 0. 3.1282586027111575e-03
    3.1282586027111575e-03 0. 0. 5.2137643378519288e-03
    6.2565172054223151e-03 6.2565172054223151e-03 3.1282586027111575e-03
    4.1710114702815434e-03 0. 0. 1.0427528675703858e-03
    2.0855057351407717e-03 1.0427528675703858e-03 1.0427528675703858e-03
    0. 1.0427528675703858e-03 2.0855057351407717e-03
    3.1282586027111575e-03 1.0427528675703858e-03 3.1282586027111575e-03
    2.0855057351407717e-03 0. 3.1282586027111575e-03
    2.0855057351407717e-03 1.0427528675703858e-03 3.1282586027111575e-03
    1.0427528675703858e-03 6.2565172054223151e-03 4.1710114702815434e-03
    3.1282586027111575e-03 4.1710114702815434e-03 2.0855057351407717e-03
    1.0427528675703858e-03 1.0427528675703858e-03 0. 0.
    2.0855057351407717e-03 0. 1.0427528675703858e-03
    2.0855057351407717e-03 2.0855057351407717e-03 2.0855057351407717e-03
    2.0855057351407717e-03 5.2137643378519288e-03 7.2992700729927005e-03
    3.1282586027111575e-03 3.1282586027111575e-03 0.
    3.1282586027111575e-03 1.0427528675703858e-03 0.
    1.0427528675703858e-03 2.0855057351407717e-03 1.0427528675703858e-03
    1.0427528675703858e-03 0. 2.0855057351407717e-03
    3.1282586027111575e-03 1.0427528675703858e-03 5.2137643378519288e-03
    5.2137643378519288e-03 3.1282586027111575e-03 3.1282586027111575e-03
    2.0855057351407717e-03 4.1710114702815434e-03 2.0855057351407717e-03
    9.3847758081334730e-03 0. 3.1282586027111575e-03 0.
    5.2137643378519288e-03 1.0427528675703858e-03 3.1282586027111575e-03
    5.2137643378519288e-03 1.0427528675703858e-03 2.0855057351407717e-03
    1.0427528675703858e-03 1.0427528675703858e-03 4.1710114702815434e-03
    2.0855057351407717e-03 9.3847758081334730e-03 2.0855057351407717e-03
    3.1282586027111575e-03 6.2565172054223151e-03 1.2513034410844630e-02
    4.1710114702815434e-03 1.0427528675703858e-03 2.0855057351407717e-03
    2.0855057351407717e-03 5.2137643378519288e-03 1.0427528675703858e-03
    1.0427528675703858e-03 0. 1.0427528675703858e-03 0.
    2.0855057351407717e-03 1.0427528675703858e-03 1.0427528675703858e-03
    0. 2.0855057351407717e-03 4.1710114702815434e-03
    3.1282586027111575e-03 4.1710114702815434e-03 4.1710114702815434e-03
    8.3420229405630868e-03 5.2137643378519288e-03 3.1282586027111575e-03
    4.1710114702815434e-03 2.0855057351407717e-03 3.1282586027111575e-03
    5.2137643378519288e-03 0. 0. 1.0427528675703858e-03
    1.0427528675703858e-03 3.1282586027111575e-03 2.0855057351407717e-03
    0. 1.0427528675703858e-03 2.0855057351407717e-03
    1.0427528675703858e-03 5.2137643378519288e-03 3.1282586027111575e-03
    4.1710114702815434e-03 5.2137643378519288e-03 5.2137643378519288e-03
    5.2137643378519288e-03 6.2565172054223151e-03 1.0427528675703858e-03
    5.2137643378519288e-03 1.0427528675703858e-03 2.0855057351407717e-03
    2.0855057351407717e-03 1.0427528675703858e-03 2.0855057351407717e-03
    8.3420229405630868e-03 3.1282586027111575e-03 0.
    1.0427528675703858e-03 2.0855057351407717e-03 5.2137643378519288e-03
    4.1710114702815434e-03 0. 2.0855057351407717e-03
    2.0855057351407717e-03 6.2565172054223151e-03 3.1282586027111575e-03
    6.2565172054223151e-03 1.0427528675703858e-03 5.2137643378519288e-03
    3.1282586027111575e-03 2.0855057351407717e-03 1.0427528675703858e-03
    0. 3.1282586027111575e-03 2.0855057351407717e-03 0.
    4.1710114702815434e-03 1.0427528675703858e-03 2.0855057351407717e-03
    5.2137643378519288e-03 3.1282586027111575e-03 1.0427528675703858e-03
    1.0427528675703858e-03 1.0427528675703858e-03 5.2137643378519288e-03
    6.2565172054223151e-03 8.3420229405630868e-03 3.1282586027111575e-03
    5.2137643378519288e-03 3.1282586027111575e-03 5.2137643378519288e-03
    4.1710114702815434e-03 2.0855057351407717e-03 0. 0.
    1.0427528675703858e-03 1.0427528675703858e-03 0.
    1.0427528675703858e-03 3.1282586027111575e-03 1.0427528675703858e-03
    1.0427528675703858e-03 5.2137643378519288e-03 3.1282586027111575e-03
    1.3555787278415016e-02 1.0427528675703858e-02 1.0427528675703858e-02
    1.0427528675703858e-02 5.2137643378519288e-03 3.1282586027111575e-03
    2.0855057351407717e-03 2.0855057351407717e-03 1.0427528675703858e-03
    1.0427528675703858e-03 2.0855057351407717e-03 1.0427528675703858e-03
    3.1282586027111575e-03 1.0427528675703858e-03 3.1282586027111575e-03
    1.0427528675703858e-03 3.1282586027111575e-03 5.2137643378519288e-03
    1.0427528675703858e-03 7.2992700729927005e-03 7.2992700729927005e-03
    8.3420229405630868e-03 1.2513034410844630e-02 4.1710114702815434e-03
    6.2565172054223151e-03 5.2137643378519288e-03 5.2137643378519288e-03
    0. 0. 1.0427528675703858e-03 4.1710114702815434e-03
    1.0427528675703858e-03 0. 4.1710114702815434e-03
    2.0855057351407717e-03 4.1710114702815434e-03 4.1710114702815434e-03
    2.0855057351407717e-03 1.0427528675703858e-03 1.0427528675703858e-03
    5.2137643378519288e-03 9.3847758081334730e-03 1.0427528675703858e-02
    3.1282586027111575e-03 2.0855057351407717e-03 4.1710114702815434e-03
    5.2137643378519288e-03 0. 2.0855057351407717e-03
    2.0855057351407717e-03 2.0855057351407717e-03 2.0855057351407717e-03
    3.1282586027111575e-03 0. 0. 8.3420229405630868e-03
    8.3420229405630868e-03 6.2565172054223151e-03 3.1282586027111575e-03
    3.1282586027111575e-03 1.1470281543274244e-02 6.2565172054223151e-03
    9.3847758081334730e-03 4.1710114702815434e-03 2.0855057351407717e-03
    5.2137643378519288e-03 1.0427528675703858e-03 0.
    4.1710114702815434e-03 0. 1.0427528675703858e-03
    2.0855057351407717e-03 0. 1.0427528675703858e-03
    1.0427528675703858e-03 2.0855057351407717e-03 4.1710114702815434e-03
    2.0855057351407717e-03 4.1710114702815434e-03 5.2137643378519288e-03
    3.1282586027111575e-03 2.0855057351407717e-03 1.0427528675703858e-03
    3.1282586027111575e-03 2.0855057351407717e-03 0.
    1.0427528675703858e-03 1.0427528675703858e-03 1.0427528675703858e-03
    0. 1.0427528675703858e-03 3.1282586027111575e-03 0. 0.
    2.0855057351407717e-03 2.0855057351407717e-03 0.
    1.0427528675703858e-03 1.0427528675703858e-03 5.2137643378519288e-03
    2.0855057351407717e-03 1.0427528675703858e-03 0.
    4.1710114702815434e-03 5.2137643378519288e-03 0.
    3.1282586027111575e-03 0. 2.0855057351407717e-03 0. 0.
    1.0427528675703858e-03 2.0855057351407717e-03 2.0855057351407717e-03
    1.0427528675703858e-03 4.1710114702815434e-03 5.2137643378519288e-03
    1.0427528675703858e-03 2.0855057351407717e-03 4.1710114702815434e-03
    1.0427528675703858e-03 4.1710114702815434e-03 3.1282586027111575e-03
    3.1282586027111575e-03 1.0427528675703858e-03 0.
    1.0427528675703858e-03 0. 0. 0. 2.0855057351407717e-03 0. 0.
    1.0427528675703858e-03 0. 3.1282586027111575e-03 0. 0.
    5.2137643378519288e-03 4.1710114702815434e-03 3.1282586027111575e-03
    0. 2.0855057351407717e-03 0. 2.0855057351407717e-03
    1.0427528675703858e-03 0. 0. 0. 0. 0. 0. 0. 1.0427528675703858e-03
    4.1710114702815434e-03 2.0855057351407717e-03 2.0855057351407717e-03
    1.0427528675703858e-03 1.0427528675703858e-03 2.0855057351407717e-03
    1.0427528675703858e-03 2.0855057351407717e-03 4.1710114702815434e-03
    2.0855057351407717e-03 0. 1.0427528675703858e-03 0.
    1.0427528675703858e-03 2.0855057351407717e-03 1.0427528675703858e-03
    0. 3.1282586027111575e-03 0. 0. 1.0427528675703858e-03
    2.0855057351407717e-03 4.1710114702815434e-03 3.1282586027111575e-03
