<?xml version="1.0"?>
<opencv_storage>
<microwave type_id="opencv-matrix">
  <rows>20</rows>
  <cols>20</cols>
  <dt>d</dt>
  <data>
    1.7500875043752187e-04 5.2502625131256564e-04 8.7504375218760934e-04
    5.2502625131256564e-04 1.7500875043752187e-04 7.0003500175008749e-04
    5.2502625131256564e-04 0. 7.0003500175008749e-04
    5.2502625131256564e-04 1.2250612530626530e-03 1.4000700035001750e-03
    2.8001400070003500e-03 4.3752187609380471e-03 4.0252012600630032e-03
    2.4501225061253061e-03 3.8501925096254812e-03 5.2502625131256560e-03
    4.7252362618130910e-03 6.4753237661883097e-03 3.5001750087504374e-04
    1.7500875043752187e-04 8.7504375218760934e-04 5.2502625131256564e-04
    1.4000700035001750e-03 5.2502625131256564e-04 1.0500525026251313e-03
    3.5001750087504374e-04 1.7500875043752187e-04 1.2250612530626530e-03
    1.4000700035001750e-03 8.7504375218760934e-04 2.4501225061253061e-03
    4.7252362618130910e-03 3.5001750087504373e-03 3.8501925096254812e-03
    3.3251662583129158e-03 2.2751137556877845e-03 5.9502975148757438e-03
    1.8725936296814842e-02 3.5001750087504374e-04 3.5001750087504374e-04
    8.7504375218760934e-04 1.7500875043752187e-04 3.5001750087504374e-04
    1.2250612530626530e-03 3.5001750087504374e-04 5.2502625131256564e-04
    1.7500875043752187e-04 7.0003500175008749e-04 1.4000700035001750e-03
    2.2751137556877845e-03 3.1501575078753939e-03 3.6751837591879593e-03
    3.6751837591879593e-03 4.5502275113755691e-03 3.8501925096254812e-03
    5.2502625131256560e-03 6.6503325166258316e-03 6.1253062653132658e-03
    7.0003500175008749e-04 7.0003500175008749e-04 7.0003500175008749e-04
    7.0003500175008749e-04 3.5001750087504374e-04 7.0003500175008749e-04
    5.2502625131256564e-04 0. 1.7500875043752187e-04
    1.4000700035001750e-03 2.1001050052502626e-03 1.5750787539376969e-03
    1.7500875043752187e-03 4.7252362618130910e-03 5.7752887644382219e-03
    4.7252362618130910e-03 4.0252012600630032e-03 4.7252362618130910e-03
    5.6002800140006999e-03 7.3503675183759186e-03 1.2250612530626530e-03
    3.5001750087504374e-04 5.2502625131256564e-04 7.0003500175008749e-04
    7.0003500175008749e-04 5.2502625131256564e-04 7.0003500175008749e-04
    8.7504375218760934e-04 3.5001750087504374e-04 0.
    2.1001050052502626e-03 1.2250612530626530e-03 3.3251662583129158e-03
    5.7752887644382219e-03 2.9751487574378719e-03 4.3752187609380471e-03
    5.7752887644382219e-03 5.6002800140006999e-03 4.3752187609380471e-03
    6.1253062653132658e-03 7.0003500175008749e-04 1.0500525026251313e-03
    7.0003500175008749e-04 1.7500875043752187e-04 1.0500525026251313e-03
    5.2502625131256564e-04 5.2502625131256564e-04 1.7500875043752187e-04
    3.5001750087504374e-04 5.2502625131256564e-04 2.1001050052502626e-03
    1.5750787539376969e-03 2.9751487574378719e-03 6.8253412670633536e-03
    5.2502625131256560e-03 4.5502275113755691e-03 1.8550927546377320e-02
    7.1753587679383966e-03 5.6002800140006999e-03 8.4004200210010503e-03
    3.5001750087504374e-04 7.0003500175008749e-04 1.2250612530626530e-03
    3.5001750087504374e-04 7.0003500175008749e-04 5.2502625131256564e-04
    3.5001750087504374e-04 1.7500875043752187e-04 3.5001750087504374e-04
    7.0003500175008749e-04 1.0500525026251313e-03 1.5750787539376969e-03
    3.3251662583129158e-03 6.4753237661883097e-03 5.4252712635631780e-03
    4.5502275113755691e-03 7.1753587679383966e-03 5.6002800140006999e-03
    6.6503325166258316e-03 5.6002800140006999e-03 7.0003500175008749e-04
    0. 7.0003500175008749e-04 1.7500875043752187e-04
    8.7504375218760934e-04 7.0003500175008749e-04 7.0003500175008749e-04
    5.2502625131256564e-04 5.2502625131256564e-04 7.0003500175008749e-04
    7.0003500175008749e-04 2.2751137556877845e-03 1.9250962548127406e-03
    3.5001750087504373e-03 3.6751837591879593e-03 3.3251662583129158e-03
    6.6503325166258316e-03 8.7504375218760942e-03 9.6254812740637040e-03
    7.7003850192509625e-03 1.2250612530626530e-03 1.2250612530626530e-03
    1.7500875043752187e-04 1.4000700035001750e-03 3.5001750087504374e-04
    3.5001750087504374e-04 3.5001750087504374e-04 3.5001750087504374e-04
    0. 1.7500875043752187e-04 1.7500875043752187e-04
    7.0003500175008749e-04 8.7504375218760934e-04 1.6800840042002101e-02
    3.1501575078753939e-03 4.3752187609380471e-03 5.6002800140006999e-03
    8.4004200210010503e-03 3.8501925096254812e-03 5.9502975148757438e-03
    7.0003500175008749e-04 8.7504375218760934e-04 7.0003500175008749e-04
    8.7504375218760934e-04 1.2250612530626530e-03 7.0003500175008749e-04
    5.2502625131256564e-04 1.7500875043752187e-04 0.
    3.5001750087504374e-04 1.7500875043752187e-04 3.5001750087504374e-04
    3.6751837591879593e-03 7.8753937696884845e-03 5.9502975148757438e-03
    5.0752537626881341e-03 6.3003150157507877e-03 6.4753237661883097e-03
    6.8253412670633536e-03 7.8753937696884845e-03 5.2502625131256564e-04
    7.0003500175008749e-04 1.7500875043752187e-04 5.2502625131256564e-04
    1.7500875043752187e-04 5.2502625131256564e-04 5.2502625131256564e-04
    0. 0. 1.2250612530626530e-03 3.5001750087504374e-04
    7.0003500175008749e-04 1.9250962548127406e-03 7.5253762688134405e-03
    4.7252362618130910e-03 5.6002800140006999e-03 7.0003500175008747e-03
    5.9502975148757438e-03 9.1004550227511381e-03 6.4753237661883097e-03
    5.2502625131256564e-04 0. 5.2502625131256564e-04
    1.0500525026251313e-03 8.7504375218760934e-04 7.0003500175008749e-04
    8.7504375218760934e-04 3.5001750087504374e-04 0. 0. 0.
    1.5750787539376969e-03 1.4000700035001750e-03 3.1501575078753939e-03
    4.2002100105005252e-03 5.4252712635631780e-03 5.7752887644382219e-03
    8.5754287714385723e-03 9.4504725236261820e-03 8.2254112705635284e-03
    0. 3.5001750087504374e-04 7.0003500175008749e-04
    5.2502625131256564e-04 5.2502625131256564e-04 1.0500525026251313e-03
    7.0003500175008749e-04 1.7500875043752187e-04 0. 0.
    1.0500525026251313e-03 2.1001050052502626e-03 1.2250612530626530e-03
    4.2002100105005252e-03 4.5502275113755691e-03 5.0752537626881341e-03
    6.4753237661883097e-03 5.0752537626881341e-03 6.8253412670633536e-03
    7.3503675183759186e-03 1.4000700035001750e-03 3.5001750087504374e-04
    1.4000700035001750e-03 5.2502625131256564e-04 1.4000700035001750e-03
    3.5001750087504374e-04 7.0003500175008749e-04 1.0500525026251313e-03
    7.0003500175008749e-04 5.2502625131256564e-04 1.0500525026251313e-03
    1.2250612530626530e-03 5.2502625131256560e-03 5.7752887644382219e-03
    3.6751837591879593e-03 5.9502975148757438e-03 6.6503325166258316e-03
    6.6503325166258316e-03 8.2254112705635284e-03 7.8753937696884845e-03
    8.7504375218760934e-04 1.7500875043752187e-04 3.5001750087504374e-04
    8.7504375218760934e-04 5.2502625131256564e-04 1.7500875043752187e-04
    7.0003500175008749e-04 3.5001750087504374e-04 1.7500875043752187e-04
    7.0003500175008749e-04 8.7504375218760934e-04 7.0003500175008749e-04
    3.3251662583129158e-03 5.0752537626881341e-03 2.2751137556877845e-03
    3.6751837591879593e-03 4.2002100105005252e-03 5.4252712635631780e-03
    5.9502975148757438e-03 6.1253062653132658e-03 1.7500875043752187e-04
    8.7504375218760934e-04 7.0003500175008749e-04 5.2502625131256564e-04
    3.5001750087504374e-04 1.7500875043752187e-04 5.2502625131256564e-04
    5.2502625131256564e-04 5.2502625131256564e-04 1.0500525026251313e-03
    1.4000700035001750e-03 1.7500875043752187e-03 2.8001400070003500e-03
    5.2502625131256560e-03 2.2751137556877845e-03 4.7252362618130910e-03
    5.9502975148757438e-03 7.5253762688134405e-03 7.0003500175008747e-03
    4.7252362618130910e-03 1.2250612530626530e-03 1.7500875043752187e-04
    7.0003500175008749e-04 1.7500875043752187e-04 7.0003500175008749e-04
    5.2502625131256564e-04 3.5001750087504374e-04 3.5001750087504374e-04
    3.5001750087504374e-04 1.7500875043752187e-03 1.5750787539376969e-03
    2.2751137556877845e-03 1.7500875043752187e-03 5.6002800140006999e-03
