<?xml version="1.0"?>
<opencv_storage>
<mirror type_id="opencv-matrix">
  <rows>20</rows>
  <cols>20</cols>
  <dt>d</dt>
  <data>
    1.1806375442739079e-03 2.1399055489964582e-03 1.6971664698937426e-03
    2.1399055489964582e-03 1.4020070838252656e-03 1.4020070838252656e-03
    1.9185360094451003e-03 1.1806375442739079e-03 1.2544273907910272e-03
    1.9923258559622196e-03 1.6233766233766235e-03 2.8040141676505311e-03
    3.0991735537190084e-03 3.1729634002361277e-03 5.9769775678866592e-03
    5.3128689492325859e-03 2.3612750885478157e-03 2.2136953955135775e-03
    2.6564344746162929e-03 2.1399055489964582e-03 8.1168831168831174e-04
    1.4020070838252656e-03 1.5495867768595042e-03 1.7709563164108619e-03
    2.3612750885478157e-03 1.6233766233766235e-03 1.9185360094451003e-03
    2.4350649350649350e-03 1.1068476977567888e-03 8.8547815820543094e-04
    8.1168831168831174e-04 3.0253837072018890e-03 4.3536009445100353e-03
    3.7632821723730813e-03 5.7556080283353009e-03 5.5342384887839434e-03
    2.3612750885478157e-03 2.5088547815820543e-03 2.5088547815820543e-03
    3.0991735537190084e-03 1.4020070838252656e-03 1.6971664698937426e-03
    1.9185360094451003e-03 1.3282172373081465e-03 1.6971664698937426e-03
    1.6233766233766235e-03 1.9923258559622196e-03 2.2874852420306964e-03
    1.4757969303423849e-03 9.5926800472255014e-04 1.2544273907910272e-03
    3.5419126328217238e-03 5.2390791027154661e-03 4.5011806375442739e-03
    6.1245572609208970e-03 7.6003541912632823e-03 2.8778040141676504e-03
    2.4350649350649350e-03 3.1729634002361277e-03 4.1322314049586778e-03
    1.7709563164108619e-03 1.6971664698937426e-03 5.9031877213695393e-04
    1.6233766233766235e-03 1.6233766233766235e-03 1.9923258559622196e-03
    1.6233766233766235e-03 1.6971664698937426e-03 1.4020070838252656e-03
    2.2136953955135775e-03 2.2136953955135775e-03 3.0991735537190084e-03
    5.1652892561983473e-03 3.2467532467532470e-03 6.1245572609208970e-03
    5.9769775678866592e-03 2.8040141676505311e-03 2.6564344746162929e-03
    2.5826446280991736e-03 3.5419126328217238e-03 1.4757969303423849e-03
    1.3282172373081465e-03 1.3282172373081465e-03 1.8447461629279812e-03
    2.2874852420306964e-03 2.5088547815820543e-03 1.5495867768595042e-03
    1.4757969303423849e-03 1.5495867768595042e-03 1.9185360094451003e-03
    2.2136953955135775e-03 2.5088547815820543e-03 3.3205430932703658e-03
    3.0991735537190084e-03 4.6487603305785125e-03 5.5342384887839434e-03
    3.1729634002361277e-03 2.1399055489964582e-03 2.3612750885478157e-03
    3.0991735537190084e-03 2.8040141676505311e-03 2.5826446280991736e-03
    7.3789846517119243e-04 1.4020070838252656e-03 2.1399055489964582e-03
    2.3612750885478157e-03 1.3282172373081465e-03 7.3789846517119243e-04
    1.0330578512396695e-03 1.2544273907910272e-03 1.8447461629279812e-03
    2.2874852420306964e-03 3.1729634002361277e-03 3.8370720188902006e-03
    3.9846517119244392e-03 3.6894923258559624e-03 2.2136953955135775e-03
    2.8778040141676504e-03 3.3943329397874852e-03 3.9846517119244392e-03
    1.6233766233766235e-03 2.4350649350649350e-03 1.4757969303423849e-03
    1.0330578512396695e-03 1.4757969303423849e-03 1.5495867768595042e-03
    1.1068476977567888e-03 9.5926800472255014e-04 6.7148760330578514e-03
    1.2544273907910272e-03 1.4020070838252656e-03 2.6564344746162929e-03
    3.0991735537190084e-03 1.9923258559622196e-03 2.6564344746162929e-03
    4.2798110979929164e-03 2.2136953955135775e-03 2.8778040141676504e-03
    3.6894923258559624e-03 3.5419126328217238e-03 1.6971664698937426e-03
    2.2136953955135775e-03 1.8447461629279812e-03 1.8447461629279812e-03
    1.2544273907910272e-03 9.5926800472255014e-04 8.1168831168831174e-04
    8.1168831168831174e-04 8.8547815820543094e-04 1.4020070838252656e-03
    1.6233766233766235e-03 1.6971664698937426e-03 2.6564344746162929e-03
    2.5826446280991736e-03 2.1399055489964582e-03 3.3205430932703658e-03
    3.7632821723730813e-03 3.6894923258559624e-03 3.4681227863046045e-03
    3.5419126328217238e-03 1.9923258559622196e-03 1.4757969303423849e-03
    1.4020070838252656e-03 1.6971664698937426e-03 9.5926800472255014e-04
    1.2544273907910272e-03 2.3612750885478157e-03 6.6410861865407323e-04
    8.8547815820543094e-04 1.7709563164108619e-03 5.1652892561983473e-04
    1.6233766233766235e-03 2.8040141676505311e-03 2.1399055489964582e-03
    3.0991735537190084e-03 3.5419126328217238e-03 4.4273907910271550e-03
    3.3943329397874852e-03 3.1729634002361277e-03 4.5749704840613928e-03
    1.8447461629279812e-03 1.7709563164108619e-03 1.1806375442739079e-03
    1.6971664698937426e-03 2.4350649350649350e-03 1.5495867768595042e-03
    3.0253837072018890e-03 2.5088547815820543e-03 9.5926800472255014e-04
    7.3789846517119241e-05 1.4757969303423848e-04 2.2136953955135775e-03
    5.7556080283353009e-03 6.8624557260920900e-03 4.2060212514757967e-03
    7.0100354191263278e-03 2.9515938606847697e-03 2.9515938606847697e-03
    5.2390791027154661e-03 4.9439197166469898e-03 2.0661157024793389e-03
    1.7709563164108619e-03 1.0330578512396695e-03 2.2874852420306964e-03
    2.0661157024793389e-03 2.5088547815820543e-03 1.5495867768595042e-03
    1.1068476977567888e-03 9.5926800472255014e-04 5.9031877213695393e-04
    0. 2.2874852420306964e-03 6.1245572609208970e-03
    6.1245572609208970e-03 5.0914994096812275e-03 8.6334120425029508e-03
    2.6564344746162929e-03 3.6894923258559624e-03 4.1322314049586778e-03
    4.7225501770956314e-03 1.2544273907910272e-03 1.7709563164108619e-03
    1.2544273907910272e-03 2.2136953955135775e-03 1.1806375442739079e-03
    1.1068476977567888e-03 9.5926800472255014e-04 6.6410861865407323e-04
    8.1168831168831174e-04 4.4273907910271547e-04 7.3789846517119243e-04
    9.5926800472255014e-04 2.2136953955135775e-03 2.6564344746162929e-03
    1.7709563164108619e-03 3.6894923258559624e-03 3.1729634002361277e-03
    3.3205430932703658e-03 2.6564344746162929e-03 4.5749704840613928e-03
    2.8040141676505311e-03 2.0661157024793389e-03 2.0661157024793389e-03
    2.2136953955135775e-03 9.5926800472255014e-04 8.1168831168831174e-04
    1.9185360094451003e-03 1.6233766233766235e-03 6.2721369539551356e-03
    2.0661157024793389e-03 1.6971664698937426e-03 1.9923258559622196e-03
    2.5088547815820543e-03 1.4020070838252656e-03 2.7302243211334122e-03
    2.6564344746162929e-03 2.2874852420306964e-03 3.5419126328217238e-03
    3.2467532467532470e-03 4.1322314049586778e-03 1.0330578512396695e-03
    1.4757969303423849e-03 1.4757969303423849e-03 1.4020070838252656e-03
    1.4020070838252656e-03 1.6233766233766235e-03 1.2544273907910272e-03
    1.6233766233766235e-03 8.1168831168831174e-04 1.4020070838252656e-03
    2.2136953955135775e-03 2.4350649350649350e-03 2.4350649350649350e-03
    2.5826446280991736e-03 2.1399055489964582e-03 5.1652892561983473e-03
    2.5088547815820543e-03 2.7302243211334122e-03 5.3128689492325859e-03
    3.8370720188902006e-03 1.3282172373081465e-03 2.3612750885478157e-03
    8.8547815820543094e-04 1.5495867768595042e-03 2.5088547815820543e-03
    1.9923258559622196e-03 1.5495867768595042e-03 1.4020070838252656e-03
    1.4757969303423849e-03 1.6971664698937426e-03 1.7709563164108619e-03
    3.2467532467532470e-03 4.2060212514757967e-03 3.6157024793388431e-03
    4.2798110979929164e-03 3.9846517119244392e-03 3.6894923258559624e-03
    3.7632821723730813e-03 4.7225501770956314e-03 3.0253837072018890e-03
    1.9185360094451003e-03 1.9185360094451003e-03 2.2136953955135775e-03
    1.9185360094451003e-03 2.0661157024793389e-03 1.1806375442739079e-03
    1.2544273907910272e-03 1.6233766233766235e-03 9.5926800472255014e-04
    2.2136953955135775e-03 2.5826446280991736e-03 2.7302243211334122e-03
    3.6157024793388431e-03 3.5419126328217238e-03 6.1983471074380167e-03
    4.0584415584415581e-03 2.8778040141676504e-03 3.2467532467532470e-03
    3.6157024793388431e-03 3.6894923258559624e-03 1.7709563164108619e-03
    1.4020070838252656e-03 1.0330578512396695e-03 1.2544273907910272e-03
