<?xml version="1.0"?>
<opencv_storage>
<motorcycle type_id="opencv-matrix">
  <rows>20</rows>
  <cols>20</cols>
  <dt>d</dt>
  <data>
    2.0661157024793389e-03 0. 0. 0. 4.1322314049586778e-03 0.
    4.1322314049586778e-03 0. 4.1322314049586778e-03 0.
    8.2644628099173556e-03 2.0661157024793389e-03 0. 0. 0.
    2.0661157024793389e-03 2.0661157024793389e-03 0.
    2.0661157024793389e-03 0. 0. 2.0661157024793389e-03
    2.0661157024793389e-03 0. 0. 2.0661157024793389e-03 0. 0. 0.
    4.1322314049586778e-03 4.1322314049586778e-03 2.0661157024793389e-03
    0. 4.1322314049586778e-03 8.2644628099173556e-03 0.
    2.0661157024793389e-03 2.0661157024793389e-03 0.
    2.0661157024793389e-03 2.0661157024793389e-03 2.0661157024793389e-03
    2.0661157024793389e-03 0. 0. 0. 2.0661157024793389e-03
    2.0661157024793389e-03 0. 0. 1.0330578512396695e-02
    6.1983471074380167e-03 2.0661157024793389e-03 0. 0.
    2.0661157024793389e-03 4.1322314049586778e-03 6.1983471074380167e-03
    0. 0. 6.1983471074380167e-03 2.0661157024793389e-03 0. 0. 0. 0. 0.
    4.1322314049586778e-03 2.0661157024793389e-03 4.1322314049586778e-03
    4.1322314049586778e-03 0. 0. 0. 0. 6.1983471074380167e-03 0. 0. 0.
    0. 0. 0. 4.1322314049586778e-03 2.0661157024793389e-03 0. 0.
    4.1322314049586778e-03 2.0661157024793389e-03 2.0661157024793389e-03
    0. 6.1983471074380167e-03 2.0661157024793389e-03
    4.1322314049586778e-03 4.1322314049586778e-03 2.0661157024793389e-03
    0. 2.0661157024793389e-03 0. 0. 2.0661157024793389e-03
    2.0661157024793389e-03 2.0661157024793389e-03 2.0661157024793389e-03
    4.1322314049586778e-03 0. 0. 2.0661157024793389e-03
    4.1322314049586778e-03 2.0661157024793389e-03 0.
    1.2396694214876033e-02 4.1322314049586778e-03 2.0661157024793389e-03
    2.0661157024793389e-03 2.0661157024793389e-03 6.1983471074380167e-03
    0. 2.0661157024793389e-03 0. 2.0661157024793389e-03
    2.0661157024793389e-03 2.0661157024793389e-03 0.
    4.1322314049586778e-03 0. 4.1322314049586778e-03
    4.1322314049586778e-03 8.2644628099173556e-03 2.0661157024793389e-03
    0. 6.1983471074380167e-03 2.0661157024793389e-03 0.
    2.0661157024793389e-03 0. 0. 0. 4.1322314049586778e-03
    2.0661157024793389e-03 0. 0. 2.0661157024793389e-03
    6.1983471074380167e-03 2.0661157024793389e-03 0.
    4.1322314049586778e-03 2.0661157024793389e-03 0.
    2.0661157024793389e-03 0. 8.2644628099173556e-03
    4.1322314049586778e-03 8.2644628099173556e-03 2.0661157024793389e-03
    0. 4.1322314049586778e-03 2.0661157024793389e-03 0.
    4.1322314049586778e-03 2.0661157024793389e-03 2.0661157024793389e-03
    0. 2.0661157024793389e-03 2.0661157024793389e-03 0. 0. 0. 0.
    2.0661157024793389e-03 4.1322314049586778e-03 4.1322314049586778e-03
    2.0661157024793389e-03 4.1322314049586778e-03 2.0661157024793389e-03
    0. 2.0661157024793389e-03 2.0661157024793389e-03
    2.0661157024793389e-03 0. 0. 2.0661157024793389e-03
    2.0661157024793389e-03 4.1322314049586778e-03 0. 0. 0. 0.
    2.0661157024793389e-03 0. 1.8595041322314050e-02
    2.2727272727272728e-02 1.8595041322314050e-02 1.4462809917355372e-02
    2.0661157024793389e-03 0. 0. 0. 0. 2.0661157024793389e-03
    2.0661157024793389e-03 0. 0. 2.0661157024793389e-03 0.
    2.0661157024793389e-03 2.0661157024793389e-03 0. 0. 0.
    3.3057851239669422e-02 3.3057851239669422e-02 7.4380165289256200e-02
    2.8925619834710745e-02 6.1983471074380167e-03 4.1322314049586778e-03
    0. 0. 2.0661157024793389e-03 2.0661157024793389e-03
    4.1322314049586778e-03 0. 6.1983471074380167e-03
    2.0661157024793389e-03 0. 0. 4.1322314049586778e-03
    4.1322314049586778e-03 4.1322314049586778e-03 4.1322314049586778e-03
    4.1322314049586778e-03 0. 2.0661157024793389e-03
    2.0661157024793389e-03 4.1322314049586778e-03 6.1983471074380167e-03
    0. 2.0661157024793389e-03 0. 2.0661157024793389e-03
    4.1322314049586778e-03 2.0661157024793389e-03 2.0661157024793389e-03
    0. 0. 0. 4.1322314049586778e-03 0. 4.1322314049586778e-03
    2.0661157024793389e-03 2.0661157024793389e-03 1.2396694214876033e-02
    4.1322314049586778e-03 1.0330578512396695e-02 2.0661157024793389e-03
    4.1322314049586778e-03 2.0661157024793389e-03 0.
    2.0661157024793389e-03 2.0661157024793389e-03 6.1983471074380167e-03
    2.0661157024793389e-03 0. 0. 0. 0. 2.0661157024793389e-03 0.
    2.0661157024793389e-03 0. 2.0661157024793389e-03
    4.1322314049586778e-03 1.0330578512396695e-02 2.0661157024793389e-03
    0. 0. 4.1322314049586778e-03 0. 0. 6.1983471074380167e-03 0.
    4.1322314049586778e-03 0. 2.0661157024793389e-03
    2.0661157024793389e-03 4.1322314049586778e-03 0.
    2.0661157024793389e-03 4.1322314049586778e-03 2.0661157024793389e-03
    6.1983471074380167e-03 0. 8.2644628099173556e-03
    4.1322314049586778e-03 0. 0. 8.2644628099173556e-03
    2.0661157024793389e-03 2.0661157024793389e-03 2.0661157024793389e-03
    0. 2.0661157024793389e-03 0. 0. 0. 2.0661157024793389e-03
    2.0661157024793389e-03 2.0661157024793389e-03 2.0661157024793389e-03
    0. 4.1322314049586778e-03 0. 1.0330578512396695e-02 0. 0.
    2.0661157024793389e-03 2.0661157024793389e-03 2.0661157024793389e-03
    2.0661157024793389e-03 2.0661157024793389e-03 0.
    2.0661157024793389e-03 0. 2.0661157024793389e-03 0. 0. 0. 0. 0.
    8.2644628099173556e-03 4.1322314049586778e-03 2.0661157024793389e-03
    0. 0. 0. 0. 4.1322314049586778e-03 0. 2.0661157024793389e-03 0.
    2.0661157024793389e-03 2.0661157024793389e-03 0. 0. 0.
    6.1983471074380167e-03 0. 2.0661157024793389e-03
    4.1322314049586778e-03 0. 2.0661157024793389e-03 0. 0.
    4.1322314049586778e-03 0. 2.0661157024793389e-03
    6.1983471074380167e-03 0. 2.0661157024793389e-03
    8.2644628099173556e-03 0. 2.0661157024793389e-03 0.
    4.1322314049586778e-03 0. 0. 2.0661157024793389e-03 0. 0. 0.
    2.0661157024793389e-03 0. 2.0661157024793389e-03
    2.0661157024793389e-03 4.1322314049586778e-03 2.0661157024793389e-03
    0. 0. 0. 2.0661157024793389e-03 4.1322314049586778e-03
    2.0661157024793389e-03 2.0661157024793389e-03 0.
    2.0661157024793389e-03 2.0661157024793389e-03 4.1322314049586778e-03
    0. 0. 2.0661157024793389e-03 6.1983471074380167e-03 0.
    2.0661157024793389e-03 2.0661157024793389e-03 2.0661157024793389e-03
    0. 2.0661157024793389e-03 0. 2.0661157024793389e-03 0. 0.</data></motorcycle>
</opencv_storage>
