<?xml version="1.0"?>
<opencv_storage>
<office_chair type_id="opencv-matrix">
  <rows>20</rows>
  <cols>20</cols>
  <dt>d</dt>
  <data>
    9.6014338141162418e-04 7.0410514636852441e-04 1.0561577195527866e-03
    1.0668259793462490e-03 1.0988307587266365e-03 6.9343688657506192e-04
    8.7479730306392418e-04 7.3610992574891186e-04 7.7878296492276181e-04
    3.2644874967995220e-03 3.6058718101903216e-03 1.0454894597593241e-03
    7.0410514636852441e-04 9.1747034223777413e-04 8.9613382265084915e-04
    5.6541776905351198e-04 8.1078774430314927e-04 8.6412904327046170e-04
    9.1747034223777413e-04 1.1521720576939489e-03 1.1841768370743364e-03
    1.2801911752154988e-03 1.2908594350089612e-03 1.2055133566612614e-03
    1.1094990185200990e-03 1.0561577195527866e-03 7.3610992574891186e-04
    7.8945122471622429e-04 1.0134846803789366e-03 3.5738670308099341e-03
    4.2993086967653841e-03 1.1521720576939489e-03 7.7878296492276181e-04
    7.7878296492276181e-04 8.0011948450968678e-04 7.4677818554237435e-04
    7.5744644533583684e-04 9.1747034223777413e-04 1.1628403174874114e-03
    9.3880686182469921e-04 1.2908594350089612e-03 1.3121959545958862e-03
    1.2055133566612614e-03 1.3868737731501238e-03 1.0668259793462490e-03
    1.0241529401723991e-03 1.0774942391397115e-03 8.9613382265084915e-04
    1.3121959545958862e-03 4.4486643338738589e-03 4.5126738926346338e-03
    1.3121959545958862e-03 8.6412904327046170e-04 9.7081164120508667e-04
    8.7479730306392418e-04 7.4677818554237435e-04 1.2161816164547238e-03
    1.2588546556285738e-03 1.2161816164547238e-03 1.1735085772808739e-03
    9.9214816079201164e-04 1.0241529401723991e-03 1.2268498762481863e-03
    1.4828881112912862e-03 1.4722198514978237e-03 9.9214816079201164e-04
    8.7479730306392418e-04 1.0454894597593241e-03 1.1415037979004864e-03
    5.3127933771443198e-03 5.5474950926004954e-03 1.1201672783135615e-03
    8.0011948450968678e-04 9.2813860203123661e-04 9.2813860203123661e-04
    1.1094990185200990e-03 1.2268498762481863e-03 1.0668259793462490e-03
    1.2375181360416488e-03 1.2588546556285738e-03 1.0988307587266365e-03
    1.4082102927370488e-03 1.3548689937697364e-03 1.0988307587266365e-03
    1.4082102927370488e-03 1.5575659298455236e-03 9.1747034223777413e-04
    9.6014338141162418e-04 9.9214816079201164e-04 4.5553469318084837e-03
    5.6221729111547323e-03 1.2375181360416488e-03 7.5744644533583684e-04
    8.0011948450968678e-04 8.8546556285738667e-04 9.9214816079201164e-04
    9.6014338141162418e-04 1.0881624989331740e-03 1.2268498762481863e-03
    1.4402150721174363e-03 1.5789024494324486e-03 1.2695229154220363e-03
    1.1521720576939489e-03 1.1308355381070240e-03 1.1841768370743364e-03
    1.3975420329435863e-03 1.3442007339762739e-03 8.5346078347699921e-04
    7.4677818554237435e-04 5.4301442348724076e-03 6.2409319791755565e-03
    1.2481863958351113e-03 9.7081164120508667e-04 6.9343688657506192e-04
    1.4402150721174363e-03 1.1415037979004864e-03 1.3442007339762739e-03
    1.8562772040624732e-03 1.4615515917043612e-03 1.7495946061278484e-03
    1.6002389690193736e-03 1.7282580865409234e-03 1.7602628659213109e-03
    1.7922676453016983e-03 1.2268498762481863e-03 1.2375181360416488e-03
    1.4082102927370488e-03 6.5076384740121187e-04 5.7608602884697446e-04
    6.6783306307075189e-03 7.0410514636852434e-03 1.0774942391397115e-03
    6.9343688657506192e-04 1.2588546556285738e-03 1.2908594350089612e-03
    1.1841768370743364e-03 2.0376376205513357e-03 1.7175898267474609e-03
    2.1336519586924981e-03 2.1016471793121106e-03 1.4935563710847487e-03
    1.6642485277801485e-03 1.6855850473670734e-03 1.3335324741828112e-03
    7.5744644533583684e-04 4.2673039173849961e-04 3.5205257318426220e-04
    4.1606213194503712e-04 1.9202867628232483e-04 8.0011948450968678e-04
    1.0454894597593241e-03 2.1336519586924980e-04 4.0539387215157463e-04
    7.0410514636852441e-04 5.9742254843389944e-04 6.9343688657506192e-04
    1.2375181360416488e-03 2.3043441153878979e-03 1.7389263463343859e-03
    1.3762055133566614e-03 1.0348211999658616e-03 1.3015276948024237e-03
    1.5895707092259111e-03 1.4828881112912862e-03 9.6014338141162418e-04
    5.7608602884697446e-04 3.0937953401041220e-04 2.3470171545617480e-04
    2.3470171545617480e-04 2.4536997524963729e-04 2.4536997524963729e-04
    1.8136041648886234e-04 2.5603823504309977e-04 3.3071605359733718e-04
    5.4408124946658701e-04 8.0011948450968678e-04 1.3548689937697364e-03
    1.6855850473670734e-03 1.6109072288128360e-03 1.0134846803789366e-03
    2.9337714432021850e-03 3.2324827174191346e-03 3.3711700947341469e-03
    2.7097379875394728e-03 2.1123154391055731e-03 1.5468976700520611e-03
    1.3228642143893487e-03 4.2673039173849961e-04 1.4935563710847487e-03
    5.3341298967312455e-02 6.8554237432789961e-02 3.7018861483314840e-03
    6.5076384740121187e-04 1.3015276948024237e-03 1.0774942391397115e-03
    1.6642485277801485e-03 2.7844158060937102e-03 2.7417427669198602e-03
    3.4245113937014593e-03 4.0539387215157464e-03 3.4671844328753093e-03
    2.8804301442348725e-03 3.0191175215498849e-03 3.2644874967995220e-03
    1.8669454638559357e-03 1.5362294102585986e-03 1.6535802679866860e-03
    6.9343688657506192e-04 2.1869932576598105e-03 1.3231842621831527e-01
    1.6573141589143978e-01 3.8725783050268842e-03 5.8675428864043695e-04
    1.7815993855082358e-03 1.3762055133566614e-03 2.4536997524963727e-03
    3.2004779380387471e-03 3.6058718101903216e-03 4.5980199709823337e-03
    4.3739865153196210e-03 1.1948450968677989e-03 1.4935563710847487e-03
    1.4722198514978237e-03 1.6535802679866860e-03 1.0134846803789366e-03
    4.9073995049927458e-04 2.8804301442348723e-04 2.3470171545617480e-04
    8.5346078347699929e-05 1.8136041648886234e-04 3.0937953401041220e-04
    1.9202867628232483e-04 2.4536997524963729e-04 3.2004779380387469e-04
    5.0140821029273706e-04 7.8945122471622429e-04 1.2695229154220363e-03
    1.5042246308782112e-03 1.6429120081932235e-03 1.2161816164547238e-03
    1.3228642143893487e-03 1.7282580865409234e-03 1.6109072288128360e-03
    1.2801911752154988e-03 9.1747034223777413e-04 5.3341298967312452e-04
    6.2942732781428689e-04 3.3071605359733718e-04 1.7069215669539986e-04
    6.9343688657506192e-04 1.0454894597593241e-03 2.3470171545617480e-04
    5.8675428864043695e-04 3.8405735256464966e-04 4.9073995049927458e-04
    6.2942732781428689e-04 1.4508833319108988e-03 2.1229836988990356e-03
    2.0269693607578732e-03 1.1415037979004864e-03 1.7709311257147733e-03
    1.6962533071605359e-03 1.9416232824101733e-03 2.0803106597251857e-03
    9.7081164120508667e-04 1.3548689937697364e-03 1.5468976700520611e-03
    6.8276862678159943e-04 5.9742254843389944e-04 6.0489033028932318e-03
    7.3504309976956559e-03 9.2813860203123661e-04 9.0680208244431164e-04
    1.4935563710847487e-03 1.0454894597593241e-03 9.2813860203123661e-04
    1.5362294102585986e-03 1.9522915422036358e-03 1.8776137236493984e-03
    2.2296662968336605e-03 1.5362294102585986e-03 1.8136041648886233e-03
    1.4615515917043612e-03 1.4508833319108988e-03 1.4188785525305113e-03
    1.7175898267474609e-03 9.1747034223777413e-04 9.2813860203123661e-04
    8.3212426389007424e-04 5.2914568575573948e-03 6.1662541606213195e-03
    9.9214816079201164e-04 7.2544166595544938e-04 1.1094990185200990e-03
    1.3975420329435863e-03 1.0774942391397115e-03 1.0028164205854741e-03
    1.2161816164547238e-03 1.4722198514978237e-03 1.8989502432363234e-03
    1.0774942391397115e-03 1.2588546556285738e-03 1.2161816164547238e-03
    1.4508833319108988e-03 1.2801911752154988e-03 1.0348211999658616e-03
    9.1747034223777413e-04 7.8945122471622429e-04 8.8546556285738667e-04
    4.9394042843731332e-03 5.6008363915678074e-03 1.3548689937697364e-03
    7.2544166595544938e-04 7.7878296492276181e-04 8.0011948450968678e-04
    1.0028164205854741e-03 1.0668259793462490e-03 1.1735085772808739e-03
    1.2161816164547238e-03 1.5362294102585986e-03 1.3335324741828112e-03
