<?xml version="1.0"?>
<opencv_storage>
<ottoman type_id="opencv-matrix">
  <rows>20</rows>
  <cols>20</cols>
  <dt>d</dt>
  <data>
    1.4652699837885022e-03 1.0599825414640230e-03 1.9017333832148646e-03
    2.0576131687242800e-03 1.5276218979922683e-03 1.7458535977054495e-03
    2.0887891258261630e-03 1.8082055119092155e-03 2.2134929542336952e-03
    2.4940765681506424e-03 2.8370120962713553e-03 2.2134929542336952e-03
    2.2134929542336952e-03 1.5276218979922683e-03 1.9017333832148646e-03
    1.9017333832148646e-03 1.9640852974186309e-03 1.4029180695847362e-03
    1.4340940266866192e-03 1.8705574261129816e-03 1.0288065843621400e-03
    1.6211497692979174e-03 1.6211497692979174e-03 2.2758448684374612e-03
    2.0887891258261630e-03 2.3070208255393443e-03 1.8082055119092155e-03
    1.8705574261129816e-03 2.5252525252525255e-03 2.9305399675770044e-03
    3.1799476243920687e-03 2.8058361391694723e-03 2.3070208255393443e-03
    1.9017333832148646e-03 2.1511410400299291e-03 1.2782142411772040e-03
    2.5564284823544081e-03 1.8705574261129816e-03 1.9640852974186309e-03
    1.6211497692979174e-03 1.5587978550941513e-03 1.5276218979922683e-03
    2.4317246539468764e-03 1.8393814690110986e-03 2.2134929542336952e-03
    2.5564284823544081e-03 2.7746601820675893e-03 2.6811323107619402e-03
    2.1511410400299291e-03 5.4557924928295299e-03 4.3958099513655069e-03
    3.3670033670033669e-03 1.8082055119092155e-03 2.7123082678638232e-03
    2.4317246539468764e-03 1.9017333832148646e-03 2.2446689113355782e-03
    2.1199650829280461e-03 1.3405661553809701e-03 2.1511410400299291e-03
    1.1535104127696721e-03 1.8705574261129816e-03 2.2758448684374612e-03
    1.9952612545205139e-03 1.6523257263998004e-03 2.1199650829280461e-03
    3.0552437959845366e-03 2.1511410400299291e-03 2.6499563536600572e-03
    6.3598952487841373e-03 8.3551565033046522e-03 3.2422995385958347e-03
    2.4629006110487594e-03 2.8993640104751214e-03 2.3070208255393443e-03
    1.7146776406035665e-03 1.9952612545205139e-03 2.3693727397431103e-03
    1.8393814690110986e-03 1.7770295548073325e-03 1.9952612545205139e-03
    1.4964459408903852e-03 1.8705574261129816e-03 1.6835016835016834e-03
    1.7770295548073325e-03 3.6787629380221972e-03 2.5564284823544081e-03
    1.4029180695847362e-03 1.5899738121960343e-03 2.8993640104751214e-03
    2.9928918817807705e-03 1.6211497692979174e-03 1.8082055119092155e-03
    2.6499563536600572e-03 3.0864197530864196e-03 1.6835016835016834e-03
    1.9329093403167477e-03 1.8393814690110986e-03 1.6835016835016834e-03
    1.7770295548073325e-03 1.8705574261129816e-03 1.8082055119092155e-03
    1.8393814690110986e-03 2.0887891258261630e-03 2.8681880533732384e-03
    2.5564284823544081e-03 2.0576131687242800e-03 1.6835016835016834e-03
    1.7458535977054495e-03 2.7434842249657062e-03 3.3358274099014838e-03
    1.2470382840753212e-03 1.9329093403167477e-03 2.3381967826412273e-03
    2.9305399675770044e-03 2.7123082678638232e-03 2.0264372116223970e-03
    1.9640852974186309e-03 1.6523257263998004e-03 1.3405661553809701e-03
    1.9017333832148646e-03 2.1511410400299291e-03 2.7434842249657062e-03
    2.8993640104751214e-03 2.7123082678638232e-03 2.4940765681506424e-03
    2.2446689113355782e-03 1.4340940266866192e-03 1.2470382840753212e-03
    1.8705574261129816e-03 1.6835016835016834e-03 1.2470382840753212e-03
    1.7458535977054495e-03 2.1823169971318121e-03 2.2446689113355782e-03
    2.7746601820675893e-03 2.4317246539468764e-03 2.4005486968449933e-03
    2.2758448684374612e-03 2.4317246539468764e-03 2.4629006110487594e-03
    2.2134929542336952e-03 2.8058361391694723e-03 4.4581618655692729e-03
    1.9017333832148646e-03 2.0887891258261630e-03 2.3070208255393443e-03
    1.4964459408903852e-03 7.1704701334330959e-04 1.1535104127696721e-03
    9.0410275595460777e-04 8.4175084175084171e-04 1.2158623269734382e-03
    1.8082055119092155e-03 2.2134929542336952e-03 2.2446689113355782e-03
    3.3670033670033669e-03 2.8681880533732384e-03 1.5899738121960343e-03
    2.1823169971318121e-03 2.0576131687242800e-03 2.2134929542336952e-03
    3.6475869809203141e-03 5.0816810076069335e-03 2.6499563536600572e-03
    1.7770295548073325e-03 1.7458535977054495e-03 7.7939892754707565e-04
    6.2351914203766061e-04 1.3093901982790871e-03 1.3093901982790871e-03
    7.1704701334330959e-04 9.6645467015837384e-04 1.4029180695847362e-03
    1.4964459408903852e-03 1.8705574261129816e-03 3.6787629380221972e-03
    2.1199650829280461e-03 2.3693727397431103e-03 2.1199650829280461e-03
    3.7099388951240802e-03 3.8034667664297293e-03 1.1909215612919317e-02
    2.5158997381219603e-02 5.9234318493577749e-03 5.5493203641351786e-03
    2.6187803965581741e-03 1.3405661553809701e-03 1.0599825414640230e-03
    3.3046514527996008e-03 2.8370120962713553e-03 1.0288065843621400e-03
    1.4029180695847362e-03 3.2734754956977178e-03 3.7099388951240802e-03
    4.5205137797730390e-03 1.3904476867439831e-02 6.0481356777653070e-03
    2.8993640104751214e-03 2.3693727397431103e-03 2.6811323107619402e-03
    4.3022820800598582e-03 8.8851477740366624e-03 2.3974311011348049e-02
    5.3934405786257638e-03 5.8610799351540089e-03 3.0240678388826535e-03
    1.7458535977054495e-03 1.3093901982790871e-03 3.8658186806334953e-03
    2.9617159246788875e-03 7.7939892754707565e-04 9.9763062726025697e-04
    2.6499563536600572e-03 4.5828656939768050e-03 6.5469509913954355e-03
    1.6367377478488588e-02 7.5445816186556925e-03 3.8346427235316123e-03
    2.9305399675770044e-03 2.4629006110487594e-03 2.6499563536600572e-03
    3.2422995385958347e-03 4.8010973936899867e-03 2.5564284823544081e-03
    1.8393814690110986e-03 1.6523257263998004e-03 8.7292679885272474e-04
    6.8587105624142656e-04 9.0410275595460777e-04 7.7939892754707565e-04
    4.9881531363012849e-04 6.2351914203766061e-04 1.2782142411772040e-03
    2.3070208255393443e-03 2.1511410400299291e-03 3.8658186806334953e-03
    2.7123082678638232e-03 2.6187803965581741e-03 2.0264372116223970e-03
    2.0576131687242800e-03 2.5564284823544081e-03 2.7123082678638232e-03
    3.9905225090410279e-03 2.5564284823544081e-03 2.3381967826412273e-03
    2.0887891258261630e-03 1.6523257263998004e-03 6.5469509913954353e-04
    8.4175084175084171e-04 1.0599825414640230e-03 4.9881531363012849e-04
    1.4964459408903852e-03 1.9952612545205139e-03 2.1199650829280461e-03
    1.6835016835016834e-03 3.1799476243920687e-03 1.8393814690110986e-03
    1.8705574261129816e-03 2.0264372116223970e-03 1.8393814690110986e-03
    2.0887891258261630e-03 2.6499563536600572e-03 3.2111235814939517e-03
    2.5876044394562911e-03 2.3070208255393443e-03 2.2134929542336952e-03
    2.0887891258261630e-03 1.3093901982790871e-03 2.0576131687242800e-03
    1.8082055119092155e-03 1.5899738121960343e-03 1.5276218979922683e-03
    2.0887891258261630e-03 2.4940765681506424e-03 2.5876044394562911e-03
    2.9617159246788875e-03 2.2134929542336952e-03 1.9640852974186309e-03
    1.7458535977054495e-03 1.5899738121960343e-03 1.5899738121960343e-03
    2.5876044394562911e-03 2.3070208255393443e-03 2.7746601820675893e-03
    2.2446689113355782e-03 2.1823169971318121e-03 1.7146776406035665e-03
    1.8705574261129816e-03 3.0864197530864196e-03 2.9305399675770044e-03
    1.1535104127696721e-03 1.8393814690110986e-03 2.5564284823544081e-03
    2.6811323107619402e-03 2.4317246539468764e-03 2.2134929542336952e-03
    2.1199650829280461e-03 1.5587978550941513e-03 1.4652699837885022e-03
    1.4652699837885022e-03 1.7458535977054495e-03 2.5876044394562911e-03
    1.9640852974186309e-03 2.3693727397431103e-03 2.7434842249657062e-03
    2.7123082678638232e-03 1.9329093403167477e-03 1.3717421124828531e-03
    3.6787629380221972e-03 3.4293552812071329e-03 1.7770295548073325e-03
    2.5876044394562911e-03 2.5876044394562911e-03 2.3693727397431103e-03
    1.6835016835016834e-03 1.9952612545205139e-03 1.5587978550941513e-03
    1.8082055119092155e-03 1.8393814690110986e-03 1.9329093403167477e-03
