<?xml version="1.0"?>
<opencv_storage>
<outdoor_seating type_id="opencv-matrix">
  <rows>20</rows>
  <cols>20</cols>
  <dt>d</dt>
  <data>
    0. 6.1425061425061421e-03 4.9140049140049139e-03
    3.6855036855036856e-03 1.2285012285012285e-03 2.4570024570024569e-03
    0. 1.2285012285012285e-03 0. 0. 3.6855036855036856e-03
    1.2285012285012285e-03 0. 3.6855036855036856e-03
    2.4570024570024569e-03 2.4570024570024569e-03 6.1425061425061421e-03
    7.3710073710073713e-03 3.6855036855036856e-03 0. 0.
    4.9140049140049139e-03 0. 0. 3.6855036855036856e-03
    2.4570024570024569e-03 2.4570024570024569e-03 1.2285012285012285e-03
    1.2285012285012285e-03 1.2285012285012285e-03 1.2285012285012285e-03
    1.2285012285012285e-03 2.4570024570024569e-03 0.
    3.6855036855036856e-03 1.2285012285012285e-03 4.9140049140049139e-03
    6.1425061425061421e-03 4.9140049140049139e-03 8.5995085995085995e-03
    0. 3.6855036855036856e-03 0. 0. 0. 0. 2.4570024570024569e-03 0. 0.
    1.2285012285012285e-03 3.6855036855036856e-03 0. 0. 0.
    1.2285012285012285e-03 4.9140049140049139e-03 9.8280098280098278e-03
    6.1425061425061421e-03 1.2285012285012285e-03 2.4570024570024569e-03
    0. 3.6855036855036856e-03 0. 0. 0. 2.4570024570024569e-03 0. 0. 0.
    4.9140049140049139e-03 2.4570024570024569e-03 1.2285012285012285e-03
    0. 4.9140049140049139e-03 0. 4.9140049140049139e-03
    9.8280098280098278e-03 6.1425061425061421e-03 3.6855036855036856e-03
    3.6855036855036856e-03 1.2285012285012285e-03 4.9140049140049139e-03
    0. 1.2285012285012285e-03 1.2285012285012285e-03 0. 0.
    1.2285012285012285e-03 2.4570024570024569e-03 3.6855036855036856e-03
    9.8280098280098278e-03 1.2285012285012285e-03 2.4570024570024569e-03
    2.4570024570024569e-03 0. 1.2285012285012285e-03
    3.6855036855036856e-03 8.5995085995085995e-03 3.6855036855036856e-03
    1.2285012285012285e-03 3.6855036855036856e-03 4.9140049140049139e-03
    4.9140049140049139e-03 2.4570024570024569e-03 1.2285012285012285e-03
    0. 0. 1.2285012285012285e-03 0. 4.9140049140049139e-03
    2.4570024570024569e-03 0. 1.2285012285012285e-03
    1.2285012285012285e-03 2.4570024570024569e-03 1.2285012285012285e-03
    7.3710073710073713e-03 1.2285012285012284e-02 2.4570024570024569e-03
    1.2285012285012285e-03 6.1425061425061421e-03 6.1425061425061421e-03
    1.2285012285012285e-03 0. 0. 0. 0. 1.2285012285012285e-03 0.
    9.8280098280098278e-03 3.6855036855036856e-03 1.2285012285012285e-03
    1.2285012285012285e-03 1.2285012285012285e-03 0.
    1.2285012285012285e-03 4.9140049140049139e-03 8.5995085995085995e-03
    4.9140049140049139e-03 7.3710073710073713e-03 4.9140049140049139e-03
    6.1425061425061421e-03 1.2285012285012285e-03 1.2285012285012285e-03
    0. 0. 1.2285012285012285e-03 0. 0. 3.6855036855036856e-03 0.
    1.2285012285012285e-03 1.2285012285012285e-03 4.9140049140049139e-03
    0. 1.2285012285012285e-03 4.9140049140049139e-03
    1.3513513513513514e-02 2.4570024570024569e-03 0.
    6.1425061425061421e-03 3.6855036855036856e-03 1.2285012285012285e-03
    1.2285012285012285e-03 1.2285012285012285e-03 0. 0. 0.
    2.4570024570024569e-03 4.9140049140049139e-03 0.
    3.6855036855036856e-03 3.6855036855036856e-03 0. 0. 0.
    6.1425061425061421e-03 1.1056511056511056e-02 1.2285012285012285e-03
    1.2285012285012285e-03 6.1425061425061421e-03 3.6855036855036856e-03
    2.4570024570024569e-03 0. 2.4570024570024569e-03 0. 0.
    1.2285012285012285e-03 2.4570024570024569e-03 1.3513513513513514e-02
    3.6855036855036856e-03 2.4570024570024569e-03 3.6855036855036856e-03
    1.2285012285012285e-03 0. 0. 7.3710073710073713e-03
    8.5995085995085995e-03 2.4570024570024569e-03 2.4570024570024569e-03
    4.9140049140049139e-03 6.1425061425061421e-03 0.
    1.2285012285012285e-03 0. 0. 1.2285012285012285e-03 0.
    1.2285012285012285e-03 1.5970515970515971e-02 7.3710073710073713e-03
    1.2285012285012285e-03 3.6855036855036856e-03 0. 0.
    4.9140049140049139e-03 3.6855036855036856e-03 7.3710073710073713e-03
    3.6855036855036856e-03 2.4570024570024569e-03 6.1425061425061421e-03
    4.9140049140049139e-03 0. 0. 1.2285012285012285e-03
    1.2285012285012285e-03 1.2285012285012285e-03 1.2285012285012285e-03
    0. 4.9140049140049139e-03 1.2285012285012285e-03
    3.6855036855036856e-03 6.1425061425061421e-03 1.2285012285012285e-03
    0. 3.6855036855036856e-03 3.6855036855036856e-03
    4.9140049140049139e-03 1.2285012285012285e-03 2.4570024570024569e-03
    4.9140049140049139e-03 0. 3.6855036855036856e-03
    1.2285012285012285e-03 1.2285012285012285e-03 0. 0. 0. 0.
    4.9140049140049139e-03 0. 1.2285012285012285e-03
    3.6855036855036856e-03 4.9140049140049139e-03 0.
    6.1425061425061421e-03 6.1425061425061421e-03 3.6855036855036856e-03
    1.2285012285012285e-03 1.2285012285012285e-03 7.3710073710073713e-03
    1.2285012285012285e-03 6.1425061425061421e-03 0. 0. 0.
    2.4570024570024569e-03 1.2285012285012285e-03 0.
    3.6855036855036856e-03 1.2285012285012285e-03 0.
    1.2285012285012285e-03 1.2285012285012285e-03 0.
    7.3710073710073713e-03 6.1425061425061421e-03 4.9140049140049139e-03
    1.2285012285012285e-03 2.4570024570024569e-03 7.3710073710073713e-03
    1.2285012285012285e-03 6.1425061425061421e-03 0.
    1.2285012285012285e-03 0. 0. 0. 0. 7.3710073710073713e-03 0. 0. 0.
    1.2285012285012285e-03 1.2285012285012285e-03 3.6855036855036856e-03
    7.3710073710073713e-03 3.6855036855036856e-03 3.6855036855036856e-03
    1.2285012285012285e-03 7.3710073710073713e-03 1.1056511056511056e-02
    0. 1.2285012285012285e-03 0. 2.4570024570024569e-03 0. 0.
    1.2285012285012285e-03 3.6855036855036856e-03 0. 0.
    3.6855036855036856e-03 0. 0. 6.1425061425061421e-03
    4.9140049140049139e-03 7.3710073710073713e-03 0.
    3.6855036855036856e-03 6.1425061425061421e-03 3.6855036855036856e-03
    0. 0. 3.6855036855036856e-03 3.6855036855036856e-03
    2.4570024570024569e-03 0. 0. 3.6855036855036856e-03
    2.4570024570024569e-03 1.2285012285012285e-03 2.4570024570024569e-03
    0. 0. 6.1425061425061421e-03 4.9140049140049139e-03
    3.6855036855036856e-03 0. 0. 9.8280098280098278e-03 0.
    2.4570024570024569e-03 1.2285012285012285e-03 0. 0. 0. 0.
    2.4570024570024569e-03 7.3710073710073713e-03 4.9140049140049139e-03
    2.4570024570024569e-03 4.9140049140049139e-03 0.
    1.2285012285012285e-03 3.6855036855036856e-03 8.5995085995085995e-03
    9.8280098280098278e-03 2.4570024570024569e-03 1.2285012285012285e-03
    0. 0. 0. 0. 3.6855036855036856e-03 0. 0. 2.4570024570024569e-03
    1.2285012285012285e-03 4.9140049140049139e-03 1.2285012285012285e-03
    2.4570024570024569e-03 1.2285012285012285e-03 1.2285012285012285e-03
    0. 3.6855036855036856e-03 0. 4.9140049140049139e-03
    3.6855036855036856e-03 1.2285012285012285e-03 0.
    1.2285012285012285e-03 0. 0. 0. 3.6855036855036856e-03
    3.6855036855036856e-03 0. 2.4570024570024569e-03
    4.9140049140049139e-03 0. 2.4570024570024569e-03
    3.6855036855036856e-03 3.6855036855036856e-03 2.4570024570024569e-03
    3.6855036855036856e-03 4.9140049140049139e-03 4.9140049140049139e-03
    1.2285012285012285e-03 2.4570024570024569e-03</data></outdoor_seating>
</opencv_storage>
