<?xml version="1.0"?>
<opencv_storage>
<outdoor_lamp type_id="opencv-matrix">
  <rows>20</rows>
  <cols>20</cols>
  <dt>d</dt>
  <data>
    9.2707045735475899e-04 3.0902348578491963e-04 9.2707045735475899e-04
    2.5648949320148332e-02 1.8541409147095180e-03 1.8541409147095180e-03
    1.5451174289245982e-03 3.0902348578491963e-04 9.2707045735475899e-04
    3.0902348578491963e-04 9.2707045735475899e-04 3.7082818294190360e-03
    2.1631644004944375e-03 2.1631644004944375e-03 2.7812113720642770e-03
    2.7812113720642770e-03 2.4721878862793570e-03 3.3992583436341160e-03
    3.0902348578491965e-03 6.1804697156983925e-04 9.2707045735475899e-04
    1.2360939431396785e-03 9.2707045735475899e-04 3.0902348578491963e-04
    6.1804697156983925e-04 9.2707045735475899e-04 9.2707045735475899e-04
    2.4103831891223733e-02 1.5451174289245982e-03 1.5451174289245982e-03
    9.2707045735475899e-04 1.8541409147095180e-03 2.4721878862793570e-03
    2.1631644004944375e-03 2.4721878862793570e-03 2.4721878862793570e-03
    2.7812113720642770e-03 1.2360939431396785e-03 1.5451174289245982e-03
    1.5451174289245982e-03 2.1631644004944375e-03 1.5451174289245982e-03
    2.1631644004944375e-03 1.8541409147095180e-03 3.0902348578491965e-03
    9.2707045735475899e-04 2.1631644004944375e-03 3.3992583436341160e-03
    9.2707045735475899e-04 0. 1.2360939431396785e-03
    4.0173053152039555e-03 1.5451174289245982e-03 2.1631644004944375e-03
    3.7082818294190360e-03 4.9443757725587140e-03 2.7812113720642770e-03
    1.8541409147095180e-03 2.1631644004944375e-03 1.8541409147095180e-03
    1.8541409147095180e-03 1.8541409147095180e-03 1.8541409147095180e-03
    1.5451174289245982e-03 1.8541409147095180e-03 2.1631644004944375e-03
    9.2707045735475899e-04 1.8541409147095180e-03 2.1631644004944375e-03
    2.4721878862793570e-03 1.2360939431396785e-03 4.0173053152039555e-03
    4.3263288009888750e-03 1.8541409147095180e-03 4.0173053152039555e-03
    3.7082818294190360e-03 4.6353522867737945e-03 1.8541409147095180e-03
    2.4721878862793570e-03 1.2360939431396785e-03 0.
    6.1804697156983925e-04 3.0902348578491963e-04 1.2360939431396785e-03
    1.2360939431396785e-03 1.5451174289245982e-03 2.5030902348578493e-02
    9.2707045735475899e-04 2.4721878862793570e-03 1.8541409147095180e-03
    1.5451174289245982e-03 4.6353522867737945e-03 1.5451174289245982e-03
    1.2360939431396785e-03 4.3263288009888750e-03 3.7082818294190360e-03
    2.7812113720642770e-03 2.1631644004944375e-03 1.2360939431396785e-03
    1.5451174289245982e-03 1.2360939431396785e-03 6.1804697156983925e-04
    9.2707045735475899e-04 1.8541409147095180e-03 1.8541409147095180e-03
    2.4721878862793570e-03 1.2360939431396785e-03 3.0902348578491963e-04
    4.0173053152039555e-03 1.2360939431396785e-03 6.1804697156983925e-04
    6.1804697156983930e-03 6.1804697156983930e-03 4.6353522867737945e-03
    4.6353522867737945e-03 4.9443757725587140e-03 4.9443757725587140e-03
    1.8541409147095180e-03 2.1631644004944375e-03 2.1631644004944375e-03
    1.2360939431396785e-03 3.3992583436341160e-03 1.8541409147095180e-03
    1.5451174289245982e-03 2.1631644004944375e-03 1.8541409147095180e-03
    9.2707045735475899e-04 9.2707045735475899e-04 3.0902348578491963e-04
    1.2360939431396785e-03 0. 5.2533992583436344e-03
    4.0173053152039555e-03 2.7812113720642770e-03 3.0902348578491965e-03
    4.9443757725587140e-03 1.8541409147095180e-03 1.8541409147095180e-03
    9.2707045735475899e-04 1.8541409147095180e-03 6.1804697156983925e-04
    6.1804697156983925e-04 6.1804697156983925e-04 2.5957972805933250e-02
    3.7082818294190360e-03 1.5451174289245982e-03 2.4721878862793570e-03
    2.1631644004944375e-03 1.2360939431396785e-03 1.5451174289245982e-03
    2.7812113720642770e-03 4.3263288009888750e-03 2.4721878862793570e-03
    1.8541409147095180e-03 3.7082818294190360e-03 4.0173053152039555e-03
    2.7812113720642770e-03 1.2360939431396785e-03 2.4721878862793570e-03
    2.4721878862793570e-03 1.2360939431396785e-03 1.8541409147095180e-03
    9.2707045735475899e-04 1.2360939431396785e-03 1.2360939431396785e-03
    6.1804697156983925e-04 1.5451174289245982e-03 6.1804697156983925e-04
    9.2707045735475899e-04 0. 9.2707045735475899e-04
    3.0902348578491965e-03 2.7812113720642770e-03 9.2707045735475899e-04
    3.3992583436341160e-03 4.0173053152039555e-03 2.7812113720642770e-03
    4.9443757725587140e-03 2.1631644004944375e-03 2.4721878862793570e-03
    6.1804697156983925e-04 9.2707045735475899e-04 6.1804697156983925e-04
    9.2707045735475899e-04 2.1631644004944375e-03 1.2360939431396785e-03
    6.1804697156983925e-04 6.1804697156983925e-04 3.0902348578491963e-04
    3.0902348578491963e-04 3.0902348578491963e-04 6.7985166872682320e-03
    4.6353522867737945e-03 4.6353522867737945e-03 4.6353522867737945e-03
    4.0173053152039555e-03 3.3992583436341160e-03 4.0173053152039555e-03
    3.7082818294190360e-03 1.5451174289245982e-03 3.0902348578491963e-04
    3.0902348578491965e-03 2.1631644004944375e-03 1.5451174289245982e-03
    9.2707045735475899e-04 1.2360939431396785e-03 9.2707045735475899e-04
    1.2360939431396785e-03 0. 3.0902348578491963e-04 0.
    4.3263288009888750e-03 2.7812113720642770e-03 1.5451174289245982e-03
    4.0173053152039555e-03 3.7082818294190360e-03 5.8714462299134735e-03
    2.7812113720642770e-03 2.7812113720642770e-03 2.7812113720642770e-03
    3.0902348578491963e-04 1.2360939431396785e-03 9.2707045735475899e-04
    2.1631644004944375e-03 3.3992583436341160e-03 2.4721878862793570e-03
    1.2360939431396785e-03 3.0902348578491963e-04 0.
    3.0902348578491963e-04 3.0902348578491963e-04 1.5451174289245982e-03
    3.0902348578491965e-03 2.1631644004944375e-03 5.8714462299134735e-03
    3.0902348578491965e-03 3.0902348578491965e-03 3.3992583436341160e-03
    4.6353522867737945e-03 6.1804697156983925e-04 6.1804697156983925e-04
    1.5451174289245982e-03 6.1804697156983925e-04 1.2360939431396785e-03
    2.4721878862793570e-03 1.5451174289245982e-03 1.8541409147095180e-03
    9.2707045735475899e-04 3.0902348578491963e-04 9.2707045735475899e-04
    1.8541409147095180e-03 5.8714462299134735e-03 3.3992583436341160e-03
    2.7812113720642770e-03 3.7082818294190360e-03 4.9443757725587140e-03
    1.8541409147095180e-03 2.1631644004944375e-03 1.8541409147095180e-03
    2.1631644004944375e-03 1.2360939431396785e-03 3.0902348578491963e-04
    9.2707045735475899e-04 0. 1.2360939431396785e-03
    1.2360939431396785e-03 9.2707045735475899e-04 3.0902348578491963e-04
    1.2360939431396785e-03 6.1804697156983925e-04 9.2707045735475899e-04
    5.8714462299134735e-03 4.9443757725587140e-03 2.7812113720642770e-03
    4.3263288009888750e-03 2.4721878862793570e-03 4.6353522867737945e-03
    1.8541409147095180e-03 3.0902348578491965e-03 1.2360939431396785e-03
    1.5451174289245982e-03 1.5451174289245982e-03 4.0173053152039555e-02
    1.8541409147095180e-03 9.2707045735475899e-04 1.8541409147095180e-03
    1.2360939431396785e-03 9.2707045735475899e-04 3.0902348578491963e-04
    1.2360939431396785e-03 2.1631644004944375e-03 5.2533992583436344e-03
    4.6353522867737945e-03 3.3992583436341160e-03 6.1804697156983930e-03
    4.9443757725587140e-03 4.9443757725587140e-03 2.1631644004944375e-03
    2.1631644004944375e-03 2.4721878862793570e-03 1.5451174289245982e-03
    9.2707045735475899e-04 1.5451174289245982e-03 2.5957972805933250e-02
    2.1631644004944375e-03 6.1804697156983925e-04 9.2707045735475899e-04
    9.2707045735475899e-04 1.5451174289245982e-03 9.2707045735475899e-04
    2.7812113720642770e-03 3.7082818294190360e-03 2.1631644004944375e-03
    1.5451174289245982e-03 4.9443757725587140e-03 3.0902348578491965e-03
    4.0173053152039555e-03 2.7812113720642770e-03 2.1631644004944375e-03
    3.0902348578491963e-04 2.1631644004944375e-03 1.2360939431396785e-03
    3.0902348578491963e-04 9.2707045735475899e-04 9.2707045735475899e-04
    6.1804697156983925e-04 9.2707045735475899e-04 1.2360939431396785e-03
