<?xml version="1.0"?>
<opencv_storage>
<pan type_id="opencv-matrix">
  <rows>20</rows>
  <cols>20</cols>
  <dt>d</dt>
  <data>
    0. 9.9725754176015961e-04 9.9725754176015961e-04
    4.9862877088007981e-04 2.2438294689603590e-03 1.2465719272001994e-03
    1.9945150835203192e-03 1.7452006980802793e-03 1.4958863126402393e-03
    7.4794315632011965e-04 1.7452006980802793e-03 1.2465719272001994e-03
    2.2438294689603590e-03 1.4958863126402393e-03 1.7452006980802793e-03
    1.7452006980802793e-03 1.4958863126402393e-03 1.2465719272001994e-03
    1.4958863126402393e-03 1.4958863126402393e-03 9.9725754176015961e-04
    1.7452006980802793e-03 2.4931438544003987e-03 1.2465719272001994e-03
    9.9725754176015961e-04 1.7452006980802793e-03 1.9945150835203192e-03
    2.7424582398404389e-03 2.4931438544003987e-03 9.9725754176015961e-04
    3.7397157816005983e-03 9.9725754176015961e-04 1.4958863126402393e-03
    1.7452006980802793e-03 1.7452006980802793e-03 1.4958863126402393e-03
    3.2410870107205184e-03 1.2465719272001994e-03 1.4958863126402393e-03
    1.9945150835203192e-03 1.7452006980802793e-03 4.9862877088007981e-04
    1.2465719272001994e-03 3.4904013961605585e-03 1.2465719272001994e-03
    2.2438294689603590e-03 3.9890301670406384e-03 2.7424582398404389e-03
    1.2465719272001994e-03 3.4904013961605585e-03 2.4931438544003987e-03
    2.7424582398404389e-03 1.4958863126402393e-03 2.2438294689603590e-03
    2.7424582398404389e-03 1.2715033657442034e-02 3.9890301670406384e-03
    1.2465719272001994e-03 2.9917726252804786e-03 3.2410870107205184e-03
    9.9725754176015961e-04 1.9945150835203192e-03 7.4794315632011965e-04
    1.9945150835203192e-03 2.2438294689603590e-03 1.9945150835203192e-03
    1.4958863126402393e-03 1.9945150835203192e-03 1.4958863126402393e-03
    9.9725754176015961e-04 1.2465719272001994e-03 2.7424582398404389e-03
    1.9945150835203192e-03 1.2465719272001994e-03 1.9945150835203192e-03
    7.4794315632011965e-04 1.7452006980802793e-03 1.4958863126402393e-03
    1.9945150835203192e-03 1.9945150835203192e-03 7.4794315632011965e-04
    7.4794315632011965e-04 7.4794315632011965e-04 1.4958863126402393e-03
    1.4958863126402393e-03 2.4931438544003990e-04 1.2465719272001994e-03
    1.2465719272001994e-03 9.9725754176015961e-04 1.2465719272001994e-03
    7.4794315632011965e-04 7.4794315632011965e-04 2.9917726252804786e-03
    1.4958863126402393e-03 1.9945150835203192e-03 1.9945150835203192e-03
    1.2465719272001994e-03 1.9945150835203192e-03 2.7424582398404389e-03
    2.7424582398404389e-03 2.7424582398404389e-03 1.2465719272001994e-03
    1.4958863126402393e-03 3.2410870107205184e-03 1.7452006980802793e-03
    9.9725754176015961e-04 1.9945150835203192e-03 1.2465719272001994e-03
    1.7452006980802793e-03 1.7452006980802793e-03 9.9725754176015961e-04
    1.7452006980802793e-03 2.2438294689603590e-03 1.7452006980802793e-03
    2.2438294689603590e-03 1.7452006980802793e-03 2.2438294689603590e-03
    2.4931438544003987e-03 2.9917726252804786e-03 2.9917726252804786e-03
    9.9725754176015961e-04 1.4958863126402393e-03 2.2438294689603590e-03
    9.9725754176015961e-04 9.9725754176015961e-04 1.2465719272001994e-03
    1.9945150835203192e-03 1.2465719272001994e-03 1.7452006980802793e-03
    1.2465719272001994e-03 1.7452006980802793e-03 1.2465719272001994e-03
    1.9945150835203192e-03 2.7424582398404389e-03 1.4958863126402393e-03
    1.7452006980802793e-03 2.9917726252804786e-03 2.2438294689603590e-03
    2.7424582398404389e-03 2.2438294689603590e-03 9.9725754176015961e-04
    1.9945150835203192e-03 2.7424582398404389e-03 9.9725754176015961e-04
    1.4958863126402393e-03 2.2438294689603590e-03 7.4794315632011965e-04
    7.4794315632011965e-04 1.4958863126402393e-03 2.4931438544003990e-04
    9.9725754176015961e-04 2.4931438544003987e-03 2.4931438544003987e-03
    2.7424582398404389e-03 3.2410870107205184e-03 1.4958863126402393e-03
    2.2438294689603590e-03 2.9917726252804786e-03 3.9890301670406384e-03
    1.9945150835203192e-03 2.4931438544003987e-03 1.7452006980802793e-03
    9.9725754176015961e-04 3.9890301670406384e-03 9.9725754176015961e-04
    2.7424582398404389e-03 2.4931438544003987e-03 6.2328596360009970e-03
    7.4794315632011965e-04 1.2465719272001994e-03 4.9862877088007981e-04
    4.7369733233607577e-03 5.9835452505609572e-03 5.4849164796808778e-03
    1.4958863126402393e-03 3.2410870107205184e-03 3.4904013961605585e-03
    4.7369733233607577e-03 1.7452006980802793e-03 2.9917726252804786e-03
    2.7424582398404389e-03 3.9890301670406384e-03 2.4931438544003987e-03
    9.9725754176015961e-04 1.9945150835203192e-03 2.2438294689603590e-03
    3.2410870107205184e-03 3.2410870107205184e-03 0.
    4.9862877088007981e-04 2.4931438544003990e-04 2.2438294689603590e-03
    5.7342308651209175e-03 2.4931438544003987e-03 1.2465719272001994e-03
    1.4958863126402393e-03 1.4958863126402393e-03 3.7397157816005983e-03
    9.9725754176015961e-04 3.2410870107205184e-03 1.4958863126402393e-03
    1.4958863126402393e-03 3.2410870107205184e-03 1.2465719272001994e-03
    1.7452006980802793e-03 1.9945150835203192e-03 9.9725754176015961e-04
    3.4904013961605585e-03 2.7424582398404389e-03 0.
    7.4794315632011965e-04 2.4931438544003987e-03 3.9890301670406384e-03
    1.9945150835203192e-03 2.2438294689603590e-03 2.7424582398404389e-03
    2.7424582398404389e-03 3.4904013961605585e-03 2.2438294689603590e-03
    2.7424582398404389e-03 2.2438294689603590e-03 2.2438294689603590e-03
    2.7424582398404389e-03 3.7397157816005983e-03 2.2438294689603590e-03
    1.2465719272001994e-03 2.7424582398404389e-03 2.4931438544003987e-03
    6.2328596360009970e-03 7.2301171777611568e-03 7.4794315632011965e-03
    9.9725754176015961e-04 2.7424582398404389e-03 3.9890301670406384e-03
    3.9890301670406384e-03 9.9725754176015961e-04 2.4931438544003987e-03
    3.4904013961605585e-03 3.9890301670406384e-03 3.7397157816005983e-03
    1.2465719272001994e-03 5.2356020942408380e-03 1.2465719272001994e-03
    3.7397157816005983e-03 4.2383445524806782e-03 3.4904013961605585e-03
    5.4849164796808778e-03 3.2410870107205184e-03 5.7342308651209175e-03
    8.2273747195213166e-03 8.4766891049613564e-03 3.2410870107205184e-03
    3.4904013961605585e-03 2.9917726252804786e-03 4.4876589379207179e-03
    3.4904013961605585e-03 3.2410870107205184e-03 3.2410870107205184e-03
    4.7369733233607577e-03 1.7452006980802793e-03 1.7452006980802793e-03
    2.4931438544003987e-03 3.7397157816005983e-03 2.4931438544003987e-03
    4.2383445524806782e-03 2.7424582398404389e-03 3.7397157816005983e-03
    1.7452006980802793e-03 2.4931438544003987e-03 2.4931438544003987e-03
    3.2410870107205184e-03 2.9917726252804786e-03 3.7397157816005983e-03
    1.7452006980802793e-03 2.9917726252804786e-03 1.9945150835203192e-03
    4.2383445524806782e-03 4.7369733233607577e-03 2.9917726252804786e-03
    3.9890301670406384e-03 3.4904013961605585e-03 2.4931438544003987e-03
    1.9945150835203192e-03 2.4931438544003987e-03 2.2438294689603590e-03
    1.7452006980802793e-03 1.9945150835203192e-03 1.9945150835203192e-03
    2.2438294689603590e-03 1.2465719272001994e-03 1.9945150835203192e-03
    3.4904013961605585e-03 3.7397157816005983e-03 2.7424582398404389e-03
    1.2465719272001994e-03 3.2410870107205184e-03 4.7369733233607577e-03
    3.4904013961605585e-03 1.2465719272001994e-03 4.2383445524806782e-03
    7.4794315632011965e-04 1.2465719272001994e-03 3.7397157816005983e-03
    1.4958863126402393e-03 4.4876589379207179e-03 3.4904013961605585e-03
    2.4931438544003987e-03 2.4931438544003987e-03 1.9945150835203192e-03
    2.2438294689603590e-03 2.4931438544003987e-03 3.2410870107205184e-03
    4.2383445524806782e-03 2.7424582398404389e-03 2.2438294689603590e-03
    3.7397157816005983e-03 4.2383445524806782e-03 2.9917726252804786e-03
    2.4931438544003987e-03 4.2383445524806782e-03 2.4931438544003987e-03
    1.9945150835203192e-03 2.2438294689603590e-03 9.9725754176015961e-04
