<?xml version="1.0"?>
<opencv_storage>
<partition type_id="opencv-matrix">
  <rows>20</rows>
  <cols>20</cols>
  <dt>d</dt>
  <data>
    2.1721641190667741e-03 2.2928399034593725e-03 1.4883346741753822e-03
    1.9710378117457762e-03 2.2928399034593725e-03 2.1319388576025743e-03
    2.0514883346741753e-03 2.1319388576025743e-03 2.0917135961383750e-03
    1.4078841512469831e-03 1.7296862429605792e-03 1.4883346741753822e-03
    2.4537409493161706e-03 2.6950925181013679e-03 1.8503620273531778e-03
    2.2928399034593725e-03 1.2469831053901850e-03 1.3274336283185841e-03
    1.8101367658889783e-03 2.1319388576025743e-03 1.5285599356395817e-03
    1.7699115044247787e-03 2.3732904263877716e-03 2.1721641190667741e-03
    4.7465808527755431e-03 2.2928399034593725e-03 2.3732904263877716e-03
    2.2928399034593725e-03 1.9710378117457762e-03 2.0514883346741753e-03
    1.7699115044247787e-03 1.9710378117457762e-03 2.0917135961383750e-03
    2.1319388576025743e-03 1.6090104585679806e-03 2.5341914722445697e-03
    1.9710378117457762e-03 1.8503620273531778e-03 2.0917135961383750e-03
    1.2872083668543845e-03 2.3330651649235718e-03 2.4135156878519709e-03
    1.5687851971037813e-03 2.0514883346741753e-03 2.5744167337087690e-03
    2.8559935639581656e-03 2.0917135961383750e-03 2.4939662107803700e-03
    2.0514883346741753e-03 1.6894609814963797e-03 1.5285599356395817e-03
    1.8101367658889783e-03 2.0917135961383750e-03 2.4135156878519709e-03
    1.9710378117457762e-03 2.6950925181013679e-03 2.2526146419951732e-03
    2.4537409493161706e-03 1.6090104585679806e-03 1.6894609814963797e-03
    1.8503620273531778e-03 2.1721641190667741e-03 1.8503620273531778e-03
    2.2526146419951732e-03 2.7755430410297665e-03 1.7699115044247787e-03
    3.0168946098149637e-03 1.4883346741753822e-03 1.7296862429605792e-03
    2.0514883346741753e-03 1.5285599356395817e-03 2.0514883346741753e-03
    2.8962188254223653e-03 2.6548672566371681e-03 2.2928399034593725e-03
    2.0917135961383750e-03 1.7699115044247787e-03 2.3732904263877716e-03
    2.1319388576025743e-03 1.8101367658889783e-03 2.3732904263877716e-03
    2.0514883346741753e-03 2.0917135961383750e-03 2.0917135961383750e-03
    2.8157683024939663e-03 2.1721641190667741e-03 3.2582461786001609e-03
    2.5341914722445697e-03 2.5744167337087690e-03 2.4537409493161706e-03
    2.2123893805309734e-03 1.9308125502815769e-03 2.7755430410297665e-03
    2.7353177795655672e-03 2.8157683024939663e-03 2.7353177795655672e-03
    1.6894609814963797e-03 1.6492357200321801e-03 2.8559935639581656e-03
    2.7353177795655672e-03 2.2123893805309734e-03 2.2928399034593725e-03
    2.1721641190667741e-03 2.0514883346741753e-03 2.0112630732099760e-03
    2.7755430410297665e-03 2.5341914722445697e-03 2.5341914722445697e-03
    2.3330651649235718e-03 1.5285599356395817e-03 2.1721641190667741e-03
    1.6492357200321801e-03 2.2928399034593725e-03 2.6548672566371681e-03
    3.0571198712791635e-03 2.6548672566371681e-03 1.8101367658889783e-03
    2.2928399034593725e-03 1.3676588897827836e-03 1.8905872888173773e-03
    2.4135156878519709e-03 2.1319388576025743e-03 2.5341914722445697e-03
    2.5341914722445697e-03 2.8559935639581656e-03 3.2582461786001609e-03
    2.7353177795655672e-03 3.2984714400643603e-03 1.5285599356395817e-03
    1.6492357200321801e-03 2.2123893805309734e-03 1.7699115044247787e-03
    2.4537409493161706e-03 2.6950925181013679e-03 2.9364440868865646e-03
    3.1777956556717619e-03 2.1319388576025743e-03 3.1777956556717619e-03
    2.0112630732099760e-03 1.7699115044247787e-03 1.5285599356395817e-03
    2.8559935639581656e-03 3.0571198712791635e-03 2.3732904263877716e-03
    2.8157683024939663e-03 4.3041029766693484e-03 2.8157683024939663e-03
    3.2180209171359612e-03 2.4537409493161706e-03 2.6146419951729688e-03
    2.2123893805309734e-03 2.6548672566371681e-03 3.9018503620273531e-03
    3.8616251005631538e-03 3.5800482703137572e-03 3.4191472244569591e-03
    2.3732904263877716e-03 2.9364440868865646e-03 2.8157683024939663e-03
    1.9308125502815769e-03 2.8559935639581656e-03 3.4995977473853582e-03
    3.7409493161705549e-03 3.9018503620273531e-03 4.4247787610619468e-03
    3.6604987932421559e-03 3.2984714400643603e-03 3.2582461786001609e-03
    1.4481094127111827e-03 1.4078841512469831e-03 1.1665325824617859e-03
    1.7699115044247787e-03 3.7811745776347547e-03 4.1834271922767501e-03
    3.4593724859211584e-03 4.0627514078841517e-03 2.5341914722445697e-03
    3.0973451327433628e-03 2.3732904263877716e-03 2.6548672566371681e-03
    2.6146419951729688e-03 3.7811745776347547e-03 3.7007240547063556e-03
    3.2582461786001609e-03 5.1488334674175381e-03 4.5856798069187450e-03
    3.7007240547063556e-03 4.3041029766693484e-03 1.0860820595333871e-03
    3.2180209171359613e-04 2.0112630732099757e-04 2.0112630732099760e-03
    4.3845534995977471e-03 4.3845534995977471e-03 3.4995977473853582e-03
    5.0281576830249397e-03 2.9766693483507644e-03 3.2984714400643603e-03
    2.4939662107803700e-03 2.8157683024939663e-03 3.7811745776347547e-03
    3.5398230088495575e-03 3.7409493161705549e-03 3.7811745776347547e-03
    5.3901850362027357e-03 3.8213998390989540e-03 3.8213998390989540e-03
    5.2292839903459376e-03 1.4078841512469831e-03 5.2292839903459376e-04
    5.6315366049879329e-04 1.5285599356395817e-03 4.0225261464199519e-03
    4.5052292839903463e-03 4.5052292839903463e-03 6.2751407884151251e-03
    4.2638777152051487e-03 3.9823008849557522e-03 2.6146419951729688e-03
    3.0168946098149637e-03 2.7353177795655672e-03 2.9364440868865646e-03
    1.9710378117457762e-03 3.3386967015285600e-03 4.8270313757039418e-03
    4.1029766693483505e-03 2.9766693483507644e-03 3.5800482703137572e-03
    1.6894609814963797e-03 1.2872083668543845e-03 1.2872083668543845e-03
    1.8101367658889783e-03 4.0225261464199519e-03 3.4593724859211584e-03
    3.4995977473853582e-03 4.3845534995977471e-03 3.5398230088495575e-03
    2.7755430410297665e-03 3.3789219629927593e-03 2.2928399034593725e-03
    2.8962188254223653e-03 2.3732904263877716e-03 3.7409493161705549e-03
    3.0973451327433628e-03 3.2180209171359612e-03 4.0627514078841517e-03
    3.1375703942075625e-03 3.3789219629927593e-03 3.4593724859211584e-03
    3.5800482703137572e-03 2.8157683024939663e-03 3.2984714400643603e-03
    3.2180209171359612e-03 4.0225261464199519e-03 4.0225261464199519e-03
    2.8559935639581656e-03 3.2582461786001609e-03 2.4939662107803700e-03
    2.1721641190667741e-03 2.9766693483507644e-03 2.0112630732099760e-03
    2.9766693483507644e-03 2.8962188254223653e-03 2.9364440868865646e-03
    2.7755430410297665e-03 2.8157683024939663e-03 2.8559935639581656e-03
    2.5341914722445697e-03 2.3732904263877716e-03 1.9308125502815769e-03
    1.6894609814963797e-03 1.6492357200321801e-03 3.1777956556717619e-03
    3.0571198712791635e-03 2.6950925181013679e-03 2.2123893805309734e-03
    2.7755430410297665e-03 2.1721641190667741e-03 2.2123893805309734e-03
    2.1721641190667741e-03 1.9710378117457762e-03 2.2123893805309734e-03
    1.8905872888173773e-03 2.2928399034593725e-03 2.5744167337087690e-03
    2.4537409493161706e-03 3.4593724859211584e-03 2.8157683024939663e-03
    2.1721641190667741e-03 1.3676588897827836e-03 2.4939662107803700e-03
    2.1319388576025743e-03 2.7353177795655672e-03 2.8962188254223653e-03
    3.5398230088495575e-03 2.5744167337087690e-03 2.6146419951729688e-03
    2.6146419951729688e-03 1.9308125502815769e-03 1.8905872888173773e-03
    2.4135156878519709e-03 1.8503620273531778e-03 2.4939662107803700e-03
    2.0514883346741753e-03 2.1721641190667741e-03 2.6950925181013679e-03
    2.5744167337087690e-03 3.5398230088495575e-03 1.7699115044247787e-03
    2.5341914722445697e-03 2.8157683024939663e-03 2.3330651649235718e-03
    3.1777956556717619e-03 3.2582461786001609e-03 3.2582461786001609e-03
    2.4135156878519709e-03 1.9710378117457762e-03 1.7296862429605792e-03
    1.6090104585679806e-03 2.4537409493161706e-03 1.8101367658889783e-03
