<?xml version="1.0"?>
<opencv_storage>
<pedestal_fan type_id="opencv-matrix">
  <rows>20</rows>
  <cols>20</cols>
  <dt>d</dt>
  <data>
    4.6339202965708991e-04 6.9508804448563486e-04 1.1584800741427247e-03
    2.3169601482854495e-04 1.1584800741427247e-03 2.3169601482854495e-04
    1.3901760889712697e-03 1.8535681186283596e-03 6.9508804448563486e-04
    1.3901760889712697e-03 6.9508804448563486e-04 1.3901760889712697e-03
    2.7803521779425394e-03 1.6218721037998146e-03 2.0852641334569047e-03
    3.2437442075996291e-03 1.3901760889712697e-03 3.0120481927710845e-03
    2.0852641334569047e-03 4.6339202965708991e-04 1.1584800741427247e-03
    1.1584800741427247e-03 4.6339202965708991e-04 6.9508804448563486e-04
    6.9508804448563486e-04 6.9508804448563486e-04 1.3901760889712697e-03
    6.9508804448563486e-04 4.6339202965708991e-04 9.2678405931417981e-04
    4.6339202965708991e-04 3.2437442075996291e-03 2.3169601482854493e-03
    2.5486561631139944e-03 2.0852641334569047e-03 1.6218721037998146e-03
    1.6218721037998146e-03 2.3169601482854493e-03 6.9508804448563486e-04
    2.3169601482854493e-03 9.2678405931417981e-04 1.1584800741427247e-03
    2.3169601482854493e-03 1.6218721037998146e-03 9.2678405931417981e-04
    6.9508804448563486e-04 9.2678405931417981e-04 1.6218721037998146e-03
    2.5486561631139944e-03 2.0852641334569047e-03 1.8535681186283596e-03
    2.3169601482854493e-03 2.5486561631139944e-03 2.7803521779425394e-03
    2.3169601482854493e-03 2.3169601482854493e-03 3.4754402224281742e-03
    1.8535681186283596e-03 2.7803521779425394e-03 2.3169601482854493e-03
    4.6339202965708991e-04 2.3169601482854495e-04 1.1584800741427247e-03
    2.3169601482854495e-04 9.2678405931417981e-04 9.2678405931417981e-04
    1.3901760889712697e-03 2.3169601482854495e-04 1.3901760889712697e-03
    2.5486561631139944e-03 2.7803521779425394e-03 3.9388322520852639e-03
    3.7071362372567192e-03 3.0120481927710845e-03 3.0120481927710845e-03
    5.3290083410565342e-03 3.9388322520852639e-03 2.5486561631139944e-03
    4.1705282669138094e-03 3.2437442075996291e-03 1.1584800741427247e-03
    9.2678405931417981e-04 6.9508804448563486e-04 6.9508804448563486e-04
    1.1584800741427247e-03 9.2678405931417981e-04 1.8535681186283596e-03
    1.3901760889712697e-03 1.3901760889712697e-03 1.1584800741427247e-03
    3.7071362372567192e-03 1.8535681186283596e-03 2.7803521779425394e-03
    4.1705282669138094e-03 5.7924003707136235e-03 4.6339202965708986e-03
    5.5607043558850789e-03 4.4022242817423540e-03 5.7924003707136235e-03
    4.1705282669138094e-03 4.6339202965708991e-04 4.6339202965708991e-04
    1.6218721037998146e-03 1.3901760889712697e-03 1.1584800741427247e-03
    1.1584800741427247e-03 9.2678405931417981e-04 1.1584800741427247e-03
    4.6339202965708991e-04 1.3901760889712697e-03 1.3901760889712697e-03
    3.7071362372567192e-03 5.3290083410565342e-03 4.4022242817423540e-03
    2.7803521779425394e-03 3.7071362372567192e-03 5.3290083410565342e-03
    6.7191844300278037e-03 3.4754402224281742e-03 7.1825764596848930e-03
    6.9508804448563486e-04 1.1584800741427247e-03 2.5486561631139944e-03
    2.0852641334569047e-03 1.8535681186283596e-03 2.0852641334569047e-03
    1.6218721037998146e-03 1.8535681186283596e-03 4.6339202965708991e-04
    1.6218721037998146e-03 6.9508804448563486e-04 3.2437442075996291e-03
    4.1705282669138094e-03 3.2437442075996291e-03 7.6459684893419831e-03
    4.1705282669138094e-03 7.4142724745134385e-03 7.1825764596848930e-03
    8.3410565338276187e-03 6.2557924003707136e-03 1.3901760889712697e-03
    1.1584800741427247e-03 1.1584800741427247e-03 1.1584800741427247e-03
    1.8535681186283596e-03 4.6339202965708991e-04 1.1584800741427247e-03
    2.3169601482854495e-04 1.1584800741427247e-03 0.
    4.6339202965708991e-04 1.3901760889712697e-03 3.4754402224281742e-03
    3.7071362372567192e-03 3.4754402224281742e-03 4.6339202965708986e-03
    7.6459684893419831e-03 6.9508804448563484e-03 8.1093605189990724e-03
    7.4142724745134385e-03 6.9508804448563486e-04 9.2678405931417981e-04
    2.5486561631139944e-03 6.9508804448563486e-04 1.3901760889712697e-03
    1.8535681186283596e-03 9.2678405931417981e-04 4.6339202965708991e-04
    2.3169601482854495e-04 2.3169601482854495e-04 0.
    6.9508804448563486e-04 4.6339202965708991e-04 2.5486561631139944e-03
    6.0240963855421690e-03 7.1825764596848930e-03 9.9629286376274329e-03
    9.2678405931417972e-03 3.0352177942539388e-02 8.1093605189990724e-03
    2.5486561631139944e-03 2.0852641334569047e-03 2.5486561631139944e-03
    2.5486561631139944e-03 2.7803521779425394e-03 1.6218721037998146e-03
    1.1584800741427247e-03 2.3169601482854495e-04 0. 0.
    2.3169601482854495e-04 6.9508804448563486e-04 1.6218721037998146e-03
    5.5607043558850789e-03 6.2557924003707136e-03 8.3410565338276187e-03
    8.8044485634847080e-03 8.1093605189990724e-03 7.1825764596848930e-03
    5.7924003707136235e-03 1.8535681186283596e-03 1.3901760889712697e-03
    3.0120481927710845e-03 1.6218721037998146e-03 1.1584800741427247e-03
    2.0852641334569047e-03 9.2678405931417981e-04 1.8535681186283596e-03
    2.3169601482854495e-04 0. 9.2678405931417981e-04
    1.1584800741427247e-03 1.3901760889712697e-03 4.1705282669138094e-03
    4.1705282669138094e-03 1.1353104726598702e-02 7.1825764596848930e-03
    6.9508804448563484e-03 6.2557924003707136e-03 6.0240963855421690e-03
    1.6218721037998146e-03 6.9508804448563486e-04 1.1584800741427247e-03
    3.2437442075996291e-03 1.1584800741427247e-03 6.9508804448563486e-04
    1.6218721037998146e-03 6.9508804448563486e-04 2.3169601482854495e-04
    0. 2.3169601482854495e-04 6.9508804448563486e-04
    2.0852641334569047e-03 4.1705282669138094e-03 3.6607970342910100e-02
    9.0361445783132526e-03 5.7924003707136235e-03 7.6459684893419831e-03
    5.3290083410565342e-03 7.1825764596848930e-03 2.3169601482854493e-03
    6.9508804448563486e-04 1.8535681186283596e-03 1.6218721037998146e-03
    1.3901760889712697e-03 9.2678405931417981e-04 1.3901760889712697e-03
    4.6339202965708991e-04 4.6339202965708991e-04 2.3169601482854495e-04
    6.9508804448563486e-04 1.1584800741427247e-03 2.5486561631139944e-03
    4.4022242817423540e-03 2.5486561631139944e-03 4.6339202965708986e-03
    7.1825764596848930e-03 5.5607043558850789e-03 6.0240963855421690e-03
    4.6339202965708986e-03 4.6339202965708991e-04 1.1584800741427247e-03
    1.3901760889712697e-03 2.0852641334569047e-03 1.8535681186283596e-03
    6.9508804448563486e-04 2.3169601482854493e-03 1.6218721037998146e-03
    1.1584800741427247e-03 9.2678405931417981e-04 1.3901760889712697e-03
    1.1584800741427247e-03 2.3169601482854493e-03 5.5607043558850789e-03
    3.9388322520852639e-03 5.0973123262279887e-03 6.2557924003707136e-03
    4.6339202965708986e-03 5.7924003707136235e-03 4.6339202965708986e-03
    9.2678405931417981e-04 6.9508804448563486e-04 2.0852641334569047e-03
    2.3169601482854495e-04 9.2678405931417981e-04 1.3901760889712697e-03
    1.3901760889712697e-03 1.3901760889712697e-03 1.1584800741427247e-03
    9.2678405931417981e-04 2.3169601482854493e-03 2.7803521779425394e-03
    3.4754402224281742e-03 3.9388322520852639e-03 4.6339202965708986e-03
    5.7924003707136235e-03 3.9388322520852639e-03 3.2437442075996291e-03
    5.5607043558850789e-03 2.3169601482854493e-03 6.9508804448563486e-04
    6.9508804448563486e-04 1.3901760889712697e-03 9.2678405931417981e-04
    2.0852641334569047e-03 1.8535681186283596e-03 6.9508804448563486e-04
    1.1584800741427247e-03 1.3901760889712697e-03 2.3169601482854495e-04
    4.6339202965708991e-04 1.8535681186283596e-03 2.0852641334569047e-03
    3.4754402224281742e-03 3.2437442075996291e-03 2.3169601482854493e-03
    2.5486561631139944e-03 3.4754402224281742e-03 3.0120481927710845e-03
    3.9388322520852639e-03 6.9508804448563486e-04 6.9508804448563486e-04
    6.9508804448563486e-04 6.9508804448563486e-04 1.3901760889712697e-03
    2.3169601482854493e-03 1.3901760889712697e-03 2.5486561631139944e-03
