<?xml version="1.0"?>
<opencv_storage>
<person type_id="opencv-matrix">
  <rows>20</rows>
  <cols>20</cols>
  <dt>d</dt>
  <data>
    9.7690196219449342e-04 1.0068682800532202e-03 1.1267335514881273e-03
    1.1626931329185995e-03 9.7690196219449342e-04 1.0068682800532202e-03
    1.0368345979119469e-03 7.6713773718340588e-04 1.0668009157706738e-03
    2.2654536301197456e-03 2.9247126230117350e-03 1.5402687379385571e-03
    1.0608076521989283e-03 7.7912426432689660e-04 8.0909058218562333e-04
    8.2707037290085945e-04 8.6902321790307689e-04 8.8100974504656761e-04
    8.4505016361609547e-04 7.6114447361166047e-04 9.0498279933354914e-04
    1.3065314586404881e-03 1.0847807064859097e-03 1.2645786136382705e-03
    1.1147470243446367e-03 1.1566998693468542e-03 1.3544775672144510e-03
    1.3245112493557242e-03 1.1207402879163820e-03 2.5351504908482864e-03
    3.0865307394488594e-03 1.8938712886715332e-03 9.5292890790751200e-04
    8.2707037290085945e-04 7.4915794646816976e-04 9.2296259004878516e-04
    1.0787874429141644e-03 8.9299627219005832e-04 6.8922531075071619e-04
    8.2107710932911404e-04 8.3905690004435016e-04 9.5292890790751200e-04
    1.4683495750776128e-03 1.4563630479341220e-03 1.1806729236338357e-03
    1.0248480707684563e-03 1.3844438850731777e-03 1.2645786136382705e-03
    1.2106392414925624e-03 2.2474738394045093e-03 3.2243758015990027e-03
    1.5103024200798303e-03 7.8511752789864190e-04 7.4316468289642446e-04
    8.3306363647260475e-04 9.4693564433576659e-04 8.5104342718784088e-04
    8.6902321790307689e-04 8.6302995433133159e-04 6.2329941146151721e-04
    1.1746796600620901e-03 1.1387200786316181e-03 1.7380464358061538e-03
    1.4263967300753952e-03 1.4983158929363395e-03 1.3544775672144510e-03
    1.3484843036427057e-03 1.1447133422033634e-03 1.0967672336294006e-03
    2.3733323744111619e-03 3.9495606937801908e-03 1.7560262265213899e-03
    9.7090869862274801e-04 9.4693564433576659e-04 9.9488175290972955e-04
    1.0428278614836924e-03 9.8888848933798403e-04 1.0428278614836924e-03
    1.1387200786316181e-03 8.2107710932911404e-04 1.1986527143490716e-03
    1.6421542186582281e-03 1.6361609550864828e-03 1.4623563115058675e-03
    1.5162956836515756e-03 1.8099655986670983e-03 1.3484843036427057e-03
    1.2166325050643077e-03 1.1566998693468542e-03 2.7209416615723925e-03
    3.9555539573519361e-03 1.5103024200798303e-03 1.1327268150598728e-03
    9.5892217147925730e-04 9.4693564433576659e-04 1.0608076521989283e-03
    9.9488175290972955e-04 8.3306363647260475e-04 9.5892217147925730e-04
    1.0128615436249655e-03 1.3784506215014324e-03 1.8099655986670983e-03
    1.8399319165258250e-03 1.5402687379385571e-03 1.6541407458017189e-03
    1.5882148465125199e-03 1.9717837151042228e-03 1.3484843036427057e-03
    9.7690196219449342e-04 3.2663286466012202e-03 4.8485502295419949e-03
    1.4563630479341220e-03 8.9299627219005832e-04 7.8511752789864190e-04
    9.8289522576623873e-04 9.9488175290972955e-04 1.0907739700576553e-03
    8.6902321790307689e-04 7.9710405504213261e-04 8.0909058218562333e-04
    9.8289522576623873e-04 1.3964304122166685e-03 1.6901003272321909e-03
    1.8579117072410611e-03 1.6901003272321909e-03 1.7020868543756818e-03
    2.3673391108394166e-03 2.0137365601064403e-03 1.2346122957795438e-03
    4.0214798566411353e-03 6.1251153703237565e-03 1.7799992808083713e-03
    9.0498279933354914e-04 9.4693564433576659e-04 1.0308413343402016e-03
    9.9488175290972955e-04 1.0368345979119469e-03 1.1507066057751087e-03
    1.1147470243446367e-03 8.0309731861387802e-04 1.0668009157706738e-03
    1.2046459779208171e-03 1.3125247222122334e-03 1.5462620015103024e-03
    1.3185179857839787e-03 1.1806729236338357e-03 1.4024236757884138e-03
    1.4863293657928489e-03 1.1926594507773263e-03 2.1036355136826207e-03
    3.3202680187469284e-03 2.3133997386937085e-03 1.3844438850731777e-03
    1.0188548071967110e-03 8.7501648147482230e-04 8.0909058218562333e-04
    9.6491543505100271e-04 1.1087537607728912e-03 1.0488211250554377e-03
    8.1508384575736874e-04 9.0498279933354914e-04 1.1507066057751087e-03
    1.3305045129274695e-03 1.2945449314969973e-03 1.1087537607728912e-03
    9.0498279933354914e-04 9.7090869862274801e-04 1.0847807064859097e-03
    1.3364977764992148e-03 2.1575748858283289e-03 2.8048473515768276e-03
    2.8348136694355546e-03 1.4983158929363395e-03 1.0608076521989283e-03
    7.1919162860944303e-04 9.6491543505100271e-04 9.6491543505100271e-04
    9.8888848933798403e-04 9.2296259004878516e-04 8.5104342718784088e-04
    3.1224903208793317e-03 3.9435674302084455e-03 4.2312440816522226e-03
    4.6267994773874169e-03 3.2903017008882015e-03 3.5540052980449974e-03
    4.2911767173696765e-03 4.1473383916477875e-03 6.2150143238999369e-03
    5.8632097522384838e-02 9.4076258285686887e-02 1.6325649969434357e-02
    4.6028264231004349e-03 3.3622208637491460e-03 2.9486856772987162e-03
    1.9657904515324775e-03 1.9358241336737507e-03 2.3253862658371991e-03
    1.8758914979562970e-03 2.0856557229673848e-03 2.5291572272765411e-03
    3.2123892744555121e-03 3.4161602358948541e-03 3.1045105301640953e-03
    2.1395950951130930e-03 2.8587867237225358e-03 3.4221534994665994e-03
    3.9255876394932096e-03 5.7715128195907801e-03 7.9440708643484723e-02
    1.2587651479736775e-01 2.1671641075431215e-02 5.1122538266987908e-03
    4.3031632445131671e-03 3.1644431658815492e-03 2.0317163508216766e-03
    2.0437028779651673e-03 2.6010763901374856e-03 2.4152852194133795e-03
    2.0556894051086579e-03 9.4693564433576659e-04 1.0248480707684563e-03
    1.2406055593512891e-03 1.3125247222122334e-03 1.1986527143490716e-03
    9.1696932647703986e-04 9.8888848933798403e-04 9.0498279933354914e-04
    1.1926594507773263e-03 1.9538039243889868e-03 1.8159588622388436e-03
    2.1635681494000742e-03 1.2525920864947799e-03 9.1097606290529444e-04
    1.1327268150598728e-03 1.1626931329185995e-03 1.1566998693468542e-03
    1.1207402879163820e-03 1.0787874429141644e-03 9.7690196219449342e-04
    1.1507066057751087e-03 1.2346122957795438e-03 1.4743428386493581e-03
    1.7080801179474271e-03 1.2465988229230344e-03 9.7690196219449342e-04
    1.3305045129274695e-03 1.1207402879163820e-03 1.2765651407817614e-03
    2.0197298236781856e-03 3.2063960108837668e-03 2.4452515372721060e-03
    1.1566998693468542e-03 9.2895585362053057e-04 8.0309731861387802e-04
    1.0068682800532202e-03 9.7090869862274801e-04 1.0967672336294006e-03
    8.9299627219005832e-04 9.9488175290972955e-04 1.1566998693468542e-03
    1.8279453893823342e-03 1.9657904515324775e-03 2.2474738394045093e-03
    1.4743428386493581e-03 1.8459251800975703e-03 2.4392582737003607e-03
    1.5762283193690293e-03 1.4503697843623767e-03 3.7038368873386312e-03
    6.5026909753437140e-03 1.9478106608172413e-03 7.1319836503769762e-04
    9.1696932647703986e-04 1.1686863964903448e-03 1.0548143886271830e-03
    1.0068682800532202e-03 1.0188548071967110e-03 1.1027604972011459e-03
    9.4693564433576659e-04 1.1926594507773263e-03 1.6661272729452095e-03
    1.6061946372277560e-03 1.5642417922255385e-03 1.3964304122166685e-03
    1.6721205365169550e-03 1.7080801179474271e-03 1.3245112493557242e-03
    1.2585853500665252e-03 3.3022882280316925e-03 4.9444424466899206e-03
    1.4204034665036499e-03 8.9299627219005832e-04 8.0309731861387802e-04
    8.5104342718784088e-04 1.0188548071967110e-03 8.2107710932911404e-04
    8.9299627219005832e-04 9.2895585362053057e-04 7.9111079147038731e-04
    1.1147470243446367e-03 1.3904371486449232e-03 1.6421542186582281e-03
    1.4084169393601591e-03 1.2945449314969973e-03 1.3544775672144510e-03
    1.3964304122166685e-03 1.1507066057751087e-03 1.1626931329185995e-03
    2.7808742972898464e-03 4.0574394380716071e-03 1.6121879007995013e-03
    9.9488175290972955e-04 9.5292890790751200e-04 9.2895585362053057e-04
    9.5892217147925730e-04 9.1097606290529444e-04 9.8888848933798403e-04
    8.3905690004435016e-04 9.5292890790751200e-04 9.3494911719227587e-04
