<?xml version="1.0"?>
<opencv_storage>
<pet type_id="opencv-matrix">
  <rows>20</rows>
  <cols>20</cols>
  <dt>d</dt>
  <data>
    6.0226451457480120e-04 3.6135870874488076e-04 7.2271741748976151e-04
    8.4317032040472171e-04 1.2045290291496024e-03 1.9272464466393640e-03
    1.5658877378944833e-03 2.4090580582992048e-03 2.4090580582992048e-03
    3.3726812816188868e-03 2.2886051553842449e-03 2.2886051553842449e-03
    2.5295109612141651e-03 2.1681522524692846e-03 2.7704167670440857e-03
    2.1681522524692846e-03 1.9272464466393640e-03 9.6362322331968201e-04
    9.6362322331968201e-04 1.0840761262346423e-03 1.3249819320645627e-03
    9.6362322331968201e-04 1.2045290291496024e-03 1.0840761262346423e-03
    1.5658877378944833e-03 2.5295109612141651e-03 1.9272464466393640e-03
    2.2886051553842449e-03 2.7704167670440857e-03 2.1681522524692846e-03
    3.6135870874488074e-03 2.5295109612141651e-03 2.1681522524692846e-03
    1.8067935437244037e-03 2.2886051553842449e-03 1.4454348349795230e-03
    1.6863406408094434e-03 2.0476993495543243e-03 1.8067935437244037e-03
    1.3249819320645627e-03 1.0840761262346423e-03 1.4454348349795230e-03
    1.6863406408094434e-03 1.5658877378944833e-03 2.2886051553842449e-03
    2.0476993495543243e-03 1.5658877378944833e-03 2.6499638641291254e-03
    2.7704167670440857e-03 3.0113225728740063e-03 3.3726812816188868e-03
    3.2522283787039270e-03 2.0476993495543243e-03 2.2886051553842449e-03
    1.8067935437244037e-03 1.5658877378944833e-03 2.0476993495543243e-03
    1.6863406408094434e-03 1.6863406408094434e-03 8.4317032040472171e-04
    1.0840761262346423e-03 1.8067935437244037e-03 1.6863406408094434e-03
    1.4454348349795230e-03 1.3249819320645627e-03 2.4090580582992048e-03
    2.7704167670440857e-03 1.5658877378944833e-03 2.5295109612141651e-03
    3.8544928932787281e-03 3.6135870874488074e-03 3.6135870874488074e-03
    3.0113225728740063e-03 3.2522283787039270e-03 2.2886051553842449e-03
    1.8067935437244037e-03 2.8908696699590460e-03 2.2886051553842449e-03
    1.9272464466393640e-03 1.5658877378944833e-03 7.2271741748976151e-04
    1.6863406408094434e-03 8.4317032040472171e-04 1.4454348349795230e-03
    1.4454348349795230e-03 2.7704167670440857e-03 1.9272464466393640e-03
    2.5295109612141651e-03 3.9749457961936879e-03 3.2522283787039270e-03
    4.4567574078535292e-03 3.3726812816188868e-03 2.1681522524692846e-03
    3.4931341845338471e-03 1.4454348349795230e-03 2.4090580582992048e-03
    1.4454348349795230e-03 2.4090580582992048e-03 1.4454348349795230e-03
    1.6863406408094434e-03 1.4454348349795230e-03 1.2045290291496024e-03
    1.8067935437244037e-03 1.4454348349795230e-03 2.7704167670440857e-03
    1.6863406408094434e-03 3.1317754757889667e-03 1.5658877378944833e-03
    4.6976632136834498e-03 5.0590219224283303e-03 4.8181161165984096e-03
    3.2522283787039270e-03 3.7340399903637678e-03 3.2522283787039270e-03
    2.4090580582992048e-03 2.8908696699590460e-03 2.0476993495543243e-03
    1.4454348349795230e-03 1.0840761262346423e-03 1.6863406408094434e-03
    1.4454348349795230e-03 1.5658877378944833e-03 1.6863406408094434e-03
    1.9272464466393640e-03 2.2886051553842449e-03 2.5295109612141651e-03
    3.2522283787039270e-03 2.6499638641291254e-03 3.4931341845338471e-03
    5.4203806311732116e-03 6.2635509515779333e-03 4.5772103107684899e-03
    3.2522283787039270e-03 2.8908696699590460e-03 2.0476993495543243e-03
    2.2886051553842449e-03 2.0476993495543243e-03 1.9272464466393640e-03
    2.0476993495543243e-03 1.9272464466393640e-03 7.2271741748976151e-04
    1.4454348349795230e-03 1.9272464466393640e-03 1.8067935437244037e-03
    2.0476993495543243e-03 1.0840761262346423e-03 2.1681522524692846e-03
    2.5295109612141651e-03 3.3726812816188868e-03 4.4567574078535292e-03
    6.7453625632377737e-03 3.3726812816188868e-03 3.1317754757889667e-03
    4.3363045049385693e-03 2.0476993495543243e-03 1.9272464466393640e-03
    2.1681522524692846e-03 2.4090580582992048e-03 1.5658877378944833e-03
    1.5658877378944833e-03 2.0476993495543243e-03 2.0476993495543243e-03
    6.0226451457480120e-04 2.6499638641291254e-03 1.9272464466393640e-03
    1.5658877378944833e-03 2.6499638641291254e-03 4.3363045049385693e-03
    4.4567574078535292e-03 7.1067212719826550e-03 6.1430980486629726e-03
    4.4567574078535292e-03 4.3363045049385693e-03 3.8544928932787281e-03
    3.6135870874488074e-03 2.8908696699590460e-03 1.9272464466393640e-03
    2.7704167670440857e-03 1.4454348349795230e-03 1.9272464466393640e-03
    2.1681522524692846e-03 1.8067935437244037e-03 1.4454348349795230e-03
    1.5658877378944833e-03 2.1681522524692846e-03 2.1681522524692846e-03
    3.0113225728740063e-03 2.5295109612141651e-03 7.5885328836424954e-03
    1.8911105757648761e-02 9.1544206215369798e-03 5.9021922428330520e-03
    3.8544928932787281e-03 4.5772103107684899e-03 2.7704167670440857e-03
    2.7704167670440857e-03 2.4090580582992048e-03 2.1681522524692846e-03
    3.1317754757889667e-03 1.3249819320645627e-03 2.0476993495543243e-03
    7.2271741748976151e-04 1.9272464466393640e-03 1.8067935437244037e-03
    2.1681522524692846e-03 1.2045290291496024e-03 1.9272464466393640e-03
    4.6976632136834498e-03 8.0703444953023375e-03 1.3129366417730668e-02
    7.8294386894724160e-03 5.2999277282582509e-03 3.2522283787039270e-03
    4.6976632136834498e-03 3.2522283787039270e-03 1.9272464466393640e-03
    1.6863406408094434e-03 2.5295109612141651e-03 2.5295109612141651e-03
    2.1681522524692846e-03 1.0840761262346423e-03 2.0476993495543243e-03
    1.3249819320645627e-03 1.2045290291496024e-03 1.4454348349795230e-03
    1.8067935437244037e-03 3.0113225728740063e-03 3.6135870874488074e-03
    4.5772103107684899e-03 5.5408335340881715e-03 6.3840038544928932e-03
    5.6612864370031313e-03 2.8908696699590460e-03 3.4931341845338471e-03
    2.1681522524692846e-03 1.3249819320645627e-03 2.5295109612141651e-03
    2.8908696699590460e-03 1.8067935437244037e-03 3.1317754757889667e-03
    1.8067935437244037e-03 9.6362322331968201e-04 1.6863406408094434e-03
    1.2045290291496024e-03 1.5658877378944833e-03 3.0113225728740063e-03
    3.2522283787039270e-03 3.6135870874488074e-03 4.4567574078535292e-03
    6.7453625632377737e-03 4.9385690195133704e-03 5.5408335340881715e-03
    2.7704167670440857e-03 3.0113225728740063e-03 2.8908696699590460e-03
    2.0476993495543243e-03 2.0476993495543243e-03 3.0113225728740063e-03
    2.4090580582992048e-03 2.8908696699590460e-03 1.2045290291496024e-03
    9.6362322331968201e-04 2.0476993495543243e-03 2.5295109612141651e-03
    2.0476993495543243e-03 1.9272464466393640e-03 3.0113225728740063e-03
    3.2522283787039270e-03 3.1317754757889667e-03 6.0226451457480127e-03
    4.4567574078535292e-03 3.3726812816188868e-03 2.5295109612141651e-03
    4.3363045049385693e-03 3.0113225728740063e-03 2.4090580582992048e-03
    2.7704167670440857e-03 2.5295109612141651e-03 2.0476993495543243e-03
    1.3249819320645627e-03 1.5658877378944833e-03 2.0476993495543243e-03
    1.2045290291496024e-03 1.0840761262346423e-03 2.0476993495543243e-03
    1.6863406408094434e-03 3.1317754757889667e-03 2.4090580582992048e-03
    2.8908696699590460e-03 3.3726812816188868e-03 4.3363045049385693e-03
    3.0113225728740063e-03 2.7704167670440857e-03 1.9272464466393640e-03
    2.8908696699590460e-03 2.0476993495543243e-03 2.1681522524692846e-03
    1.9272464466393640e-03 1.8067935437244037e-03 2.0476993495543243e-03
    7.2271741748976151e-04 1.2045290291496024e-03 9.6362322331968201e-04
    1.8067935437244037e-03 3.1317754757889667e-03 2.0476993495543243e-03
    2.5295109612141651e-03 2.0476993495543243e-03 2.5295109612141651e-03
    4.0953986991086487e-03 3.6135870874488074e-03 3.1317754757889667e-03
    1.9272464466393640e-03 1.9272464466393640e-03 2.1681522524692846e-03
    2.5295109612141651e-03 1.4454348349795230e-03 1.3249819320645627e-03
    1.8067935437244037e-03 2.1681522524692846e-03 1.0840761262346423e-03
