<?xml version="1.0"?>
<opencv_storage>
<piano type_id="opencv-matrix">
  <rows>20</rows>
  <cols>20</cols>
  <dt>d</dt>
  <data>
    1.5276504735716467e-03 6.1106018942865871e-04 3.0553009471432935e-04
    9.1659028414298811e-04 3.0553009471432935e-04 9.1659028414298811e-04
    3.0553009471432935e-04 6.1106018942865871e-04 1.8331805682859762e-03
    1.5276504735716467e-03 3.9718912312862818e-03 3.0553009471432934e-03
    1.8331805682859762e-03 4.8884815154292697e-03 4.2774213260006111e-03
    2.1387106630003055e-03 1.2221203788573174e-03 2.7497708524289641e-03
    3.0553009471432934e-03 2.1387106630003055e-03 6.1106018942865871e-04
    1.5276504735716467e-03 6.1106018942865871e-04 3.0553009471432935e-04
    6.1106018942865871e-04 6.1106018942865871e-04 9.1659028414298811e-04
    3.0553009471432935e-04 0. 6.1106018942865871e-04
    5.1940116101435990e-03 2.4442407577146348e-03 2.7497708524289641e-03
    5.4995417048579283e-03 3.0553009471432934e-03 1.8331805682859762e-03
    2.1387106630003055e-03 4.8884815154292697e-03 3.3608310418576232e-03
    3.9718912312862818e-03 6.1106018942865871e-04 6.1106018942865871e-04
    3.0553009471432935e-04 6.1106018942865871e-04 1.2221203788573174e-03
    1.5276504735716467e-03 6.1106018942865871e-04 3.0553009471432935e-04
    3.0553009471432935e-04 1.8331805682859762e-03 2.7497708524289641e-03
    2.4442407577146348e-03 3.6663611365719525e-03 3.3608310418576232e-03
    4.8884815154292697e-03 2.4442407577146348e-03 4.2774213260006111e-03
    1.8331805682859762e-03 3.6663611365719525e-03 3.9718912312862818e-03
    1.2221203788573174e-03 9.1659028414298811e-04 6.1106018942865871e-04
    9.1659028414298811e-04 1.8331805682859762e-03 3.0553009471432935e-04
    1.2221203788573174e-03 0. 6.1106018942865871e-04
    1.8331805682859762e-03 6.1106018942865871e-04 3.3608310418576232e-03
    4.2774213260006111e-03 2.1387106630003055e-03 3.3608310418576232e-03
    4.8884815154292697e-03 2.1387106630003055e-03 2.7497708524289641e-03
    2.4442407577146348e-03 1.5276504735716467e-03 3.0553009471432935e-04
    1.2221203788573174e-03 3.0553009471432935e-04 6.1106018942865871e-04
    0. 0. 0. 0. 6.1106018942865871e-04 6.1106018942865871e-04
    3.0553009471432935e-04 9.1659028414298811e-04 6.1106018942865871e-04
    1.5276504735716467e-03 9.1659028414298811e-04 2.1387106630003055e-03
    9.1659028414298811e-04 1.8331805682859762e-03 5.1940116101435990e-03
    3.3608310418576232e-03 6.1106018942865871e-04 6.1106018942865871e-04
    6.1106018942865871e-04 1.2221203788573174e-03 6.1106018942865871e-04
    0. 6.1106018942865871e-04 0. 3.0553009471432935e-04
    3.0553009471432935e-04 3.0553009471432935e-04 6.1106018942865871e-04
    6.1106018942865871e-04 1.2221203788573174e-03 1.2221203788573174e-03
    1.2221203788573174e-03 2.7497708524289641e-03 1.2221203788573174e-03
    3.0553009471432934e-03 2.7497708524289641e-03 6.1106018942865871e-04
    3.0553009471432935e-04 6.1106018942865871e-04 0.
    6.1106018942865871e-04 0. 9.1659028414298811e-04 0.
    3.0553009471432935e-04 1.5276504735716467e-03 9.1659028414298811e-04
    0. 6.1106018942865871e-04 9.1659028414298811e-04
    1.8331805682859762e-03 2.4442407577146348e-03 1.2221203788573174e-03
    1.5276504735716467e-03 2.7497708524289641e-03 2.7497708524289641e-03
    1.2221203788573174e-03 1.2221203788573174e-03 9.1659028414298811e-04
    3.0553009471432935e-04 3.0553009471432935e-04 3.0553009471432935e-04
    0. 0. 3.0553009471432935e-04 0. 3.0553009471432934e-03 0.
    3.0553009471432935e-04 9.1659028414298811e-04 6.1106018942865871e-04
    3.0553009471432934e-03 2.1387106630003055e-03 2.1387106630003055e-03
    3.0553009471432934e-03 3.0553009471432934e-03 6.1106018942865871e-04
    9.1659028414298811e-04 1.8331805682859762e-03 6.1106018942865871e-04
    6.1106018942865871e-04 6.1106018942865871e-04 9.1659028414298811e-04
    6.1106018942865871e-04 3.0553009471432935e-04 0. 0.
    3.0553009471432935e-04 1.2221203788573174e-03 9.1659028414298811e-04
    6.1106018942865871e-04 3.9718912312862818e-03 3.9718912312862818e-03
    6.1106018942865871e-04 3.0553009471432934e-03 5.8050717995722576e-03
    9.1659028414298811e-04 1.5276504735716467e-03 9.1659028414298811e-04
    1.2221203788573174e-03 1.5276504735716467e-03 1.8331805682859762e-03
    2.1387106630003055e-03 3.0553009471432935e-04 1.2221203788573174e-03
    9.1659028414298811e-04 0. 6.1106018942865869e-03
    5.6523067522150930e-02 5.4078826764436295e-02 1.6193095019859455e-02
    3.5135960892147877e-02 1.6498625114573784e-02 4.5829514207149404e-03
    3.3608310418576232e-03 5.1940116101435990e-03 6.1106018942865871e-04
    1.8331805682859762e-03 9.1659028414298811e-04 1.2221203788573174e-03
    1.5276504735716467e-03 9.1659028414298811e-04 6.1106018942865871e-04
    1.5276504735716467e-03 1.5276504735716467e-03 0.
    9.1659028414298811e-04 6.7216620837152463e-03 8.9214787656584180e-02
    8.4326306141154897e-02 1.4970974641002138e-02 2.6275588145432325e-02
    1.4970974641002138e-02 3.9718912312862818e-03 3.9718912312862818e-03
    4.2774213260006111e-03 1.2221203788573174e-03 9.1659028414298811e-04
    3.0553009471432935e-04 1.2221203788573174e-03 6.1106018942865871e-04
    0. 3.0553009471432935e-04 0. 3.0553009471432935e-04 0.
    3.0553009471432935e-04 6.1106018942865871e-04 1.8331805682859762e-03
    2.1387106630003055e-03 1.8331805682859762e-03 3.9718912312862818e-03
    2.1387106630003055e-03 1.2221203788573174e-03 2.7497708524289641e-03
    3.6663611365719525e-03 3.0553009471432935e-04 3.0553009471432935e-04
    0. 9.1659028414298811e-04 0. 3.0553009471432935e-04
    3.0553009471432935e-04 0. 9.1659028414298811e-04
    9.1659028414298811e-04 1.2221203788573174e-03 0.
    3.0553009471432935e-04 9.1659028414298811e-04 9.1659028414298811e-04
    2.1387106630003055e-03 9.1659028414298811e-04 3.0553009471432934e-03
    2.1387106630003055e-03 2.1387106630003055e-03 9.1659028414298811e-04
    6.1106018942865871e-04 0. 6.1106018942865871e-04
    9.1659028414298811e-04 3.0553009471432935e-04 0.
    3.0553009471432935e-04 0. 0. 1.2221203788573174e-03
    1.5276504735716467e-03 0. 1.2221203788573174e-03
    9.1659028414298811e-04 9.1659028414298811e-04 2.7497708524289641e-03
    2.1387106630003055e-03 1.8331805682859762e-03 2.4442407577146348e-03
    6.1106018942865871e-04 6.1106018942865871e-04 6.1106018942865871e-04
    0. 1.5276504735716467e-03 9.1659028414298811e-04 0.
    9.1659028414298811e-04 3.0553009471432935e-04 3.0553009471432935e-04
    0. 0. 1.2221203788573174e-03 1.2221203788573174e-03
    3.0553009471432935e-04 1.8331805682859762e-03 2.7497708524289641e-03
    1.8331805682859762e-03 2.1387106630003055e-03 2.4442407577146348e-03
    6.1106018942865871e-04 3.0553009471432935e-04 6.1106018942865871e-04
    9.1659028414298811e-04 6.1106018942865871e-04 3.0553009471432935e-04
    3.0553009471432935e-04 6.1106018942865871e-04 9.1659028414298811e-04
    3.0553009471432935e-04 9.1659028414298811e-04 6.1106018942865871e-04
    6.1106018942865871e-04 3.0553009471432935e-04 1.5276504735716467e-03
    2.1387106630003055e-03 0. 3.0553009471432934e-03
    2.7497708524289641e-03 6.1106018942865871e-04 6.1106018942865871e-04
    9.1659028414298811e-04 0. 1.2221203788573174e-03
    3.0553009471432935e-04 3.0553009471432935e-04 6.1106018942865871e-04
    3.0553009471432935e-04 0. 1.2221203788573174e-03
    1.8331805682859762e-03 1.5276504735716467e-03 2.7497708524289641e-03
    5.1940116101435990e-03 1.5276504735716467e-03 3.6663611365719525e-03
    1.5276504735716467e-03 2.1387106630003055e-03 2.1387106630003055e-03
    3.3608310418576232e-03 3.0553009471432935e-04 9.1659028414298811e-04
    6.1106018942865871e-04 3.0553009471432935e-04 9.1659028414298811e-04
    1.8331805682859762e-03 0. 9.1659028414298811e-04
    6.1106018942865871e-04 6.1106018942865871e-04 1.8331805682859762e-03
    2.7497708524289641e-03 3.0553009471432934e-03 5.4995417048579283e-03
    2.1387106630003055e-03 2.1387106630003055e-03 2.1387106630003055e-03
