<?xml version="1.0"?>
<opencv_storage>
<picture_frame type_id="opencv-matrix">
  <rows>20</rows>
  <cols>20</cols>
  <dt>d</dt>
  <data>
    1.0078071460245368e-03 9.1374514572891330e-04 9.6749486018355530e-04
    1.0346820032518576e-03 1.1824937180021232e-03 1.6796785767075613e-03
    1.5721791477982772e-03 1.4915545761163143e-03 1.0481194318655183e-03
    9.8093228879721586e-04 7.7937085959230840e-04 1.4378048616616723e-03
    2.2037382926403202e-03 2.5665488652091535e-03 2.2306131498676415e-03
    2.8756097233233447e-03 1.9081148631397895e-03 1.9484271489807711e-03
    2.1499885781856784e-03 1.7871780056168453e-03 9.4062000295623430e-04
    9.4062000295623430e-04 1.0481194318655183e-03 9.6749486018355530e-04
    1.3571802899797094e-03 1.1690562893884625e-03 1.2899931469114070e-03
    1.2631182896840861e-03 1.4378048616616723e-03 1.3974925758206910e-03
    1.1153065749338208e-03 1.7603031483895241e-03 2.9159220091643265e-03
    2.6068611510501349e-03 2.8487348660960238e-03 3.8027922976659185e-03
    2.3515500073905855e-03 2.3784248646179069e-03 1.9887394348217526e-03
    2.0962388637310366e-03 1.0884317177064996e-03 1.1287440035474812e-03
    1.1824937180021232e-03 1.0749942890928392e-03 1.2362434324567650e-03
    1.5049920047299748e-03 1.1556188607748021e-03 1.5049920047299748e-03
    1.3034305755250674e-03 1.6393662908665797e-03 1.0615568604791788e-03
    1.5721791477982772e-03 3.1846705814375363e-03 2.4456120076862091e-03
    2.8352974374823633e-03 3.5071688681653878e-03 2.3381125787769251e-03
    2.2709254357086229e-03 2.1096762923446971e-03 1.9618645775944317e-03
    9.5405743156989475e-04 9.9436971741087630e-04 9.8093228879721586e-04
    1.1556188607748021e-03 1.7737405770031846e-03 1.4915545761163143e-03
    1.3168680041387281e-03 1.1959311466157837e-03 1.3437428613660490e-03
    1.0749942890928392e-03 1.7334282911622033e-03 1.9753020062080922e-03
    2.5531114365954931e-03 2.9965465808462891e-03 3.6415431543019927e-03
    4.2193525846893941e-03 2.4321745790725486e-03 2.3112377215496042e-03
    2.2978002929359437e-03 2.4052997218452278e-03 1.3571802899797094e-03
    1.3437428613660490e-03 1.2765557182977466e-03 1.4243674330480119e-03
    1.7468657197758637e-03 1.6124914336392588e-03 1.7334282911622033e-03
    1.8006154342305057e-03 2.2574880070949624e-03 4.6493503003265293e-03
    6.8934008788078312e-03 2.5127991507545118e-03 3.3727945820287829e-03
    3.1040460097555731e-03 3.8968542979615421e-03 4.0312285840981470e-03
    2.8352974374823633e-03 2.9562342950053078e-03 2.5934237224364744e-03
    2.4590494362998695e-03 1.1824937180021232e-03 1.0481194318655183e-03
    1.1959311466157837e-03 1.4243674330480119e-03 1.6662411480939008e-03
    1.6259288622529192e-03 1.7603031483895241e-03 1.7603031483895241e-03
    1.7468657197758637e-03 2.5127991507545118e-03 3.1309208669828940e-03
    2.4590494362998695e-03 3.4399817250970856e-03 2.9024845805506660e-03
    3.3324822961878016e-03 4.0849782985527888e-03 3.2787325817331594e-03
    3.0099840094599496e-03 2.7815477230277216e-03 2.4859242935271904e-03
    1.0749942890928392e-03 1.1824937180021232e-03 1.0884317177064996e-03
    1.5990540050255984e-03 2.0021768634354131e-03 1.6393662908665797e-03
    1.8274902914578266e-03 2.1903008640266597e-03 2.0021768634354131e-03
    1.6662411480939008e-03 2.2440505784813020e-03 2.6068611510501349e-03
    4.3537268708259986e-03 3.2787325817331594e-03 4.2596648705303750e-03
    4.8105994436904555e-03 3.3862320106424434e-03 3.3862320106424434e-03
    2.7009231513457584e-03 2.7815477230277216e-03 1.3974925758206910e-03
    1.2362434324567650e-03 1.5990540050255984e-03 1.8140528628441662e-03
    2.2709254357086229e-03 1.9349897203671106e-03 1.8678025772988082e-03
    2.1365511495720180e-03 2.0156142920490735e-03 2.0156142920490735e-03
    3.1712331528238758e-03 2.6337360082774562e-03 4.8912240153724182e-03
    4.5015385855762639e-03 4.5821631572582275e-03 5.3749714454641960e-03
    3.5071688681653878e-03 3.2518577245058385e-03 2.8487348660960238e-03
    3.5743560112336905e-03 1.4109300044343515e-03 1.4646797188889935e-03
    1.1690562893884625e-03 1.5990540050255984e-03 1.9484271489807711e-03
    1.9484271489807711e-03 1.6124914336392588e-03 1.8006154342305057e-03
    1.3706177185933699e-03 9.0030771711525285e-04 1.1959311466157837e-03
    2.2440505784813020e-03 4.7837245864631346e-03 4.6762251575538502e-03
    5.4018463026915169e-03 6.5037154490116770e-03 3.4534191537107461e-03
    3.8162297262795790e-03 3.2518577245058385e-03 3.1309208669828940e-03
    1.2228060038431045e-03 1.4243674330480119e-03 9.2718257434257385e-04
    1.7334282911622033e-03 4.9180988725997391e-03 3.1846705814375363e-03
    2.3246751501632646e-03 2.9159220091643265e-03 1.2765557182977466e-03
    2.6874857227320980e-04 4.0312285840981470e-04 3.5206062967790483e-03
    9.5674491729262692e-03 7.7802711673094233e-03 1.1448689178838737e-02
    2.0357704349695641e-02 5.2002848734866098e-03 4.3806017280533195e-03
    3.7893548690522581e-03 3.3996694392561038e-03 1.0481194318655183e-03
    1.2631182896840861e-03 2.8487348660960238e-03 1.4378048616616723e-03
    4.4881011569626039e-03 3.1443582955965545e-03 2.5665488652091535e-03
    3.0368588666872709e-03 1.3168680041387281e-03 4.0312285840981470e-04
    2.9562342950053080e-04 3.2652951531194989e-03 9.0837017428344914e-03
    7.6727717384001397e-03 1.0857442319837676e-02 2.1688009782448031e-02
    5.1868474448729489e-03 4.0043537268708261e-03 3.3996694392561038e-03
    3.1309208669828940e-03 1.3437428613660490e-03 1.3571802899797094e-03
    1.4646797188889935e-03 1.5453042905709564e-03 2.3784248646179069e-03
    2.1096762923446971e-03 1.8946774345261290e-03 1.7737405770031846e-03
    1.3168680041387281e-03 8.1968314543328985e-04 1.6528037194802404e-03
    2.1768634354129993e-03 4.8374743009177764e-03 4.7165374433948319e-03
    5.6571574463510667e-03 6.0065305903062392e-03 4.1656028702347515e-03
    4.1252905843937706e-03 3.1577957242102149e-03 3.0771711525282523e-03
    1.5318668619572959e-03 1.3303054327523886e-03 1.2765557182977466e-03
    3.1577957242102149e-03 2.0828014351173757e-03 1.7468657197758637e-03
    1.9887394348217526e-03 2.0962388637310366e-03 1.8543651486851477e-03
    2.3112377215496042e-03 2.9696717236189682e-03 2.3918622932315673e-03
    5.1330977304183071e-03 4.4746637283489430e-03 4.5956005858718875e-03
    6.0602803047608809e-03 3.6146682970746719e-03 3.4265442964834247e-03
    3.6146682970746719e-03 3.4265442964834247e-03 1.4378048616616723e-03
    1.1959311466157837e-03 1.2093685752294441e-03 1.4109300044343515e-03
    1.6528037194802404e-03 1.6662411480939008e-03 1.8543651486851477e-03
    2.3381125787769251e-03 1.7468657197758637e-03 1.7065534339348821e-03
    2.0962388637310366e-03 1.9215522917534502e-03 4.4612262997352830e-03
    3.2518577245058385e-03 4.0849782985527888e-03 4.7299748720084928e-03
    3.5877934398473510e-03 2.9427968663916474e-03 2.9159220091643265e-03
    3.0502962953009314e-03 1.3706177185933699e-03 1.0212445746381972e-03
    1.3706177185933699e-03 1.3840551472070306e-03 1.7871780056168453e-03
    1.8274902914578266e-03 1.8678025772988082e-03 2.1634260067993388e-03
    1.6931160053212217e-03 2.3784248646179069e-03 3.0099840094599496e-03
    2.9159220091643265e-03 3.0099840094599496e-03 3.5340437253927087e-03
    3.2518577245058385e-03 4.5821631572582275e-03 3.2652951531194989e-03
    2.8756097233233447e-03 3.0234214380736100e-03 2.9831091522326287e-03
    1.0346820032518576e-03 1.2631182896840861e-03 1.5990540050255984e-03
    1.4243674330480119e-03 2.0559265778900548e-03 1.6931160053212217e-03
    2.3246751501632646e-03 2.2037382926403202e-03 2.0693640065037153e-03
    4.7568497292358137e-03 6.8396511643531895e-03 2.9293594377779869e-03
    3.7356051545976163e-03 3.2384202958921780e-03 3.8565420121205608e-03
    4.3134145849850177e-03 2.8487348660960238e-03 2.5799862938228140e-03
    2.9024845805506660e-03 2.7412354371867398e-03 9.4062000295623430e-04
