<?xml version="1.0"?>
<opencv_storage>
<pillow type_id="opencv-matrix">
  <rows>20</rows>
  <cols>20</cols>
  <dt>d</dt>
  <data>
    8.9750493627714948e-04 5.3850296176628971e-04 8.9750493627714948e-04
    7.1800394902171965e-04 5.3850296176628971e-04 8.9750493627714948e-04
    1.2565069107880094e-03 1.2565069107880094e-03 7.1800394902171965e-04
    1.2565069107880094e-03 2.3335128343205886e-03 1.2565069107880094e-03
    1.7950098725542990e-03 1.7950098725542990e-03 1.7950098725542990e-03
    1.2565069107880094e-03 1.7950098725542990e-03 1.6155088852988692e-03
    1.4360078980434393e-03 1.2565069107880094e-03 1.0770059235325794e-03
    8.9750493627714948e-04 5.3850296176628971e-04 7.1800394902171965e-04
    3.5900197451085983e-04 5.3850296176628971e-04 5.3850296176628971e-04
    7.1800394902171965e-04 5.3850296176628971e-04 1.7950098725542990e-03
    2.5130138215760187e-03 1.6155088852988692e-03 1.9745108598097291e-03
    2.6925148088314485e-03 1.7950098725542990e-03 1.6155088852988692e-03
    2.5130138215760187e-03 2.6925148088314485e-03 1.7950098725542990e-03
    1.0770059235325794e-03 1.0770059235325794e-03 3.5900197451085983e-04
    3.5900197451085983e-04 8.9750493627714948e-04 7.1800394902171965e-04
    1.2565069107880094e-03 1.0770059235325794e-03 1.2565069107880094e-03
    1.2565069107880094e-03 1.4360078980434393e-03 3.2310177705977385e-03
    1.6155088852988692e-03 1.9745108598097291e-03 2.8720157960868786e-03
    2.3335128343205886e-03 1.0770059235325794e-03 2.1540118470651588e-03
    1.7950098725542990e-03 1.6155088852988692e-03 1.9745108598097291e-03
    1.6155088852988692e-03 1.7950098725542990e-03 7.1800394902171965e-04
    1.9745108598097291e-03 1.2565069107880094e-03 5.3850296176628971e-04
    1.2565069107880094e-03 2.1540118470651588e-03 2.3335128343205886e-03
    2.8720157960868786e-03 2.5130138215760187e-03 4.4875246813857479e-03
    2.3335128343205886e-03 1.4360078980434393e-03 1.0770059235325794e-03
    1.9745108598097291e-03 1.4360078980434393e-03 1.7950098725542990e-03
    2.3335128343205886e-03 2.1540118470651588e-03 7.1800394902171965e-04
    1.0770059235325794e-03 7.1800394902171965e-04 1.2565069107880094e-03
    5.3850296176628971e-04 1.7950098725542990e-03 8.9750493627714948e-04
    1.0770059235325794e-03 1.2565069107880094e-03 7.1800394902171965e-04
    1.9745108598097291e-03 1.0770059235325794e-03 1.2565069107880094e-03
    1.4360078980434393e-03 1.6155088852988692e-03 5.3850296176628971e-04
    3.0515167833423083e-03 1.2565069107880094e-03 2.1540118470651588e-03
    1.0770059235325794e-03 7.1800394902171965e-04 1.6155088852988692e-03
    3.5900197451085983e-04 5.3850296176628971e-04 1.2565069107880094e-03
    1.2565069107880094e-03 1.2565069107880094e-03 1.0770059235325794e-03
    1.6155088852988692e-03 3.0515167833423083e-03 2.6925148088314485e-03
    1.9745108598097291e-03 1.7950098725542990e-03 8.9750493627714948e-04
    1.0770059235325794e-03 5.3850296176628971e-04 2.8720157960868786e-03
    1.0770059235325794e-03 8.9750493627714948e-04 2.1540118470651588e-03
    1.0770059235325794e-03 3.5900197451085983e-04 7.1800394902171965e-04
    1.7950098725542990e-03 7.1800394902171965e-04 1.4360078980434393e-03
    2.6925148088314485e-03 3.0515167833423083e-03 2.5130138215760187e-03
    6.6415365284509063e-03 9.1545503500269250e-03 4.1285227068748875e-03
    4.3080236941303177e-03 3.9490217196194582e-03 1.6155088852988692e-03
    1.7950098725542990e-03 1.2565069107880094e-03 1.2565069107880094e-03
    1.4360078980434393e-03 1.0770059235325794e-03 1.9745108598097291e-03
    8.9750493627714948e-04 8.9750493627714948e-04 1.4360078980434393e-03
    3.5900197451085983e-04 1.2565069107880094e-03 1.7950098725542990e-03
    3.9490217196194582e-03 5.2055286304074676e-03 7.0005385029617666e-03
    8.9750493627714957e-03 1.0052055286304075e-02 1.0590558248070365e-02
    7.1800394902171959e-03 3.5900197451085979e-03 1.4360078980434393e-03
    1.7950098725542990e-03 1.0770059235325794e-03 1.6155088852988692e-03
    1.2565069107880094e-03 1.7950098725542990e-03 1.2565069107880094e-03
    5.3850296176628971e-04 1.2565069107880094e-03 1.0770059235325794e-03
    8.9750493627714948e-04 3.4105187578531682e-03 3.7695207323640281e-03
    4.3080236941303177e-03 6.6415365284509063e-03 1.0411057260814935e-02
    1.1129061209836654e-02 1.5257583916711542e-02 8.2570454137497751e-03
    4.6670256686411771e-03 2.6925148088314485e-03 1.2565069107880094e-03
    1.0770059235325794e-03 1.2565069107880094e-03 1.6155088852988692e-03
    1.2565069107880094e-03 1.7950098725542990e-03 2.1540118470651588e-03
    1.6155088852988692e-03 1.4360078980434393e-03 2.1540118470651588e-03
    4.3080236941303177e-03 5.2055286304074676e-03 4.8465266558966073e-03
    2.0104110572608150e-02 3.0515167833423083e-02 1.1667564171602944e-02
    1.5796086878477833e-02 1.2565069107880094e-02 5.3850296176628969e-03
    2.1540118470651588e-03 2.6925148088314485e-03 1.4360078980434393e-03
    1.7950098725542990e-03 2.6925148088314485e-03 1.4360078980434393e-03
    1.4360078980434393e-03 1.0770059235325794e-03 1.2565069107880094e-03
    8.9750493627714948e-04 1.9745108598097291e-03 5.0260276431520375e-03
    6.2825345539400468e-03 4.3080236941303177e-03 1.7052593789265841e-02
    3.2669179680488242e-02 1.3283073056901813e-02 1.4360078980434392e-02
    1.2565069107880094e-02 5.7440315921737572e-03 2.6925148088314485e-03
    3.0515167833423083e-03 1.9745108598097291e-03 1.7950098725542990e-03
    3.0515167833423083e-03 1.0770059235325794e-03 5.3850296176628971e-04
    1.6155088852988692e-03 1.2565069107880094e-03 1.0770059235325794e-03
    1.9745108598097291e-03 2.3335128343205886e-03 3.2310177705977385e-03
    3.0515167833423083e-03 6.8210375157063364e-03 8.7955483755160647e-03
    9.6930533117932146e-03 9.3340513372823543e-03 7.5390414647280562e-03
    5.3850296176628969e-03 2.5130138215760187e-03 8.9750493627714948e-04
    1.0770059235325794e-03 1.9745108598097291e-03 1.7950098725542990e-03
    1.6155088852988692e-03 3.5900197451085983e-04 8.9750493627714948e-04
    2.5130138215760187e-03 5.3850296176628971e-04 3.5900197451085983e-04
    8.9750493627714948e-04 3.2310177705977385e-03 4.6670256686411771e-03
    5.9235325794291865e-03 1.1308562197092083e-02 8.6160473882606354e-03
    1.2744570095135523e-02 7.1800394902171959e-03 3.5900197451085979e-03
    1.7950098725542990e-03 1.4360078980434393e-03 1.7950098725542990e-03
    1.7950098725542990e-03 2.1540118470651588e-03 1.0770059235325794e-03
    8.9750493627714948e-04 1.7950098725542991e-04 5.3850296176628971e-04
    1.0770059235325794e-03 1.4360078980434393e-03 8.9750493627714948e-04
    2.3335128343205886e-03 2.8720157960868786e-03 5.5645306049183271e-03
    7.0005385029617666e-03 4.1285227068748875e-03 3.7695207323640281e-03
    3.9490217196194582e-03 2.1540118470651588e-03 8.9750493627714948e-04
    8.9750493627714948e-04 1.7950098725542990e-03 3.5900197451085983e-04
    1.4360078980434393e-03 1.2565069107880094e-03 1.4360078980434393e-03
    8.9750493627714948e-04 5.3850296176628971e-04 7.1800394902171965e-04
    7.1800394902171965e-04 1.0770059235325794e-03 1.7950098725542990e-03
    2.1540118470651588e-03 2.5130138215760187e-03 3.0515167833423083e-03
    1.4360078980434393e-03 1.0770059235325794e-03 1.4360078980434393e-03
    1.0770059235325794e-03 1.6155088852988692e-03 7.1800394902171965e-04
    1.2565069107880094e-03 1.4360078980434393e-03 1.0770059235325794e-03
    3.5900197451085983e-04 8.9750493627714948e-04 5.3850296176628971e-04
    1.0770059235325794e-03 3.5900197451085983e-04 5.3850296176628971e-04
    5.3850296176628971e-04 1.7950098725542990e-03 1.2565069107880094e-03
    2.1540118470651588e-03 2.1540118470651588e-03 1.6155088852988692e-03
    1.7950098725542990e-03 1.0770059235325794e-03 1.0770059235325794e-03
    2.5130138215760187e-03 1.6155088852988692e-03 1.2565069107880094e-03
    1.2565069107880094e-03 2.3335128343205886e-03 1.7950098725542990e-03
