<?xml version="1.0"?>
<opencv_storage>
<place_setting type_id="opencv-matrix">
  <rows>20</rows>
  <cols>20</cols>
  <dt>d</dt>
  <data>
    0. 3.6616623947272059e-04 3.6616623947272059e-04 0.
    3.6616623947272059e-04 2.1969974368363236e-03 7.3233247894544118e-04
    0. 2.1969974368363236e-03 7.3233247894544118e-04
    2.9293299157817647e-03 3.6616623947272059e-04 3.6616623947272059e-04
    1.0984987184181618e-03 0. 0. 0. 0. 0. 0. 3.6616623947272059e-04
    1.0984987184181618e-03 3.6616623947272059e-04 3.6616623947272059e-04
    1.4646649578908824e-03 1.0984987184181618e-03 7.3233247894544118e-04
    1.4646649578908824e-03 2.5631636763090442e-03 3.6616623947272059e-04
    1.4646649578908824e-03 7.3233247894544118e-04 7.3233247894544118e-04
    7.3233247894544118e-04 0. 0. 0. 7.3233247894544118e-04
    3.6616623947272059e-04 0. 0. 3.6616623947272059e-04 0.
    7.3233247894544118e-04 2.9293299157817647e-03 7.3233247894544118e-04
    7.3233247894544118e-04 2.5631636763090442e-03 3.6616623947272062e-03
    3.6616623947272059e-04 2.9293299157817647e-03 2.5631636763090442e-03
    1.0984987184181618e-03 1.8308311973636031e-03 0.
    7.3233247894544118e-04 0. 0. 3.6616623947272059e-04
    3.6616623947272059e-04 1.0984987184181618e-03 3.6616623947272059e-04
    7.3233247894544118e-04 1.8308311973636031e-03 2.5631636763090442e-03
    6.2248260710362508e-03 2.1969974368363236e-03 2.9293299157817647e-03
    6.5909923105089713e-03 1.0984987184181618e-03 6.9571585499816919e-03
    2.1969974368363236e-03 1.4646649578908824e-03 1.4646649578908824e-03
    0. 0. 3.6616623947272059e-04 0. 3.6616623947272059e-04
    3.6616623947272059e-04 0. 1.4646649578908824e-03
    7.3233247894544118e-04 7.3233247894544118e-04 3.6616623947272062e-03
    2.9293299157817647e-03 2.9293299157817647e-03 1.4646649578908824e-03
    2.5631636763090442e-03 7.3233247894544118e-04 5.1263273526180883e-03
    3.2954961552544857e-03 2.1969974368363236e-03 1.8308311973636031e-03
    7.3233247894544118e-04 0. 7.3233247894544118e-04
    3.6616623947272059e-04 7.3233247894544118e-04 3.6616623947272059e-04
    2.1969974368363236e-03 3.6616623947272059e-04 7.3233247894544118e-04
    4.3939948736726473e-03 2.9293299157817647e-03 2.9293299157817647e-03
    3.2954961552544857e-03 4.3939948736726473e-03 6.5909923105089713e-03
    2.9293299157817647e-03 7.6894910289271329e-03 6.2248260710362508e-03
    3.2954961552544857e-03 3.6616623947272062e-03 1.0984987184181618e-03
    3.6616623947272059e-04 2.1969974368363236e-03 0.
    7.3233247894544118e-04 7.3233247894544118e-04 7.3233247894544118e-04
    1.0984987184181618e-03 2.1969974368363236e-03 3.6616623947272062e-03
    8.7879897473452945e-03 1.4646649578908825e-02 6.9571585499816919e-03
    7.6894910289271329e-03 1.5012815818381545e-02 5.1263273526180883e-03
    1.2449652142072502e-02 1.3914317099963384e-02 4.0278286341999267e-03
    2.9293299157817647e-03 7.3233247894544118e-04 3.6616623947272059e-04
    7.3233247894544118e-04 3.6616623947272059e-04 3.6616623947272059e-04
    7.3233247894544118e-04 7.3233247894544118e-04 2.5631636763090442e-03
    2.1969974368363236e-03 2.9293299157817647e-03 6.9571585499816919e-03
    7.3233247894544124e-03 4.7601611131453678e-03 4.0278286341999267e-03
    8.7879897473452945e-03 1.8308311973636031e-03 1.2083485902599781e-02
    7.3233247894544124e-03 3.6616623947272062e-03 5.4924935920908089e-03
    1.4646649578908824e-03 3.6616623947272059e-04 2.1969974368363236e-03
    0. 3.6616623947272059e-04 0. 0. 0. 7.3233247894544118e-04
    1.0984987184181618e-03 3.6616623947272059e-04 7.3233247894544118e-04
    1.4646649578908824e-03 7.3233247894544118e-04 1.8308311973636031e-03
    1.4646649578908824e-03 3.6616623947272059e-04 1.0984987184181618e-03
    7.3233247894544118e-04 1.0984987184181618e-03 7.3233247894544118e-04
    1.0984987184181618e-03 0. 0. 0. 3.6616623947272059e-04
    2.5631636763090442e-03 5.4924935920908089e-03 4.7601611131453678e-03
    3.6616623947272062e-03 9.5203222262907356e-03 1.4280483339436104e-02
    1.0618820944708897e-02 2.5631636763090442e-03 4.0278286341999267e-03
    3.6616623947272062e-03 1.5378982057854266e-02 2.2336140607835956e-02
    8.7879897473452945e-03 4.3939948736726473e-03 1.8308311973636031e-03
    1.4646649578908824e-03 1.8308311973636031e-03 0.
    7.3233247894544118e-04 7.3233247894544118e-04 2.5631636763090442e-03
    7.3233247894544118e-04 1.0984987184181618e-03 7.6894910289271329e-03
    1.0252654705236177e-02 1.3181984621017943e-02 1.4646649578908825e-02
    2.5631636763090442e-03 3.6616623947272062e-03 5.1263273526180883e-03
    3.1490296594653973e-02 3.7348956426217501e-02 1.2449652142072502e-02
    7.6894910289271329e-03 7.3233247894544118e-04 3.6616623947272059e-04
    2.1969974368363236e-03 3.6616623947272059e-04 1.0984987184181618e-03
    0. 7.3233247894544118e-04 0. 1.0984987184181618e-03
    2.1969974368363236e-03 1.8308311973636031e-03 1.0984987184181618e-03
    3.6616623947272062e-03 7.3233247894544118e-04 7.3233247894544118e-04
    1.4646649578908824e-03 3.2954961552544857e-03 2.1969974368363236e-03
    1.0984987184181618e-03 2.5631636763090442e-03 3.6616623947272059e-04
    3.6616623947272059e-04 2.5631636763090442e-03 0. 0.
    1.0984987184181618e-03 3.6616623947272059e-04 1.0984987184181618e-03
    3.6616623947272062e-03 3.2954961552544857e-03 8.0556572683998535e-03
    6.5909923105089713e-03 4.7601611131453678e-03 4.0278286341999267e-03
    1.1717319663127059e-02 2.1969974368363236e-03 6.5909923105089713e-03
    8.7879897473452945e-03 4.3939948736726473e-03 4.3939948736726473e-03
    0. 3.6616623947272059e-04 3.6616623947272059e-04 0.
    3.6616623947272059e-04 0. 1.4646649578908824e-03
    7.3233247894544118e-04 1.0984987184181618e-03 2.5631636763090442e-03
    8.0556572683998535e-03 1.3548150860490663e-02 8.4218235078725740e-03
    9.1541559868180151e-03 9.8864884657634561e-03 5.8586598315635294e-03
    1.7942145734163310e-02 1.1717319663127059e-02 5.1263273526180883e-03
    1.4646649578908824e-03 7.3233247894544118e-04 3.6616623947272059e-04
    1.0984987184181618e-03 0. 3.6616623947272059e-04
    3.6616623947272059e-04 7.3233247894544118e-04 3.6616623947272059e-04
    3.6616623947272059e-04 2.1969974368363236e-03 6.2248260710362508e-03
    2.9293299157817647e-03 4.7601611131453678e-03 2.5631636763090442e-03
    6.2248260710362508e-03 4.0278286341999267e-03 3.6616623947272062e-03
    6.5909923105089713e-03 3.2954961552544857e-03 1.0984987184181618e-03
    3.6616623947272059e-04 7.3233247894544118e-04 7.3233247894544118e-04
    0. 0. 0. 1.4646649578908824e-03 3.6616623947272059e-04
    7.3233247894544118e-04 1.4646649578908824e-03 1.4646649578908824e-03
    1.8308311973636031e-03 2.9293299157817647e-03 2.1969974368363236e-03
    2.5631636763090442e-03 1.0984987184181618e-03 4.3939948736726473e-03
    4.3939948736726473e-03 2.1969974368363236e-03 1.4646649578908824e-03
    0. 3.6616623947272059e-04 1.4646649578908824e-03 0.
    3.6616623947272059e-04 0. 0. 0. 7.3233247894544118e-04
    3.6616623947272059e-04 3.6616623947272062e-03 4.7601611131453678e-03
    2.1969974368363236e-03 4.3939948736726473e-03 4.7601611131453678e-03
    7.3233247894544118e-04 6.5909923105089713e-03 3.6616623947272062e-03
    1.8308311973636031e-03 3.6616623947272059e-04 0.
    3.6616623947272059e-04 0. 0. 0. 3.6616623947272059e-04
    3.6616623947272059e-04 1.0984987184181618e-03 0.
    1.0984987184181618e-03 4.3939948736726473e-03 7.3233247894544118e-04
    7.3233247894544118e-04 1.4646649578908824e-03 3.2954961552544857e-03
    1.0984987184181618e-03 2.1969974368363236e-03 2.9293299157817647e-03
    1.0984987184181618e-03 1.4646649578908824e-03 0.
    7.3233247894544118e-04 0. 0. 3.6616623947272059e-04 0. 0. 0. 0. 0.
    1.4646649578908824e-03 1.0984987184181618e-03 3.6616623947272059e-04
    2.1969974368363236e-03 2.1969974368363236e-03 3.6616623947272059e-04
    1.4646649578908824e-03 7.3233247894544118e-04 7.3233247894544118e-04
