<?xml version="1.0"?>
<opencv_storage>
<plant type_id="opencv-matrix">
  <rows>20</rows>
  <cols>20</cols>
  <dt>d</dt>
  <data>
    1.6585170569900776e-03 1.9301707128763833e-03 1.8300877870235338e-03
    1.6442194961539562e-03 1.8157902261874124e-03 2.4591804638128736e-03
    2.8595121672242716e-03 2.1589316862543249e-03 2.3876926596322666e-03
    3.0739755797660920e-03 3.1311658231105775e-03 2.6879414371908153e-03
    2.6879414371908153e-03 5.6618340911040576e-03 2.1875268079265676e-03
    1.7871951045151696e-03 2.1589316862543249e-03 1.6871121786623201e-03
    1.8729804695318980e-03 1.9730633953847472e-03 1.8300877870235338e-03
    1.6156243744817134e-03 1.8443853478596552e-03 1.8586829086957766e-03
    2.9452975322409995e-03 2.1875268079265676e-03 2.4591804638128736e-03
    2.6021560721740870e-03 2.8881072888965144e-03 3.1311658231105775e-03
    3.5029024048497327e-03 3.2741414314717910e-03 2.9024048497326357e-03
    2.7165365588630581e-03 2.9452975322409995e-03 2.0159560778931114e-03
    2.1017414429098397e-03 1.9158731520402619e-03 1.8014926653512910e-03
    1.6728146178261990e-03 2.0016585170569900e-03 1.8729804695318980e-03
    2.1017414429098397e-03 1.9015755912041405e-03 1.9444682737125047e-03
    2.1303365645820825e-03 2.3590975379600239e-03 2.3162048554516601e-03
    3.2455463097995482e-03 3.7173658173915531e-03 4.1605902033113153e-03
    3.3885219181607616e-03 2.8166194847159074e-03 2.9595950930771209e-03
    2.3590975379600239e-03 2.1303365645820825e-03 1.6728146178261990e-03
    1.8157902261874124e-03 1.9444682737125047e-03 1.5155414486288639e-03
    2.0874438820737183e-03 2.4591804638128736e-03 2.0159560778931114e-03
    2.2876097337794173e-03 1.6156243744817134e-03 2.3733950987961452e-03
    2.5163707071573591e-03 2.1303365645820825e-03 3.2455463097995482e-03
    4.2034828858196795e-03 4.1176975208029511e-03 3.6887706957193104e-03
    4.1605902033113153e-03 4.4894341025421064e-03 2.6164536330102084e-03
    2.5163707071573591e-03 2.0159560778931114e-03 2.0588487604014756e-03
    2.0445511995653542e-03 1.8014926653512910e-03 1.8729804695318980e-03
    2.2447170512710532e-03 2.3876926596322666e-03 1.9158731520402619e-03
    1.9873609562208686e-03 2.2733121729432960e-03 2.6879414371908153e-03
    2.0874438820737183e-03 2.2876097337794173e-03 5.2329072660204168e-03
    3.9461267907694945e-03 2.5449658288296015e-03 2.6736438763546940e-03
    2.6450487546824512e-03 2.5163707071573591e-03 1.9444682737125047e-03
    1.9730633953847472e-03 2.2018243687626890e-03 2.1160390037459611e-03
    1.7585999828429271e-03 2.3876926596322666e-03 2.2447170512710532e-03
    2.5020731463212377e-03 2.6593463155185726e-03 2.4162877813045094e-03
    2.8023219238797860e-03 2.7022389980269367e-03 2.7880243630436646e-03
    3.0739755797660920e-03 3.8746389865888880e-03 3.8889365474250094e-03
    3.2312487489634268e-03 2.8023219238797860e-03 3.1168682622744561e-03
    2.7594292413714219e-03 2.6879414371908153e-03 2.1160390037459611e-03
    2.1732292470904462e-03 3.1454633839466989e-03 1.9158731520402619e-03
    2.9309999714048785e-03 2.3305024162877815e-03 2.4019902204683880e-03
    2.4448829029767522e-03 2.5306682679934805e-03 2.5878585113379656e-03
    3.1311658231105775e-03 2.7165365588630581e-03 2.3590975379600239e-03
    2.7308341196991795e-03 3.2884389923079124e-03 2.7737268022075432e-03
    2.7594292413714219e-03 2.8738097280603930e-03 3.0024877755854850e-03
    2.7594292413714219e-03 2.5592633896657229e-03 2.9738926539132422e-03
    2.6450487546824512e-03 2.5306682679934805e-03 2.3305024162877815e-03
    1.9587658345486259e-03 2.3019072946155387e-03 2.7308341196991795e-03
    2.3019072946155387e-03 2.8166194847159074e-03 3.0024877755854850e-03
    2.2447170512710532e-03 1.7443024220068057e-03 1.8014926653512910e-03
    1.7157073003345629e-03 1.8872780303680191e-03 2.2161219295988104e-03
    2.6450487546824512e-03 3.7459609390637959e-03 2.2733121729432960e-03
    2.6736438763546940e-03 2.3590975379600239e-03 2.5306682679934805e-03
    2.3162048554516601e-03 2.3590975379600239e-03 2.0302536387292328e-03
    2.5735609505018442e-03 2.8023219238797860e-03 2.9024048497326357e-03
    2.4019902204683880e-03 2.5306682679934805e-03 1.7157073003345629e-03
    9.4363901518400956e-04 6.5768779846158245e-04 4.5752194675588345e-04
    1.0008292585284950e-03 1.9015755912041405e-03 2.6736438763546940e-03
    2.7880243630436646e-03 2.8452146063881502e-03 2.6307511938463298e-03
    2.5306682679934805e-03 2.4734780246489950e-03 1.9301707128763833e-03
    2.7880243630436646e-03 2.4305853421406308e-03 3.8889365474250094e-03
    3.3170341139801551e-03 4.6324097109033202e-03 2.7880243630436646e-03
    2.9452975322409995e-03 1.2581853535786796e-03 3.2884389923079122e-04
    4.0033170341139800e-04 3.8603414257527667e-04 5.1471219010036889e-04
    1.5870292528094706e-03 3.2169511881273054e-03 3.5171999656858541e-03
    3.6458780132109462e-03 3.7745560607360383e-03 3.6887706957193104e-03
    3.0596780189299706e-03 2.3305024162877815e-03 3.0453804580938492e-03
    3.1454633839466989e-03 3.2884389923079124e-03 3.4314146006691258e-03
    4.6181121500671989e-03 3.7602584998999169e-03 2.8738097280603930e-03
    1.5298390094649853e-03 5.0041462926424750e-04 3.7173658173915528e-04
    3.1454633839466989e-04 4.7181950759200478e-04 1.6013268136455920e-03
    3.0739755797660920e-03 4.0605072774584656e-03 3.3456292356523979e-03
    4.4465414200337422e-03 4.3321609333447711e-03 3.4314146006691258e-03
    2.8452146063881502e-03 2.4877755854851163e-03 2.5878585113379656e-03
    2.7165365588630581e-03 2.7880243630436646e-03 2.9024048497326357e-03
    2.5163707071573591e-03 2.7165365588630581e-03 1.6442194961539562e-03
    8.1496096765891739e-04 5.2900975093649028e-04 4.2892682508364073e-04
    8.1496096765891739e-04 1.7728975436790485e-03 2.5020731463212377e-03
    2.9738926539132422e-03 2.5592633896657229e-03 2.7308341196991795e-03
    2.7594292413714219e-03 2.7880243630436646e-03 2.0588487604014756e-03
    2.1589316862543249e-03 2.3876926596322666e-03 2.4591804638128736e-03
    2.6879414371908153e-03 2.3447999771239025e-03 2.3305024162877815e-03
    3.0167853364216064e-03 2.7165365588630581e-03 1.7585999828429271e-03
    1.6156243744817134e-03 1.4440536444482572e-03 1.9015755912041405e-03
    2.3305024162877815e-03 3.2884389923079124e-03 2.6879414371908153e-03
    2.3162048554516601e-03 4.1033999599668297e-03 2.5878585113379656e-03
    2.3733950987961452e-03 2.1303365645820825e-03 2.6593463155185726e-03
    2.3447999771239025e-03 2.5163707071573591e-03 2.2733121729432960e-03
    2.3162048554516601e-03 2.6879414371908153e-03 3.2169511881273054e-03
    2.7022389980269367e-03 2.4591804638128736e-03 2.8881072888965144e-03
    2.8452146063881502e-03 2.4877755854851163e-03 2.7880243630436646e-03
    2.7737268022075432e-03 2.9881902147493636e-03 2.5592633896657229e-03
    2.3447999771239025e-03 2.6307511938463298e-03 3.8174487432444024e-03
    2.5020731463212377e-03 2.3019072946155387e-03 2.2018243687626890e-03
    2.1875268079265676e-03 2.5735609505018442e-03 2.6164536330102084e-03
    2.6450487546824512e-03 3.1883560664550626e-03 2.4019902204683880e-03
    2.7308341196991795e-03 3.8317463040805238e-03 3.9890194732778586e-03
    2.8309170455520288e-03 2.8738097280603930e-03 3.3456292356523979e-03
    3.4314146006691258e-03 2.6450487546824512e-03 2.8023219238797860e-03
    2.4734780246489950e-03 2.4877755854851163e-03 2.8738097280603930e-03
    1.7300048611706843e-03 1.7014097394984415e-03 2.1303365645820825e-03
    1.7871951045151696e-03 2.1160390037459611e-03 2.2876097337794173e-03
    2.5878585113379656e-03 2.4305853421406308e-03 2.3733950987961452e-03
    4.8182780017728974e-03 3.8889365474250094e-03 2.6450487546824512e-03
    2.5020731463212377e-03 2.9452975322409995e-03 2.2447170512710532e-03
    1.8300877870235338e-03 1.9301707128763833e-03 2.0159560778931114e-03
    1.7014097394984415e-03 1.6299219353178348e-03 1.8300877870235338e-03
