<?xml version="1.0"?>
<opencv_storage>
<plates type_id="opencv-matrix">
  <rows>20</rows>
  <cols>20</cols>
  <dt>d</dt>
  <data>
    8.0364318242700237e-04 4.2860969729440130e-04 1.2322528797214037e-03
    1.6072863648540047e-03 8.5721939458880260e-04 8.5721939458880260e-04
    1.3929815162068042e-03 1.8215912135012054e-03 1.0179480310742030e-03
    1.4465577283686044e-03 1.0179480310742030e-03 1.7144387891776052e-03
    1.2858290918832038e-03 1.2858290918832038e-03 8.0364318242700237e-04
    1.7144387891776052e-03 1.3929815162068042e-03 9.6437181891240284e-04
    1.2858290918832038e-03 1.0179480310742030e-03 1.3394053040450039e-03
    1.4465577283686044e-03 1.1786766675596035e-03 1.8751674256630056e-03
    1.3929815162068042e-03 1.5001339405304045e-03 1.9823198499866060e-03
    1.8751674256630056e-03 1.2322528797214037e-03 1.9823198499866060e-03
    1.1251004553978034e-03 1.5537101526922046e-03 1.4465577283686044e-03
    1.3929815162068042e-03 1.7680150013394053e-03 1.0715242432360033e-03
    9.1079560675060272e-04 9.1079560675060272e-04 1.2322528797214037e-03
    8.0364318242700237e-04 9.6437181891240284e-04 8.5721939458880260e-04
    8.5721939458880260e-04 1.3394053040450039e-03 1.0715242432360033e-03
    1.6072863648540047e-03 1.5001339405304045e-03 1.5537101526922046e-03
    2.0358960621484059e-03 2.0894722743102063e-03 2.3573533351192071e-03
    2.1430484864720066e-03 1.9823198499866060e-03 1.9287436378248057e-03
    2.6252343959282079e-03 8.0364318242700237e-04 1.6608625770158051e-03
    1.5001339405304045e-03 1.6608625770158051e-03 9.6437181891240284e-04
    5.8933833377980177e-04 1.3394053040450039e-03 1.1251004553978034e-03
    1.6608625770158051e-03 1.4465577283686044e-03 3.2145727297080095e-03
    2.3037771229574068e-03 1.5001339405304045e-03 1.7144387891776052e-03
    4.2860969729440132e-03 2.0894722743102063e-03 1.5001339405304045e-03
    2.0358960621484059e-03 2.2502009107956068e-03 2.8931154567372087e-03
    2.1966246986338065e-03 1.8215912135012054e-03 1.5001339405304045e-03
    1.2322528797214037e-03 1.2322528797214037e-03 1.1786766675596035e-03
    1.8215912135012054e-03 9.1079560675060272e-04 1.5001339405304045e-03
    1.1786766675596035e-03 2.0358960621484059e-03 2.4645057594428073e-03
    3.0002678810608090e-03 1.5537101526922046e-03 4.0182159121350119e-03
    2.1430484864720066e-03 2.4109295472810074e-03 2.5716581837664076e-03
    2.1966246986338065e-03 2.2502009107956068e-03 1.8751674256630056e-03
    2.0894722743102063e-03 1.5537101526922046e-03 1.7144387891776052e-03
    1.3394053040450039e-03 1.1786766675596035e-03 1.3394053040450039e-03
    1.3394053040450039e-03 3.9646396999732120e-03 2.0358960621484059e-03
    2.6788106080900078e-03 3.5896062148406110e-03 4.8754353067238148e-03
    3.1609965175462096e-03 3.2145727297080095e-03 2.6788106080900078e-03
    4.2325207607822124e-03 3.4824537905170103e-03 3.0002678810608090e-03
    3.2145727297080095e-03 3.2681489418698098e-03 1.3929815162068042e-03
    1.3929815162068042e-03 1.6608625770158051e-03 1.3929815162068042e-03
    1.1251004553978034e-03 9.1079560675060272e-04 9.3758371283150285e-03
    2.7323868202518082e-03 2.2502009107956068e-03 2.5180819716046077e-03
    4.6075542459148135e-03 4.5539780337530136e-03 3.5896062148406110e-03
    6.8041789445486200e-03 4.3932493972676130e-03 4.2325207607822124e-03
    5.2504687918564158e-03 3.5360300026788106e-03 2.8395392445754084e-03
    2.8395392445754084e-03 2.1966246986338065e-03 1.7144387891776052e-03
    1.6608625770158051e-03 1.8751674256630056e-03 1.2322528797214037e-03
    1.5537101526922046e-03 1.3929815162068042e-03 2.1430484864720066e-03
    2.6788106080900078e-03 5.7326547013126176e-03 5.3040450040182157e-03
    4.1253683364586126e-03 3.1609965175462096e-03 8.0364318242700239e-03
    4.2325207607822124e-03 3.1074203053844092e-03 4.7682828824002141e-03
    5.2504687918564158e-03 4.2860969729440132e-03 3.0002678810608090e-03
    2.1430484864720066e-03 1.6608625770158051e-03 1.6608625770158051e-03
    2.2502009107956068e-03 1.0179480310742030e-03 1.3929815162068042e-03
    1.6608625770158051e-03 2.2502009107956068e-03 1.9823198499866060e-03
    3.1609965175462096e-03 4.3932493972676130e-03 2.5716581837664076e-03
    9.1079560675060272e-04 4.3396731851058131e-03 8.0364318242700237e-04
    1.4465577283686044e-03 2.9466916688990086e-03 3.9646396999732120e-03
    3.9110634878114121e-03 1.8215912135012054e-03 1.8215912135012054e-03
    1.2322528797214037e-03 1.2858290918832038e-03 1.2322528797214037e-03
    1.3394053040450039e-03 2.7859630324136085e-03 1.0286632735065630e-02
    4.5004018215912137e-03 3.0538440932226093e-03 4.2325207607822124e-03
    5.5183498526654162e-03 7.2863648540048218e-03 3.2145727297080095e-03
    1.7680150013394053e-03 1.9287436378248057e-03 2.7859630324136085e-03
    5.1968925796946159e-03 4.4468256094294129e-03 3.7503348513260111e-03
    3.5360300026788106e-03 3.2681489418698098e-03 1.9823198499866060e-03
    2.2502009107956068e-03 1.8215912135012054e-03 1.2858290918832038e-03
    1.6608625770158051e-03 1.9823198499866060e-03 4.8754353067238148e-03
    3.0538440932226093e-03 4.5004018215912137e-03 6.2148406107688185e-03
    6.5362978837396196e-03 2.5180819716046077e-03 2.5716581837664076e-03
    2.3573533351192071e-03 5.6255022769890169e-03 8.3043128850790252e-03
    4.7682828824002141e-03 3.8574872756496114e-03 5.1968925796946159e-03
    2.7859630324136085e-03 2.3573533351192071e-03 1.8751674256630056e-03
    8.0364318242700237e-04 1.3929815162068042e-03 1.5001339405304045e-03
    1.6876506830967052e-02 1.6608625770158051e-03 2.4109295472810074e-03
    3.8574872756496114e-03 3.3217251540316101e-03 3.1074203053844092e-03
    8.5721939458880260e-04 4.1253683364586126e-03 1.1251004553978034e-03
    1.1251004553978034e-03 2.9466916688990086e-03 4.2325207607822124e-03
    3.5360300026788106e-03 1.9287436378248057e-03 1.4465577283686044e-03
    1.8751674256630056e-03 1.5537101526922046e-03 1.3394053040450039e-03
    1.4465577283686044e-03 1.6608625770158051e-03 1.3394053040450039e-03
    2.8395392445754084e-03 2.0358960621484059e-03 4.2325207607822124e-03
    5.3040450040182157e-03 3.8039110634878115e-03 2.9466916688990086e-03
    7.9828556121082240e-03 3.6967586391642112e-03 2.4109295472810074e-03
    4.9825877310474146e-03 3.6967586391642112e-03 4.0717921242968119e-03
    2.4645057594428073e-03 2.0358960621484059e-03 1.1251004553978034e-03
    1.3394053040450039e-03 1.9287436378248057e-03 1.9823198499866060e-03
    1.7680150013394053e-03 1.6769354406643452e-02 2.5716581837664076e-03
    2.5716581837664076e-03 3.6431824270024109e-03 3.8574872756496114e-03
    5.1968925796946159e-03 3.0538440932226093e-03 5.5183498526654162e-03
    3.6967586391642112e-03 4.4468256094294129e-03 5.6790784891508168e-03
    2.9466916688990086e-03 4.1789445486204125e-03 2.0894722743102063e-03
    1.8751674256630056e-03 1.5537101526922046e-03 1.3394053040450039e-03
    1.0715242432360033e-03 6.9649075810340212e-04 8.0364318242700237e-04
    1.4465577283686044e-03 3.1609965175462096e-03 1.8215912135012054e-03
    2.6252343959282079e-03 3.8574872756496114e-03 4.7682828824002141e-03
    3.1074203053844092e-03 3.8039110634878115e-03 3.3217251540316101e-03
    3.9110634878114121e-03 4.0717921242968119e-03 3.4824537905170103e-03
    3.6967586391642112e-03 3.4824537905170103e-03 1.7680150013394053e-03
    1.5537101526922046e-03 1.3394053040450039e-03 9.1079560675060272e-04
    1.1786766675596035e-03 2.1430484864720066e-03 1.6769354406643452e-02
    2.3573533351192071e-03 1.6608625770158051e-03 2.3037771229574068e-03
    2.6252343959282079e-03 2.9466916688990086e-03 2.4109295472810074e-03
    4.6611304580766143e-03 2.3573533351192071e-03 3.1609965175462096e-03
    2.8395392445754084e-03 2.6788106080900078e-03 1.8751674256630056e-03
    2.3573533351192071e-03 1.4465577283686044e-03 9.6437181891240284e-04
    1.6608625770158051e-03 9.1079560675060272e-04 1.2858290918832038e-03
