<?xml version="1.0"?>
<opencv_storage>
<playstation type_id="opencv-matrix">
  <rows>20</rows>
  <cols>20</cols>
  <dt>d</dt>
  <data>
    1.3700715481808495e-03 9.1338103212056630e-04 9.1338103212056630e-04
    1.0656112041406607e-03 9.1338103212056630e-04 6.0892068808037750e-04
    4.5669051606028315e-04 1.2178413761607550e-03 7.6115086010047190e-04
    1.8267620642411326e-03 1.8267620642411326e-03 1.2178413761607550e-03
    2.1312224082813214e-03 3.6535241284822652e-03 4.7191353326229259e-03
    2.2834525803014159e-03 1.8267620642411326e-03 1.8267620642411326e-03
    1.9789922362612269e-03 2.1312224082813214e-03 7.6115086010047190e-04
    1.2178413761607550e-03 6.0892068808037750e-04 1.3700715481808495e-03
    1.5223017202009438e-03 1.3700715481808495e-03 7.6115086010047190e-04
    1.6745318922210383e-03 1.6745318922210383e-03 2.1312224082813214e-03
    1.6745318922210383e-03 2.8923732683817931e-03 3.6535241284822652e-03
    3.3490637844420766e-03 2.7401430963616990e-03 3.0446034404018876e-03
    2.8923732683817931e-03 3.9579844725224538e-03 3.8057543005023597e-03
    2.4356827523215100e-03 1.3700715481808495e-03 7.6115086010047190e-04
    7.6115086010047190e-04 2.1312224082813214e-03 7.6115086010047190e-04
    4.5669051606028315e-04 4.5669051606028315e-04 1.3700715481808495e-03
    1.3700715481808495e-03 1.0656112041406607e-03 1.2178413761607550e-03
    2.7401430963616990e-03 3.6535241284822652e-03 3.5012939564621707e-03
    2.8923732683817931e-03 3.9579844725224538e-03 2.2834525803014159e-03
    3.8057543005023597e-03 2.1312224082813214e-03 2.7401430963616990e-03
    1.2178413761607550e-03 1.2178413761607550e-03 7.6115086010047190e-04
    1.0656112041406607e-03 4.5669051606028315e-04 9.1338103212056630e-04
    2.4356827523215100e-03 1.0656112041406607e-03 6.0892068808037750e-04
    1.3700715481808495e-03 2.1312224082813214e-03 1.6745318922210383e-03
    2.5879129243416045e-03 3.3490637844420766e-03 3.6535241284822652e-03
    2.5879129243416045e-03 2.2834525803014159e-03 3.3490637844420766e-03
    5.0235956766631149e-03 4.7191353326229259e-03 1.5223017202009438e-03
    1.2178413761607550e-03 1.6745318922210383e-03 1.5223017202009438e-03
    1.0656112041406607e-03 1.3700715481808495e-03 1.3700715481808495e-03
    1.0656112041406607e-03 1.6745318922210383e-03 9.1338103212056630e-04
    2.2834525803014159e-03 1.8267620642411326e-03 2.1312224082813214e-03
    3.9579844725224538e-03 5.3280560207033031e-03 4.5669051606028318e-03
    3.0446034404018876e-03 2.8923732683817931e-03 3.3490637844420766e-03
    2.4356827523215100e-03 1.2178413761607550e-03 1.9789922362612269e-03
    1.8267620642411326e-03 1.6745318922210383e-03 1.9789922362612269e-03
    1.3700715481808495e-03 1.5223017202009438e-03 1.2178413761607550e-03
    3.0446034404018875e-04 1.2178413761607550e-03 1.2178413761607550e-03
    3.0446034404018876e-03 1.9789922362612269e-03 2.4356827523215100e-03
    3.5012939564621707e-03 2.1312224082813214e-03 4.5669051606028318e-03
    4.7191353326229259e-03 4.8713655046430200e-03 4.1102146445425487e-03
    1.3700715481808495e-03 2.2834525803014159e-03 1.3700715481808495e-03
    1.0656112041406607e-03 4.5669051606028315e-04 7.6115086010047190e-04
    1.0656112041406607e-03 9.1338103212056630e-04 3.0446034404018875e-04
    3.0446034404018875e-04 6.0892068808037750e-04 1.2178413761607550e-03
    1.6745318922210383e-03 2.7401430963616990e-03 5.4802861927233980e-03
    2.4356827523215100e-03 5.1758258486832090e-03 5.4802861927233980e-03
    5.1758258486832090e-03 5.4802861927233980e-03 1.9789922362612269e-03
    2.2834525803014159e-03 9.1338103212056630e-04 7.6115086010047190e-04
    7.6115086010047190e-04 1.0656112041406607e-03 2.2834525803014159e-03
    6.0892068808037750e-04 6.0892068808037750e-04 6.0892068808037750e-04
    1.2178413761607550e-03 1.0656112041406607e-03 3.3490637844420766e-03
    2.5879129243416045e-03 2.7401430963616990e-03 4.5669051606028318e-03
    5.6325163647434921e-03 6.0892068808037752e-03 6.6981275688841532e-03
    6.3936672248439642e-03 1.2178413761607550e-03 2.4356827523215100e-03
    1.3700715481808495e-03 1.5223017202009438e-03 2.1312224082813214e-03
    1.5223017202009438e-03 1.5223017202009437e-04 4.5669051606028315e-04
    4.5669051606028315e-04 0. 1.5223017202009437e-04
    9.1338103212056630e-04 2.8923732683817931e-03 3.6535241284822652e-03
    6.2414370528238693e-03 4.1102146445425487e-03 5.9369767087836811e-03
    5.1758258486832090e-03 6.6981275688841532e-03 8.2204292890850975e-03
    1.6745318922210383e-03 1.8267620642411326e-03 2.2834525803014159e-03
    1.5223017202009438e-03 7.6115086010047190e-04 1.3700715481808495e-03
    1.8267620642411326e-03 1.3700715481808495e-03 3.0446034404018875e-04
    3.0446034404018875e-04 4.5669051606028315e-04 1.5223017202009437e-04
    1.3700715481808495e-03 4.5669051606028318e-03 4.4146749885827369e-03
    6.2414370528238693e-03 8.8293499771654738e-03 8.8293499771654738e-03
    1.0656112041406606e-02 7.1548180849444363e-03 3.0446034404018876e-03
    1.5223017202009438e-03 2.2834525803014159e-03 3.1968336124219821e-03
    1.9789922362612269e-03 6.0892068808037750e-04 1.0656112041406607e-03
    9.1338103212056630e-04 3.0446034404018875e-04 0.
    4.5669051606028315e-04 4.5669051606028315e-04 2.5879129243416045e-03
    4.1102146445425487e-03 5.7847465367635862e-03 7.6115086010047194e-03
    8.8293499771654738e-03 9.2860404932257577e-03 1.0656112041406606e-02
    6.2414370528238693e-03 1.9789922362612269e-03 1.9789922362612269e-03
    1.3700715481808495e-03 1.0656112041406607e-03 9.1338103212056630e-04
    1.2178413761607550e-03 2.7401430963616990e-03 1.8419850814431420e-02
    7.6115086010047190e-04 6.0892068808037750e-04 3.0446034404018875e-04
    7.6115086010047190e-04 2.7401430963616990e-03 5.4802861927233980e-03
    4.4146749885827369e-03 3.8057543005023597e-03 6.0892068808037752e-03
    7.3070482569645304e-03 6.5458973968640583e-03 7.0025879129243414e-03
    1.2178413761607550e-03 7.6115086010047190e-04 1.9789922362612269e-03
    2.8923732683817931e-03 1.6745318922210383e-03 1.5223017202009438e-03
    1.2178413761607550e-03 9.1338103212056630e-04 6.0892068808037750e-04
    1.0656112041406607e-03 3.0446034404018875e-04 3.0446034404018875e-04
    3.9579844725224538e-03 4.5669051606028318e-03 4.4146749885827369e-03
    3.8057543005023597e-03 3.6535241284822652e-03 7.0025879129243414e-03
    6.8503577409042473e-03 6.3936672248439642e-03 7.6115086010047190e-04
    1.8267620642411326e-03 1.0656112041406607e-03 3.3490637844420766e-03
    1.9789922362612269e-03 7.6115086010047190e-04 1.8267620642411326e-03
    1.5223017202009438e-03 4.5669051606028315e-04 1.0656112041406607e-03
    7.6115086010047190e-04 7.6115086010047190e-04 3.3490637844420766e-03
    3.6535241284822652e-03 2.1312224082813214e-03 3.9579844725224538e-03
    6.5458973968640583e-03 5.0235956766631149e-03 5.0235956766631149e-03
    3.9579844725224538e-03 6.0892068808037750e-04 1.3700715481808495e-03
    2.1312224082813214e-03 1.8572080986451515e-02 2.1312224082813214e-03
    2.5879129243416045e-03 1.6745318922210383e-03 3.0446034404018875e-04
    4.5669051606028315e-04 9.1338103212056630e-04 3.0446034404018875e-04
    1.2178413761607550e-03 1.0656112041406607e-03 3.0446034404018876e-03
    3.5012939564621707e-03 2.5879129243416045e-03 3.3490637844420766e-03
    4.2624448165626428e-03 4.1102146445425487e-03 3.1968336124219821e-03
    1.2178413761607550e-03 1.5223017202009438e-03 1.3700715481808495e-03
    1.8267620642411326e-03 7.6115086010047190e-04 1.3700715481808495e-03
    6.0892068808037750e-04 3.0446034404018875e-04 9.1338103212056630e-04
    7.6115086010047190e-04 1.8267620642411326e-03 2.5879129243416045e-03
    2.4356827523215100e-03 4.1102146445425487e-03 3.6535241284822652e-03
    2.1312224082813214e-03 3.6535241284822652e-03 3.1968336124219821e-03
    3.8057543005023597e-03 3.9579844725224538e-03 1.0656112041406607e-03
    1.5223017202009438e-03 1.0656112041406607e-03 1.3700715481808495e-03
