<?xml version="1.0"?>
<opencv_storage>
<pool type_id="opencv-matrix">
  <rows>20</rows>
  <cols>20</cols>
  <dt>d</dt>
  <data>
    4.5454545454545452e-03 0. 9.0909090909090905e-03 0. 0. 0.
    9.0909090909090905e-03 0. 0. 0. 0. 0. 0. 0. 4.5454545454545452e-03
    0. 0. 4.5454545454545452e-03 0. 0. 4.5454545454545452e-03 0. 0. 0.
    0. 0. 1.8181818181818181e-02 0. 0. 0. 0. 0. 0.
    9.0909090909090905e-03 0. 0. 0. 0. 9.0909090909090905e-03 0. 0.
    4.5454545454545452e-03 0. 9.0909090909090905e-03 0. 0. 0. 0. 0.
    4.5454545454545452e-03 1.3636363636363636e-02 0. 0. 0. 0. 0. 0. 0.
    4.5454545454545452e-03 4.5454545454545452e-03 0. 0. 0. 0. 0.
    4.5454545454545452e-03 0. 4.5454545454545452e-03 0.
    9.0909090909090905e-03 4.5454545454545452e-03 4.5454545454545452e-03
    9.0909090909090905e-03 0. 4.5454545454545452e-03
    4.5454545454545452e-03 0. 0. 9.0909090909090905e-03
    4.5454545454545452e-03 0. 0. 0. 0. 4.5454545454545452e-03
    4.5454545454545452e-03 4.5454545454545452e-03 0.
    2.2727272727272728e-02 0. 9.0909090909090905e-03 0. 0. 0. 0.
    9.0909090909090905e-03 0. 4.5454545454545452e-03
    2.2727272727272728e-02 0. 0. 4.5454545454545452e-03 0. 0. 0. 0.
    4.5454545454545452e-03 0. 0. 0. 0. 0. 0. 0. 0. 0.
    4.5454545454545452e-03 0. 4.5454545454545452e-03 0. 0. 0. 0. 0. 0.
    4.5454545454545452e-03 0. 4.5454545454545452e-03 0.
    4.5454545454545452e-03 4.5454545454545452e-03 4.5454545454545452e-03
    0. 4.5454545454545452e-03 0. 4.5454545454545452e-03 0.
    9.0909090909090905e-03 4.5454545454545452e-03 4.5454545454545452e-03
    0. 9.0909090909090905e-03 4.5454545454545452e-03 0. 0.
    9.0909090909090905e-03 4.5454545454545452e-03 0.
    1.3636363636363636e-02 0. 4.5454545454545452e-03 0. 0. 0. 0. 0. 0.
    4.5454545454545452e-03 4.5454545454545452e-03 4.5454545454545452e-03
    0. 0. 0. 0. 0. 4.5454545454545452e-03 0. 9.0909090909090905e-03
    4.5454545454545452e-03 9.0909090909090905e-03 1.3636363636363636e-02
    0. 0. 0. 4.5454545454545452e-03 0. 0. 0. 4.5454545454545452e-03
    4.5454545454545452e-03 1.3636363636363636e-02 9.0909090909090905e-03
    0. 9.0909090909090905e-03 9.0909090909090905e-03 0. 0. 0.
    4.5454545454545452e-03 9.0909090909090905e-03 4.5454545454545452e-03
    0. 0. 9.0909090909090905e-03 4.5454545454545452e-03 0.
    4.5454545454545452e-03 0. 0. 0. 0. 4.5454545454545452e-03
    4.5454545454545452e-03 0. 0. 9.0909090909090905e-03 0.
    9.0909090909090905e-03 0. 9.0909090909090905e-03
    4.5454545454545452e-03 4.5454545454545452e-03 0.
    4.5454545454545452e-03 0. 0. 0. 0. 0. 0. 4.5454545454545452e-03 0.
    4.5454545454545452e-03 0. 4.5454545454545452e-03 0. 0. 0.
    4.5454545454545452e-03 4.5454545454545452e-03 4.5454545454545452e-03
    9.0909090909090905e-03 4.5454545454545452e-03 0. 0.
    4.5454545454545452e-03 0. 0. 4.5454545454545452e-03 0.
    4.5454545454545452e-03 0. 0. 9.0909090909090905e-03
    4.5454545454545452e-03 9.0909090909090905e-03 0. 0.
    9.0909090909090905e-03 9.0909090909090905e-03 4.5454545454545452e-03
    1.3636363636363636e-02 0. 9.0909090909090905e-03 0.
    4.5454545454545452e-03 0. 4.5454545454545452e-03 0. 0. 0.
    9.0909090909090905e-03 9.0909090909090905e-03 0. 0.
    4.5454545454545452e-03 0. 0. 4.5454545454545452e-03
    9.0909090909090905e-03 0. 4.5454545454545452e-03 0.
    9.0909090909090905e-03 0. 4.5454545454545452e-03
    4.5454545454545452e-03 0. 0. 0. 0. 4.5454545454545452e-03 0.
    4.5454545454545452e-03 0. 0. 0. 4.5454545454545452e-03 0.
    4.5454545454545452e-03 0. 0. 0. 0. 4.5454545454545452e-03
    4.5454545454545452e-03 0. 9.0909090909090905e-03
    4.5454545454545452e-03 0. 4.5454545454545452e-03 0. 0. 0. 0. 0.
    4.5454545454545452e-03 4.5454545454545452e-03 0. 0. 0.
    4.5454545454545452e-03 9.0909090909090905e-03 0. 0.
    1.8181818181818181e-02 0. 0. 0. 4.5454545454545452e-03 0. 0. 0. 0.
    0. 0. 4.5454545454545452e-03 0. 4.5454545454545452e-03 0. 0.
    4.5454545454545452e-03 0. 0. 0. 4.5454545454545452e-03 0. 0. 0. 0.
    9.0909090909090905e-03 4.5454545454545452e-03 0. 0. 0.
    1.3636363636363636e-02 0. 0. 0. 4.5454545454545452e-03 0. 0. 0. 0.
    4.5454545454545452e-03 9.0909090909090905e-03 0. 0. 0. 0. 0. 0. 0.
    0. 0. 0. 4.5454545454545452e-03 4.5454545454545452e-03 0. 0.
    9.0909090909090905e-03 0. 0. 0. 0. 0. 0. 0. 0.
    4.5454545454545452e-03 4.5454545454545452e-03 0. 0. 0. 0.
    9.0909090909090905e-03 4.5454545454545452e-03 0. 0. 0.
    9.0909090909090905e-03 4.5454545454545452e-03 0.
    4.5454545454545452e-03 1.3636363636363636e-02 4.5454545454545452e-03
    0. 9.0909090909090905e-03 0. 4.5454545454545452e-03</data></pool>
</opencv_storage>
