<?xml version="1.0"?>
<opencv_storage>
<range_oven type_id="opencv-matrix">
  <rows>20</rows>
  <cols>20</cols>
  <dt>d</dt>
  <data>
    0. 0. 3.9840637450199205e-04 7.9681274900398409e-04
    7.9681274900398409e-04 0. 0. 1.1952191235059760e-03
    7.9681274900398409e-04 1.9920318725099601e-03 7.9681274900398409e-04
    2.7888446215139444e-03 2.7888446215139444e-03 2.3904382470119521e-03
    2.7888446215139444e-03 1.9920318725099601e-03 2.7888446215139444e-03
    2.7888446215139444e-03 1.9920318725099601e-03 3.1872509960159364e-03
    0. 0. 1.9920318725099601e-03 1.1952191235059760e-03
    3.9840637450199205e-04 7.9681274900398409e-04 1.9920318725099601e-03
    3.9840637450199205e-04 1.9920318725099601e-03 2.3904382470119521e-03
    2.3904382470119521e-03 1.1952191235059760e-03 2.7888446215139444e-03
    2.7888446215139444e-03 3.5856573705179283e-03 1.5936254980079682e-03
    3.1872509960159364e-03 3.1872509960159364e-03 4.3824701195219126e-03
    2.7888446215139444e-03 0. 1.1952191235059760e-03
    3.9840637450199205e-04 1.1952191235059760e-03 3.9840637450199205e-04
    3.9840637450199205e-04 1.5936254980079682e-03 3.9840637450199205e-04
    7.9681274900398409e-04 3.9840637450199205e-04 1.5936254980079682e-03
    1.9920318725099601e-03 5.1792828685258965e-03 1.9920318725099601e-03
    1.1952191235059760e-03 3.9840637450199202e-03 3.9840637450199202e-03
    4.7808764940239041e-03 6.3745019920318727e-03 3.9840637450199202e-03
    2.3904382470119521e-03 0. 1.1952191235059760e-03
    1.5936254980079682e-03 3.9840637450199205e-04 3.9840637450199205e-04
    1.5936254980079682e-03 0. 7.9681274900398409e-04
    1.5936254980079682e-03 7.9681274900398409e-04 1.5936254980079682e-03
    3.9840637450199202e-03 5.5776892430278889e-03 3.1872509960159364e-03
    3.1872509960159364e-03 3.1872509960159364e-03 1.9920318725099601e-03
    2.7888446215139444e-03 1.5936254980079682e-03 3.9840637450199205e-04
    3.9840637450199205e-04 3.9840637450199205e-04 3.9840637450199205e-04
    0. 7.9681274900398409e-04 0. 0. 7.9681274900398409e-04
    7.9681274900398409e-04 7.9681274900398409e-04 1.9920318725099601e-03
    3.1872509960159364e-03 3.1872509960159364e-03 1.5936254980079682e-03
    1.5936254980079682e-03 5.9760956175298804e-03 4.3824701195219126e-03
    4.3824701195219126e-03 3.1872509960159364e-03 0.
    7.9681274900398409e-04 7.9681274900398409e-04 3.9840637450199205e-04
    1.5936254980079682e-03 1.1952191235059760e-03 1.1952191235059760e-03
    7.9681274900398409e-04 3.9840637450199205e-04 7.9681274900398409e-04
    1.5936254980079682e-03 1.5936254980079682e-03 4.3824701195219126e-03
    1.5936254980079682e-03 6.7729083665338643e-03 4.7808764940239041e-03
    5.1792828685258965e-03 4.3824701195219126e-03 7.9681274900398405e-03
    4.7808764940239041e-03 2.7888446215139444e-03 7.9681274900398409e-04
    3.9840637450199205e-04 0. 7.9681274900398409e-04
    7.9681274900398409e-04 7.9681274900398409e-04 3.9840637450199205e-04
    3.9840637450199205e-04 7.9681274900398409e-04 3.5856573705179283e-03
    2.7888446215139444e-03 6.7729083665338643e-03 2.7888446215139444e-03
    3.5856573705179283e-03 4.7808764940239041e-03 2.3904382470119521e-03
    5.1792828685258965e-03 5.5776892430278889e-03 4.7808764940239041e-03
    0. 7.9681274900398409e-04 1.1952191235059760e-03
    1.1952191235059760e-03 3.9840637450199205e-04 0. 0. 0.
    3.9840637450199205e-04 2.7888446215139444e-03 2.7888446215139444e-03
    3.9840637450199205e-04 4.7808764940239041e-03 3.1872509960159364e-03
    2.3904382470119521e-03 2.3904382470119521e-03 3.5856573705179283e-03
    3.9840637450199202e-03 6.3745019920318727e-03 3.5856573705179283e-03
    0. 7.9681274900398409e-04 1.1952191235059760e-03
    1.1952191235059760e-03 7.9681274900398409e-04 3.9840637450199205e-04
    3.9840637450199205e-04 0. 0. 2.3904382470119521e-03
    2.3904382470119521e-03 0. 1.9920318725099601e-03
    2.3904382470119521e-03 1.9920318725099601e-03 3.1872509960159364e-03
    3.9840637450199202e-03 6.7729083665338643e-03 7.1713147410358566e-03
    4.7808764940239041e-03 7.9681274900398409e-04 1.5936254980079682e-03
    0. 1.9920318725099601e-03 1.5936254980079682e-03
    7.9681274900398409e-04 1.1952191235059760e-03 1.5936254980079682e-03
    3.1872509960159364e-03 3.9840637450199205e-04 7.9681274900398409e-04
    1.9920318725099601e-03 1.9521912350597609e-02 7.1713147410358566e-03
    6.3745019920318727e-03 3.1872509960159364e-03 4.3824701195219126e-03
    6.7729083665338643e-03 8.3665338645418329e-03 4.7808764940239041e-03
    1.1952191235059760e-03 1.5936254980079682e-03 7.9681274900398409e-04
    7.9681274900398409e-04 3.9840637450199205e-04 1.5936254980079682e-03
    2.3904382470119521e-03 1.1952191235059760e-03 0. 0.
    2.3904382470119521e-03 0. 2.0717131474103586e-02
    1.5139442231075698e-02 4.7808764940239041e-03 3.5856573705179283e-03
    4.3824701195219126e-03 4.7808764940239041e-03 6.7729083665338643e-03
    4.7808764940239041e-03 1.1952191235059760e-03 7.9681274900398409e-04
    3.9840637450199205e-04 0. 1.9920318725099601e-03
    1.9920318725099601e-03 0. 3.9840637450199205e-04 0. 0.
    7.9681274900398409e-04 0. 1.5936254980079682e-03
    2.7888446215139444e-03 1.5936254980079682e-03 2.7888446215139444e-03
    3.9840637450199202e-03 9.9601593625498006e-03 5.9760956175298804e-03
    5.1792828685258965e-03 1.1952191235059760e-03 1.1952191235059760e-03
    7.9681274900398409e-04 1.1952191235059760e-03 1.1952191235059760e-03
    2.3904382470119521e-03 1.5936254980079682e-03 0.
    7.9681274900398409e-04 7.9681274900398409e-04 3.9840637450199205e-04
    1.5936254980079682e-03 4.3824701195219126e-03 5.1792828685258965e-03
    1.9920318725099601e-03 4.7808764940239041e-03 3.9840637450199202e-03
    5.5776892430278889e-03 4.7808764940239041e-03 5.5776892430278889e-03
    3.9840637450199205e-04 7.9681274900398409e-04 7.9681274900398409e-04
    7.9681274900398409e-04 1.1952191235059760e-03 7.9681274900398409e-04
    1.1952191235059760e-03 1.1952191235059760e-03 0.
    2.3904382470119521e-03 1.5936254980079682e-03 1.5936254980079682e-03
    3.5856573705179283e-03 3.9840637450199202e-03 3.5856573705179283e-03
    4.3824701195219126e-03 3.1872509960159364e-03 4.3824701195219126e-03
    4.3824701195219126e-03 4.3824701195219126e-03 1.1952191235059760e-03
    1.9920318725099601e-03 7.9681274900398409e-04 1.1952191235059760e-03
    1.5936254980079682e-03 7.9681274900398409e-04 3.9840637450199205e-04
    7.9681274900398409e-04 1.1952191235059760e-03 3.9840637450199205e-04
    7.9681274900398409e-04 4.3824701195219126e-03 3.5856573705179283e-03
    5.1792828685258965e-03 4.3824701195219126e-03 2.3904382470119521e-03
    1.9920318725099601e-03 4.7808764940239041e-03 5.5776892430278889e-03
    4.3824701195219126e-03 0. 1.9920318725099601e-03 0.
    7.9681274900398409e-04 1.5936254980079682e-03 2.7888446215139444e-03
    0. 1.9920318725099601e-03 3.9840637450199205e-04
    1.1952191235059760e-03 1.5936254980079682e-03 7.9681274900398409e-04
    3.9840637450199202e-03 4.5816733067729085e-02 3.5856573705179283e-03
    4.7808764940239041e-03 2.7888446215139444e-03 5.1792828685258965e-03
    4.3824701195219126e-03 4.7808764940239041e-03 3.9840637450199205e-04
    0. 7.9681274900398409e-04 1.5936254980079682e-03
    1.1952191235059760e-03 1.1952191235059760e-03 3.9840637450199205e-04
    3.9840637450199205e-04 1.1952191235059760e-03 2.3904382470119521e-03
    1.5936254980079682e-03 2.7888446215139444e-03 5.1792828685258965e-03
    3.5856573705179283e-03 3.1872509960159364e-03 3.5856573705179283e-03
    4.5816733067729085e-02 6.3745019920318727e-03 4.7808764940239041e-03
    4.3824701195219126e-03 1.5936254980079682e-03 7.9681274900398409e-04
    0. 1.5936254980079682e-03 0. 1.5936254980079682e-03
    3.9840637450199205e-04 1.5936254980079682e-03 1.5936254980079682e-03
    3.5856573705179283e-03 1.1952191235059760e-03 1.5936254980079682e-03
    3.9840637450199202e-03 4.7808764940239041e-03 6.7729083665338643e-03
