<?xml version="1.0"?>
<opencv_storage>
<range_hood_with_cabinet type_id="opencv-matrix">
  <rows>20</rows>
  <cols>20</cols>
  <dt>d</dt>
  <data>
    0. 0. 0. 0. 4.0160642570281121e-03 0. 0. 0. 1.6064257028112448e-02
    4.0160642570281121e-03 8.0321285140562242e-03 0. 0.
    8.0321285140562242e-03 8.0321285140562242e-03 1.2048192771084338e-02
    4.0160642570281121e-03 0. 8.0321285140562242e-03
    4.0160642570281121e-03 0. 0. 4.0160642570281121e-03 0. 0.
    4.0160642570281121e-03 4.0160642570281121e-03 0.
    8.0321285140562242e-03 0. 0. 4.0160642570281121e-03 0.
    4.0160642570281121e-03 0. 0. 1.2048192771084338e-02 0.
    4.0160642570281121e-03 0. 0. 0. 0. 0. 4.0160642570281121e-03 0. 0.
    8.0321285140562242e-03 8.0321285140562242e-03 0.
    8.0321285140562242e-03 0. 8.0321285140562242e-03 0.
    4.0160642570281121e-03 0. 4.0160642570281121e-03 0. 0. 0. 0. 0.
    4.0160642570281121e-03 0. 0. 1.6064257028112448e-02
    8.0321285140562242e-03 0. 1.2048192771084338e-02
    4.0160642570281121e-03 1.2048192771084338e-02 4.0160642570281121e-03
    0. 8.0321285140562242e-03 0. 0. 0. 4.0160642570281121e-03
    2.0080321285140562e-02 1.2048192771084338e-02 0. 0. 0. 0. 0. 0. 0.
    8.0321285140562242e-03 8.0321285140562242e-03 0. 0. 0. 0. 0.
    4.0160642570281121e-03 0. 0. 8.0321285140562242e-03 0. 0. 0.
    2.4096385542168676e-02 0. 0. 0. 0. 0. 1.6064257028112448e-02 0. 0.
    0. 0. 0. 4.0160642570281121e-03 0. 0. 0. 0. 4.0160642570281121e-03
    8.0321285140562242e-03 0. 0. 0. 0. 0. 0. 4.0160642570281121e-03
    1.6064257028112448e-02 2.4096385542168676e-02 4.0160642570281121e-03
    0. 0. 8.0321285140562242e-03 8.0321285140562242e-03 0. 0. 0. 0.
    1.2048192771084338e-02 8.0321285140562242e-03 4.0160642570281121e-03
    0. 0. 4.0160642570281121e-03 0. 0. 4.0160642570281121e-03 0. 0. 0.
    0. 0. 0. 0. 4.0160642570281121e-03 0. 8.0321285140562242e-03 0.
    1.2048192771084338e-02 4.0160642570281121e-03 0. 0. 0.
    4.0160642570281121e-03 0. 0. 0. 2.4096385542168676e-02 0. 0. 0. 0.
    0. 0. 0. 0. 0. 8.0321285140562242e-03 8.0321285140562242e-03
    4.0160642570281121e-03 0. 0. 4.0160642570281121e-03 0. 0. 0.
    4.0160642570281121e-03 1.6064257028112448e-02 0. 0. 0. 0.
    4.0160642570281121e-03 8.0321285140562242e-03 0. 0. 0.
    8.0321285140562242e-03 4.0160642570281121e-03 0. 0. 0. 0.
    4.0160642570281121e-03 0. 0. 8.0321285140562242e-03 0. 0. 0. 0. 0.
    4.0160642570281121e-03 0. 8.0321285140562242e-03 0.
    8.0321285140562242e-03 0. 1.6064257028112448e-02
    1.2048192771084338e-02 0. 0. 0. 0. 0. 0. 4.0160642570281121e-03
    1.6064257028112448e-02 0. 0. 0. 0. 0. 0. 0. 0.
    4.0160642570281121e-03 8.0321285140562242e-03 8.0321285140562242e-03
    4.0160642570281121e-03 0. 0. 0. 0. 0. 0. 0. 8.0321285140562242e-03
    0. 0. 0. 0. 0. 0. 4.0160642570281121e-03 0. 4.0160642570281121e-03
    8.0321285140562242e-03 1.6064257028112448e-02 4.0160642570281121e-03
    0. 0. 0. 0. 0. 0. 0. 1.2048192771084338e-02 0. 0.
    4.0160642570281121e-03 0. 4.0160642570281121e-03
    4.0160642570281121e-03 4.0160642570281121e-03 0.
    4.0160642570281121e-03 8.0321285140562242e-03 0.
    8.0321285140562242e-03 0. 0. 0. 4.0160642570281121e-03 0. 0. 0. 0.
    0. 0. 0. 0. 4.0160642570281121e-03 0. 4.0160642570281121e-03 0. 0.
    8.0321285140562242e-03 4.0160642570281121e-03 1.6064257028112448e-02
    0. 0. 0. 0. 0. 0. 0. 0. 0. 0. 0. 0. 4.0160642570281121e-03 0. 0.
    1.2048192771084338e-02 0. 0. 4.0160642570281121e-03
    4.0160642570281121e-03 0. 0. 0. 0. 0. 0. 4.0160642570281121e-03 0.
    0. 8.0321285140562242e-03 8.0321285140562242e-03 0. 0. 0. 0. 0.
    8.0321285140562242e-03 0. 0. 8.0321285140562242e-03 0. 0. 0. 0. 0.
    0. 0. 0. 0. 4.0160642570281121e-03 0. 8.0321285140562242e-03 0.
    4.0160642570281121e-03 8.0321285140562242e-03 4.0160642570281121e-03
    8.0321285140562242e-03 4.0160642570281121e-03 4.0160642570281121e-03
    8.0321285140562242e-03 0. 0. 4.0160642570281121e-03 0. 0.
    8.0321285140562242e-03 0. 0. 0. 0. 0. 4.0160642570281121e-03 0.
    4.0160642570281121e-03 0. 4.0160642570281121e-03 0.
    4.0160642570281121e-03 4.0160642570281121e-03 0. 0. 0. 0. 0. 0. 0.
    0. 0. 0. 0. 4.0160642570281121e-03 4.0160642570281121e-03
    1.2048192771084338e-02 0. 8.0321285140562242e-03 0.
    1.2048192771084338e-02 0. 4.0160642570281121e-03 0.</data></range_hood_with_cabinet>
</opencv_storage>
