<?xml version="1.0"?>
<opencv_storage>
<range_hood type_id="opencv-matrix">
  <rows>20</rows>
  <cols>20</cols>
  <dt>d</dt>
  <data>
    2.7685492801771870e-04 5.5370985603543741e-04 1.1074197120708748e-03
    2.7685492801771870e-04 0. 5.5370985603543741e-04
    8.3056478405315617e-04 5.5370985603543741e-04 1.1074197120708748e-03
    8.3056478405315617e-04 1.9379844961240310e-03 2.2148394241417496e-03
    1.9379844961240310e-03 1.9379844961240310e-03 2.4916943521594683e-03
    1.6611295681063123e-03 4.7065337763012183e-03 1.6611295681063123e-03
    3.5991140642303433e-03 3.0454042081949060e-03 1.6611295681063123e-03
    8.3056478405315617e-04 5.5370985603543741e-04 8.3056478405315617e-04
    8.3056478405315617e-04 1.1074197120708748e-03 1.6611295681063123e-03
    5.5370985603543741e-04 0. 1.1074197120708748e-03
    3.0454042081949060e-03 1.9379844961240310e-03 3.5991140642303433e-03
    2.7685492801771874e-03 1.9379844961240310e-03 2.7685492801771874e-03
    3.8759689922480620e-03 2.4916943521594683e-03 3.8759689922480620e-03
    2.7685492801771874e-03 1.3842746400885937e-03 8.3056478405315617e-04
    0. 5.5370985603543741e-04 1.9379844961240310e-03
    2.7685492801771870e-04 1.6611295681063123e-03 1.3842746400885937e-03
    2.7685492801771870e-04 1.9379844961240310e-03 1.9379844961240310e-03
    2.4916943521594683e-03 1.1074197120708748e-03 4.9833887043189366e-03
    1.9379844961240310e-03 4.1528239202657810e-03 3.3222591362126247e-03
    2.2148394241417496e-03 4.4296788482834993e-03 6.3676633444075302e-03
    8.3056478405315617e-04 1.1074197120708748e-03 2.7685492801771870e-04
    0. 8.3056478405315617e-04 1.6611295681063123e-03
    2.7685492801771870e-04 8.3056478405315617e-04 1.3842746400885937e-03
    8.3056478405315617e-04 1.1074197120708748e-03 2.2148394241417496e-03
    1.9379844961240310e-03 3.0454042081949060e-03 2.2148394241417496e-03
    2.4916943521594683e-03 4.4296788482834993e-03 3.7098560354374310e-02
    5.8139534883720929e-03 4.9833887043189366e-03 1.3842746400885937e-03
    2.7685492801771870e-04 1.6611295681063123e-03 1.6611295681063123e-03
    1.1074197120708748e-03 1.3842746400885937e-03 5.5370985603543741e-04
    8.3056478405315617e-04 2.7685492801771870e-04 1.3842746400885937e-03
    2.7685492801771870e-04 1.3842746400885937e-03 1.1074197120708748e-03
    1.9379844961240310e-03 4.4296788482834993e-03 3.3222591362126247e-03
    3.5991140642303433e-03 7.7519379844961239e-03 5.2602436323366556e-03
    6.6445182724252493e-03 1.6611295681063123e-03 8.3056478405315617e-04
    1.1074197120708748e-03 1.9379844961240310e-03 1.3842746400885937e-03
    1.6611295681063123e-03 1.1074197120708748e-03 2.7685492801771870e-04
    5.5370985603543741e-04 5.5370985603543741e-04 1.1074197120708748e-03
    8.3056478405315617e-04 1.9379844961240310e-03 4.9833887043189366e-03
    1.6611295681063123e-03 4.4296788482834993e-03 4.1528239202657810e-03
    3.8759689922480620e-03 5.2602436323366556e-03 4.7065337763012183e-03
    8.3056478405315617e-04 5.5370985603543741e-04 8.3056478405315617e-04
    8.3056478405315617e-04 1.3842746400885937e-03 5.5370985603543741e-04
    1.6611295681063123e-03 0. 5.5370985603543741e-04
    8.3056478405315617e-04 1.9379844961240310e-03 1.3842746400885937e-03
    3.0454042081949060e-03 5.2602436323366556e-03 1.3842746400885937e-03
    3.2115171650055369e-02 6.3676633444075302e-03 6.9213732004429675e-03
    8.3056478405315621e-03 8.3056478405315621e-03 1.1074197120708748e-03
    2.7685492801771870e-04 1.3842746400885937e-03 1.9379844961240310e-03
    1.6611295681063123e-03 2.2148394241417496e-03 8.3056478405315617e-04
    0. 5.5370985603543741e-04 2.7685492801771870e-04
    1.6611295681063123e-03 2.7685492801771870e-04 1.6611295681063123e-03
    3.3222591362126247e-03 3.8759689922480620e-03 6.3676633444075302e-03
    6.3676633444075302e-03 8.0287929125138421e-03 7.1982281284606866e-03
    8.0287929125138421e-03 1.6611295681063123e-03 5.5370985603543741e-04
    1.9379844961240310e-03 0. 5.5370985603543741e-04 0.
    2.7685492801771870e-04 2.7685492801771870e-04 0. 0. 0. 0.
    5.5370985603543741e-04 3.3222591362126247e-03 3.8759689922480620e-03
    3.0454042081949060e-03 3.5991140642303433e-03 5.2602436323366556e-03
    7.1982281284606866e-03 5.2602436323366556e-03 1.3842746400885937e-03
    8.3056478405315617e-04 8.3056478405315617e-04 1.3842746400885937e-03
    1.6611295681063123e-03 1.1074197120708748e-03 1.1074197120708748e-03
    1.3842746400885937e-03 0. 2.7685492801771870e-04 0. 0.
    6.3676633444075302e-03 1.2181616832779624e-02 4.1528239202657810e-03
    3.8759689922480620e-03 4.9833887043189366e-03 5.8139534883720929e-03
    7.1982281284606866e-03 1.0797342192691030e-02 1.3842746400885937e-03
    5.5370985603543741e-04 1.1074197120708748e-03 1.9379844961240310e-03
    1.9379844961240310e-03 1.9379844961240310e-03 1.1074197120708748e-03
    2.7685492801771870e-04 0. 0. 0. 0. 7.7519379844961239e-03
    1.0520487264673311e-02 5.8139534883720929e-03 3.5991140642303433e-03
    4.1528239202657810e-03 5.5370985603543747e-03 7.4750830564784057e-03
    9.4130675526024367e-03 2.2148394241417496e-03 1.6611295681063123e-03
    5.5370985603543741e-04 5.5370985603543741e-04 2.4916943521594683e-03
    8.3056478405315617e-04 8.3056478405315617e-04 5.5370985603543741e-04
    0. 0. 5.5370985603543741e-04 0. 8.3056478405315617e-04
    1.9379844961240310e-03 3.3222591362126247e-03 3.5991140642303433e-03
    5.5370985603543747e-03 4.9833887043189366e-03 5.8139534883720929e-03
    7.4750830564784057e-03 2.7685492801771870e-04 1.3842746400885937e-03
    1.3842746400885937e-03 1.9379844961240310e-03 2.7685492801771870e-04
    8.3056478405315617e-04 8.3056478405315617e-04 0. 0. 0.
    5.5370985603543741e-04 5.5370985603543741e-04 1.3842746400885937e-03
    4.4296788482834993e-03 3.8759689922480620e-03 3.3222591362126247e-03
    4.9833887043189366e-03 7.1982281284606866e-03 9.6899224806201549e-03
    8.5825027685492803e-03 1.3842746400885937e-03 1.1074197120708748e-03
    1.1074197120708748e-03 1.3842746400885937e-03 1.6611295681063123e-03
    1.9379844961240310e-03 1.3842746400885937e-03 1.1074197120708748e-03
    5.5370985603543741e-04 2.2148394241417496e-03 1.6611295681063123e-03
    2.7685492801771870e-04 2.4916943521594683e-03 5.8139534883720929e-03
    2.7685492801771874e-03 3.5991140642303433e-03 9.6899224806201549e-03
    6.3676633444075302e-03 5.2602436323366556e-03 6.9213732004429675e-03
    8.3056478405315617e-04 8.3056478405315617e-04 8.3056478405315617e-04
    8.3056478405315617e-04 8.3056478405315617e-04 1.1074197120708748e-03
    5.5370985603543741e-04 2.7685492801771870e-04 2.7685492801771870e-04
    1.1074197120708748e-03 8.3056478405315617e-04 2.7685492801771870e-04
    2.7685492801771874e-03 3.3222591362126247e-03 2.7685492801771874e-03
    1.9379844961240310e-03 4.1528239202657810e-03 3.5991140642303433e-03
    5.5370985603543747e-03 1.1074197120708749e-02 8.3056478405315617e-04
    2.7685492801771870e-04 8.3056478405315617e-04 1.6611295681063123e-03
    2.2148394241417496e-03 1.3842746400885937e-03 8.3056478405315617e-04
    8.3056478405315617e-04 2.7685492801771870e-04 2.7685492801771870e-04
    8.3056478405315617e-04 8.3056478405315617e-04 2.4916943521594683e-03
    2.2148394241417496e-03 1.1074197120708748e-03 1.9379844961240310e-03
    2.2148394241417496e-03 3.0454042081949060e-03 6.0908084163898120e-03
    6.0908084163898120e-03 8.3056478405315617e-04 1.6611295681063123e-03
    1.1074197120708748e-03 1.9379844961240310e-03 5.5370985603543741e-04
    1.6611295681063123e-03 5.5370985603543741e-04 2.2148394241417496e-03
    1.1074197120708748e-03 1.3842746400885937e-03 8.3056478405315617e-04
    1.1074197120708748e-03 2.2148394241417496e-03 4.7065337763012183e-03
    4.1528239202657810e-03 4.7065337763012183e-03 4.1528239202657810e-03
    3.3222591362126247e-03 6.9213732004429675e-03 1.9379844961240310e-03
    0. 2.7685492801771870e-04 8.3056478405315617e-04
