<?xml version="1.0"?>
<opencv_storage>
<refrigerator type_id="opencv-matrix">
  <rows>20</rows>
  <cols>20</cols>
  <dt>d</dt>
  <data>
    7.7123300877277544e-04 1.0604453870625664e-03 7.7123300877277544e-04
    1.3496577653523570e-03 5.7842475657958155e-04 9.6404126096596933e-04
    6.7482888267617850e-04 7.7123300877277544e-04 6.7482888267617850e-04
    2.2172949002217295e-03 2.5065072785115201e-03 1.8316783958353417e-03
    2.3136990263183262e-03 3.1813361611876989e-03 3.9525691699604740e-03
    2.9885279089945050e-03 4.8202063048298468e-03 3.9525691699604740e-03
    4.9166104309264439e-03 5.3022269353128317e-03 1.4460618914489539e-03
    1.0604453870625664e-03 1.1568495131591631e-03 1.8316783958353417e-03
    1.0604453870625664e-03 6.7482888267617850e-04 5.7842475657958155e-04
    1.5424660175455509e-03 1.0604453870625664e-03 2.6029114046081173e-03
    2.2172949002217295e-03 2.2172949002217295e-03 4.7238021787332496e-03
    4.4345898004434590e-03 3.6633567916706834e-03 4.1453774221536684e-03
    4.3381856743468618e-03 5.2058228092162345e-03 4.0489732960570712e-03
    4.8202063048298468e-03 1.5424660175455509e-03 3.8561650438638772e-04
    8.6763713486937238e-04 6.7482888267617850e-04 4.8202063048298466e-04
    6.7482888267617850e-04 5.7842475657958155e-04 8.3871589704039330e-03
    2.0244866480285356e-03 2.4101031524149234e-03 3.1813361611876989e-03
    1.6388701436421478e-03 4.1453774221536684e-03 2.6993155307047140e-03
    3.6633567916706834e-03 3.5669526655740867e-03 5.1094186831196374e-03
    5.6878434396992195e-03 5.3986310614094280e-03 5.7842475657958158e-03
    5.7842475657958155e-04 7.7123300877277544e-04 7.7123300877277544e-04
    1.3496577653523570e-03 4.8202063048298466e-04 9.6404126096596933e-04
    9.6404126096596933e-04 6.7482888267617850e-04 4.8202063048298466e-04
    1.8316783958353417e-03 2.1208907741251328e-03 1.3496577653523570e-03
    4.5309939265400561e-03 3.7597609177672806e-03 4.3381856743468618e-03
    6.8446929528583819e-03 5.6878434396992195e-03 5.3022269353128317e-03
    5.3022269353128317e-03 5.9770558179890101e-03 1.3496577653523570e-03
    1.7352742697387448e-03 9.6404126096596933e-04 1.1568495131591631e-03
    7.7123300877277544e-04 1.4460618914489539e-03 7.7123300877277544e-04
    3.8561650438638772e-04 6.7482888267617850e-04 1.6388701436421478e-03
    1.2532536392557601e-03 2.6029114046081173e-03 2.6029114046081173e-03
    4.9166104309264439e-03 3.6633567916706834e-03 4.2417815482502655e-03
    4.2417815482502655e-03 6.2662681962788007e-03 6.9410970789549791e-03
    5.2058228092162345e-03 6.7482888267617850e-04 9.6404126096596933e-04
    1.2532536392557601e-03 8.6763713486937238e-04 1.0604453870625664e-03
    5.7842475657958155e-04 4.8202063048298466e-04 8.6763713486937238e-04
    8.6763713486937238e-04 1.5424660175455509e-03 1.0604453870625664e-03
    1.0604453870625664e-03 3.1813361611876989e-03 3.6633567916706834e-03
    4.0489732960570712e-03 4.2417815482502655e-03 5.3022269353128317e-03
    5.0130145570230402e-03 6.2662681962788007e-03 7.6159259616311575e-03
    1.5424660175455509e-03 1.4460618914489539e-03 4.8202063048298466e-04
    8.1943507182107387e-03 9.6404126096596933e-04 6.7482888267617850e-04
    1.3496577653523570e-03 7.7123300877277544e-04 4.8202063048298466e-04
    3.0849320350911018e-03 9.6404126096596933e-04 1.7352742697387448e-03
    5.5914393136026223e-03 3.0849320350911018e-03 4.6273980526366524e-03
    4.5309939265400561e-03 5.4950351875060251e-03 6.9410970789549791e-03
    6.4590764484719950e-03 6.1698640701822035e-03 1.4460618914489539e-03
    1.2532536392557601e-03 1.2532536392557601e-03 1.4460618914489539e-03
    7.7123300877277544e-04 7.7123300877277544e-04 1.0604453870625664e-03
    3.8561650438638772e-04 0. 9.6404126096596933e-04
    6.7482888267617850e-04 9.6404126096596930e-05 1.6388701436421478e-03
    2.6993155307047140e-03 4.0489732960570712e-03 2.6993155307047140e-03
    5.9770558179890101e-03 6.0734599440856072e-03 7.7123300877277546e-03
    6.2662681962788007e-03 1.0604453870625664e-03 8.6763713486937238e-04
    5.7842475657958155e-04 1.0604453870625664e-03 7.7123300877277544e-04
    3.8561650438638772e-04 5.7842475657958155e-04 1.9280825219319386e-04
    0. 9.6404126096596930e-05 0. 1.9280825219319386e-04
    6.7482888267617850e-04 1.7352742697387448e-03 2.1208907741251328e-03
    4.0489732960570712e-03 4.6273980526366524e-03 5.9770558179890101e-03
    5.8806516918924129e-03 6.0734599440856072e-03 7.7123300877277544e-04
    1.9280825219319387e-03 5.7842475657958155e-04 2.2172949002217295e-03
    1.0604453870625664e-03 2.8921237828979078e-04 5.7842475657958155e-04
    9.6404126096596930e-05 0. 0. 0. 0. 2.3136990263183262e-03
    3.4705485394774895e-03 2.9885279089945050e-03 4.6273980526366524e-03
    5.7842475657958158e-03 6.3626723223753979e-03 7.6159259616311575e-03
    7.3267135833413669e-03 8.7727754747903217e-03 1.2532536392557601e-03
    1.0604453870625664e-03 1.5424660175455509e-03 7.7123300877277544e-04
    3.8561650438638772e-04 5.7842475657958155e-04 5.7842475657958155e-04
    1.9280825219319386e-04 1.9280825219319386e-04 9.6404126096596930e-05
    0. 1.8316783958353417e-03 3.3741444133808928e-03
    3.5669526655740867e-03 5.5914393136026223e-03 5.9770558179890101e-03
    7.6159259616311575e-03 8.6763713486937236e-03 7.4231177094379640e-03
    9.6404126096596933e-04 1.6388701436421478e-03 9.6404126096596933e-04
    9.6404126096596933e-04 3.8561650438638772e-04 6.7482888267617850e-04
    9.6404126096596930e-05 0. 0. 0. 9.6404126096596930e-05
    9.6404126096596930e-05 5.7842475657958155e-04 1.8316783958353417e-03
    2.2172949002217295e-03 4.0489732960570712e-03 3.6633567916706834e-03
    5.0130145570230402e-03 4.9166104309264439e-03 6.1698640701822035e-03
    9.6404126096596933e-04 1.4460618914489539e-03 1.4460618914489539e-03
    1.1568495131591631e-03 9.6404126096596933e-04 1.0604453870625664e-03
    4.8202063048298466e-04 3.8561650438638772e-04 3.8561650438638772e-04
    9.6404126096596933e-04 5.7842475657958155e-04 3.8561650438638772e-04
    1.0604453870625664e-03 3.4705485394774895e-03 2.4101031524149234e-03
    3.4705485394774895e-03 4.3381856743468618e-03 5.1094186831196374e-03
    5.5914393136026223e-03 4.2417815482502655e-03 1.1568495131591631e-03
    1.3496577653523570e-03 4.8202063048298466e-04 1.9280825219319387e-03
    1.5424660175455509e-03 1.2532536392557601e-03 6.7482888267617850e-04
    2.8921237828979078e-04 7.7123300877277544e-04 2.7957196568013112e-03
    7.7123300877277544e-04 2.3136990263183262e-03 3.1813361611876989e-03
    4.5309939265400561e-03 3.9525691699604740e-03 5.3022269353128317e-03
    6.0734599440856072e-03 5.2058228092162345e-03 6.7482888267617856e-03
    5.5914393136026223e-03 1.1568495131591631e-03 1.2532536392557601e-03
    1.2532536392557601e-03 7.7123300877277544e-04 5.7842475657958155e-04
    8.6763713486937238e-04 2.8921237828979078e-04 9.6404126096596933e-04
    0. 1.5424660175455509e-03 1.9280825219319387e-03
    2.8921237828979079e-03 2.2172949002217295e-03 4.2417815482502655e-03
    4.0489732960570712e-03 5.5914393136026223e-03 5.3986310614094280e-03
    5.6878434396992195e-03 5.2058228092162345e-03 5.6878434396992195e-03
    1.1568495131591631e-03 6.7482888267617850e-04 7.7123300877277544e-04
    4.8202063048298466e-04 8.6763713486937238e-04 1.2532536392557601e-03
    1.4460618914489539e-03 9.6404126096596933e-04 8.6763713486937238e-04
    1.2532536392557601e-03 2.3136990263183262e-03 2.0244866480285356e-03
    2.8921237828979079e-03 4.4345898004434590e-03 2.6029114046081173e-03
    3.7597609177672806e-03 2.6993155307047140e-03 4.7238021787332496e-03
    6.9410970789549791e-03 4.5309939265400561e-03 2.1208907741251328e-03
    1.2532536392557601e-03 6.7482888267617850e-04 7.7123300877277544e-04
    1.0604453870625664e-03 1.4460618914489539e-03 4.8202063048298466e-04
    4.8202063048298466e-04 1.0604453870625664e-03 2.5065072785115201e-03
    2.2172949002217295e-03 2.7957196568013112e-03 3.4705485394774895e-03
