<?xml version="1.0"?>
<opencv_storage>
<roof type_id="opencv-matrix">
  <rows>20</rows>
  <cols>20</cols>
  <dt>d</dt>
  <data>
    1.0055304172951231e-03 2.0110608345902461e-03 2.0110608345902461e-03
    5.0276520864756154e-04 2.0110608345902461e-03 5.0276520864756154e-04
    4.5248868778280547e-03 1.0055304172951231e-03 2.0110608345902461e-03
    3.5193564605329312e-03 3.0165912518853697e-03 5.0276520864756154e-04
    2.5138260432378081e-03 3.5193564605329312e-03 1.0055304172951231e-03
    1.0055304172951231e-03 2.0110608345902461e-03 1.0055304172951231e-03
    0. 5.0276520864756154e-04 1.0055304172951231e-03
    2.5138260432378081e-03 2.0110608345902461e-03 2.0110608345902461e-03
    1.0055304172951231e-03 2.0110608345902461e-03 1.5082956259426848e-03
    3.0165912518853697e-03 2.5138260432378081e-03 1.5082956259426848e-03
    1.5082956259426848e-03 1.0055304172951231e-03 1.0055304172951231e-03
    1.5082956259426848e-03 5.0276520864756154e-04 2.5138260432378081e-03
    3.5193564605329312e-03 1.0055304172951231e-03 5.0276520864756154e-04
    5.0276520864756154e-04 3.5193564605329312e-03 5.0276520864756154e-04
    1.5082956259426848e-03 2.5138260432378081e-03 1.5082956259426848e-03
    4.0221216691804923e-03 3.0165912518853697e-03 6.5359477124183009e-03
    2.0110608345902461e-03 1.5082956259426848e-03 2.0110608345902461e-03
    5.0276520864756162e-03 2.5138260432378081e-03 4.0221216691804923e-03
    2.0110608345902461e-03 1.0055304172951231e-03 0.
    1.5082956259426848e-03 2.0110608345902461e-03 0.
    2.0110608345902461e-03 3.0165912518853697e-03 2.0110608345902461e-03
    2.5138260432378081e-03 4.0221216691804923e-03 2.5138260432378081e-03
    2.0110608345902461e-03 1.5082956259426848e-03 3.5193564605329312e-03
    2.0110608345902461e-03 3.5193564605329312e-03 3.5193564605329312e-03
    1.0055304172951231e-03 1.5082956259426848e-03 2.0110608345902461e-03
    3.5193564605329312e-03 3.5193564605329312e-03 1.0055304172951231e-03
    1.0055304172951231e-03 1.0055304172951231e-03 2.0110608345902461e-03
    1.5082956259426848e-03 1.5082956259426848e-03 4.0221216691804923e-03
    3.5193564605329312e-03 4.0221216691804923e-03 3.5193564605329312e-03
    1.5082956259426848e-03 4.0221216691804923e-03 3.5193564605329312e-03
    1.5082956259426848e-03 3.0165912518853697e-03 4.0221216691804923e-03
    5.0276520864756154e-04 5.0276520864756154e-04 3.5193564605329312e-03
    4.5248868778280547e-03 5.0276520864756154e-04 3.5193564605329312e-03
    1.0055304172951231e-03 4.0221216691804923e-03 2.5138260432378081e-03
    1.0055304172951231e-03 3.5193564605329312e-03 2.5138260432378081e-03
    3.5193564605329312e-03 1.5082956259426848e-03 3.0165912518853697e-03
    4.0221216691804923e-03 2.0110608345902461e-03 2.0110608345902461e-03
    2.5138260432378081e-03 1.5082956259426848e-03 3.0165912518853697e-03
    2.0110608345902461e-03 2.0110608345902461e-03 2.5138260432378081e-03
    3.5193564605329312e-03 3.0165912518853697e-03 2.0110608345902461e-03
    1.5082956259426848e-03 5.0276520864756154e-04 3.0165912518853697e-03
    2.0110608345902461e-03 1.5082956259426848e-03 3.5193564605329312e-03
    5.0276520864756154e-04 4.0221216691804923e-03 2.5138260432378081e-03
    1.5082956259426848e-03 3.5193564605329312e-03 4.5248868778280547e-03
    3.0165912518853697e-03 5.5304172951231778e-03 4.0221216691804923e-03
    3.5193564605329312e-03 2.0110608345902461e-03 2.5138260432378081e-03
    2.0110608345902461e-03 1.0055304172951231e-03 1.5082956259426848e-03
    2.5138260432378081e-03 5.0276520864756162e-03 3.0165912518853697e-03
    3.0165912518853697e-03 5.5304172951231778e-03 4.0221216691804923e-03
    1.0055304172951231e-03 4.5248868778280547e-03 4.5248868778280547e-03
    4.5248868778280547e-03 4.0221216691804923e-03 5.0276520864756162e-03
    2.0110608345902461e-03 4.0221216691804923e-03 2.0110608345902461e-03
    1.5082956259426848e-03 2.5138260432378081e-03 2.0110608345902461e-03
    5.0276520864756154e-04 2.5138260432378081e-03 2.0110608345902461e-03
    2.0110608345902461e-03 4.5248868778280547e-03 1.5082956259426848e-03
    4.0221216691804923e-03 3.0165912518853697e-03 5.0276520864756162e-03
    5.0276520864756162e-03 1.5082956259426848e-03 7.0387129210658624e-03
    2.5138260432378081e-03 3.0165912518853697e-03 5.0276520864756162e-03
    3.0165912518853697e-03 3.5193564605329312e-03 3.5193564605329312e-03
    4.5248868778280547e-03 2.5138260432378081e-03 2.0110608345902461e-03
    2.0110608345902461e-03 2.5138260432378081e-03 3.0165912518853697e-03
    1.5082956259426848e-03 3.5193564605329312e-03 7.0387129210658624e-03
    2.0110608345902461e-03 3.0165912518853697e-03 4.5248868778280547e-03
    4.0221216691804923e-03 5.5304172951231778e-03 8.0442433383609846e-03
    3.5193564605329312e-03 5.5304172951231778e-03 4.0221216691804923e-03
    4.0221216691804923e-03 4.0221216691804923e-03 2.5138260432378081e-03
    1.5082956259426848e-03 5.0276520864756154e-04 2.0110608345902461e-03
    3.0165912518853697e-03 3.0165912518853697e-03 3.0165912518853697e-03
    2.5138260432378081e-03 3.5193564605329312e-03 5.5304172951231778e-03
    4.5248868778280547e-03 3.0165912518853697e-03 4.0221216691804923e-03
    3.5193564605329312e-03 4.0221216691804923e-03 5.0276520864756162e-03
    6.0331825037707393e-03 2.5138260432378081e-03 2.0110608345902461e-03
    2.0110608345902461e-03 3.0165912518853697e-03 1.0055304172951231e-03
    1.5082956259426848e-03 2.0110608345902461e-03 2.0110608345902461e-03
    4.5248868778280547e-03 4.0221216691804923e-03 4.5248868778280547e-03
    2.0110608345902461e-03 4.5248868778280547e-03 3.0165912518853697e-03
    4.5248868778280547e-03 2.5138260432378081e-03 7.0387129210658624e-03
    5.0276520864756162e-03 4.5248868778280547e-03 7.0387129210658624e-03
    5.0276520864756162e-03 5.0276520864756154e-04 4.5248868778280547e-03
    2.0110608345902461e-03 1.5082956259426848e-03 0.
    5.0276520864756154e-04 1.5082956259426848e-03 1.5082956259426848e-03
    1.5082956259426848e-03 3.0165912518853697e-03 3.0165912518853697e-03
    3.0165912518853697e-03 5.0276520864756162e-03 3.0165912518853697e-03
    2.5138260432378081e-03 2.0110608345902461e-03 2.5138260432378081e-03
    3.0165912518853697e-03 5.5304172951231778e-03 2.5138260432378081e-03
    4.5248868778280547e-03 3.5193564605329312e-03 3.0165912518853697e-03
    2.0110608345902461e-03 1.5082956259426848e-03 4.5248868778280547e-03
    2.5138260432378081e-03 2.5138260432378081e-03 1.0055304172951231e-03
    2.0110608345902461e-03 1.5082956259426848e-03 1.5082956259426848e-03
    2.5138260432378081e-03 6.0331825037707393e-03 4.5248868778280547e-03
    3.5193564605329312e-03 2.5138260432378081e-03 2.5138260432378081e-03
    5.5304172951231778e-03 3.5193564605329312e-03 3.5193564605329312e-03
    3.0165912518853697e-03 1.5082956259426848e-03 3.0165912518853697e-03
    1.5082956259426848e-03 0. 1.5082956259426848e-03
    1.5082956259426848e-03 1.5082956259426848e-03 2.5138260432378081e-03
    3.5193564605329312e-03 5.0276520864756162e-03 2.5138260432378081e-03
    2.0110608345902461e-03 3.0165912518853697e-03 4.5248868778280547e-03
    3.5193564605329312e-03 2.0110608345902461e-03 3.0165912518853697e-03
    2.0110608345902461e-03 2.0110608345902461e-03 4.5248868778280547e-03
    3.0165912518853697e-03 1.5082956259426848e-03 1.5082956259426848e-03
    1.5082956259426848e-03 0. 2.5138260432378081e-03
    3.0165912518853697e-03 3.0165912518853697e-03 1.5082956259426848e-03
    5.0276520864756154e-04 1.5082956259426848e-03 2.5138260432378081e-03
    1.0055304172951231e-03 3.5193564605329312e-03 3.0165912518853697e-03
    3.0165912518853697e-03 3.0165912518853697e-03 5.0276520864756154e-04
    0. 5.0276520864756154e-04 1.5082956259426848e-03
    2.5138260432378081e-03 5.0276520864756154e-04 1.5082956259426848e-03
    3.0165912518853697e-03 2.5138260432378081e-03 1.5082956259426848e-03
    2.0110608345902461e-03 3.5193564605329312e-03 1.5082956259426848e-03
