<?xml version="1.0"?>
<opencv_storage>
<rug type_id="opencv-matrix">
  <rows>20</rows>
  <cols>20</cols>
  <dt>d</dt>
  <data>
    8.1227251228690696e-04 9.4593760924551189e-04 1.2543955253038310e-03
    1.4600341360093772e-03 1.2852413169096629e-03 1.4394702749388226e-03
    1.4291883444035453e-03 1.7479281909971417e-03 2.1077957597318473e-03
    3.9276974644759299e-03 3.3827551461062329e-03 1.6039811635032593e-03
    1.4497522054740999e-03 1.6965185383207551e-03 1.1001665672746715e-03
    8.8424602603384814e-04 1.2029858726274444e-03 1.0898846367393942e-03
    9.8706533138662113e-04 8.9452795656912545e-04 9.5621953978078920e-04
    9.6650147031606651e-04 1.4908799276152091e-03 1.4600341360093772e-03
    1.5217257192210410e-03 1.3674967611918814e-03 1.5011618581504864e-03
    1.7890559131382509e-03 2.4162536757901662e-03 5.7270353081494583e-03
    4.4829217133809047e-03 2.0255403154496288e-03 1.6656727467149232e-03
    1.4703160665446545e-03 1.8918752184910238e-03 9.7678340085134382e-04
    1.0590388451335623e-03 1.1824220115568900e-03 9.7678340085134382e-04
    1.4703160665446545e-03 1.2338316642332764e-03 1.2029858726274444e-03
    1.1721400810216127e-03 1.3058051779802175e-03 1.3572148306566041e-03
    1.4703160665446545e-03 1.8096197742088055e-03 2.0255403154496288e-03
    2.0152583849143515e-03 5.1204014065680970e-03 4.2772831026753584e-03
    2.1592054124082338e-03 1.9844125933085196e-03 1.6965185383207551e-03
    1.4600341360093772e-03 1.2543955253038310e-03 1.3674967611918814e-03
    1.2338316642332764e-03 1.1104484978099489e-03 2.1592054124082338e-03
    1.2235497336979990e-03 1.3469329001213268e-03 1.5936992329679820e-03
    1.3983425527977133e-03 1.3469329001213268e-03 1.6245450245738139e-03
    1.6245450245738139e-03 1.6759546772502005e-03 2.6321742170309897e-03
    5.3774496699500298e-03 4.5857410187336778e-03 2.2517427872257296e-03
    1.6862366077854778e-03 1.4189064138682679e-03 1.7890559131382509e-03
    1.1824220115568900e-03 1.2955232474449402e-03 1.1721400810216127e-03
    1.2338316642332764e-03 8.9452795656912545e-04 1.2029858726274444e-03
    1.3469329001213268e-03 1.3366509695860495e-03 1.7479281909971417e-03
    1.7273643299265870e-03 1.7068004688560324e-03 2.0461041765201834e-03
    1.9741306627732423e-03 2.3134343704373935e-03 5.8812642661786180e-03
    4.5754590881984004e-03 1.9946945238437969e-03 2.0461041765201834e-03
    1.9227210100968557e-03 1.7376462604618643e-03 1.7993378436735282e-03
    1.7068004688560324e-03 1.1927039420921671e-03 1.1310123588805035e-03
    1.0487569145982850e-03 1.4600341360093772e-03 1.7479281909971417e-03
    3.7426227148409387e-03 1.8918752184910238e-03 1.7582101215324190e-03
    3.2182442575417959e-03 2.1489234818729565e-03 2.3339982315079481e-03
    2.5602007032840485e-03 5.1409652676386516e-03 4.2567192416048038e-03
    2.3237163009726708e-03 2.1077957597318473e-03 3.0640152995126367e-03
    2.4368175368607208e-03 2.3339982315079481e-03 1.9741306627732423e-03
    1.5525715108268728e-03 1.6451088856443685e-03 1.4189064138682679e-03
    1.4086244833329906e-03 1.6862366077854778e-03 1.9330029406321330e-03
    1.8301836352793601e-03 1.8199017047440828e-03 2.3442801620432254e-03
    2.3134343704373935e-03 2.9303502025540317e-03 2.8583766888070905e-03
    5.1409652676386516e-03 3.6809311316292749e-03 2.5602007032840485e-03
    2.3545620925785027e-03 2.6013284254251577e-03 1.9535668017026876e-03
    1.7582101215324190e-03 1.8096197742088055e-03 1.6142630940385366e-03
    1.5217257192210410e-03 1.3160871085154948e-03 2.3237163009726708e-03
    1.9021571490263011e-03 2.2928705093668389e-03 2.3956898147196115e-03
    2.7349935223837628e-03 2.6938658002426535e-03 3.5267021736001152e-03
    2.5293549116782166e-03 2.5190729811429393e-03 4.0202348392934257e-03
    2.9817598552304182e-03 2.3031524399021162e-03 3.1257068827243001e-03
    2.5704826338193258e-03 2.4265356063254435e-03 2.5190729811429393e-03
    1.9535668017026876e-03 2.1592054124082338e-03 2.2311789261551750e-03
    1.5936992329679820e-03 2.2106150650846204e-03 2.5190729811429393e-03
    2.9611959941598636e-03 4.0510806308992576e-03 3.7220588537703841e-03
    3.9791071171523165e-03 3.4033190071767875e-03 3.1873984659359640e-03
    2.4676633284665527e-03 3.4033190071767875e-03 2.1694873429435112e-03
    2.2311789261551750e-03 2.9200682720187544e-03 3.0228875773715275e-03
    3.6603672705587203e-03 3.3930370766415102e-03 3.2285261880770732e-03
    2.7966851055954266e-03 2.3134343704373935e-03 1.5320076497563184e-03
    4.8633531431861643e-03 5.6242160027966852e-03 8.2255444282218430e-03
    9.1097904542556916e-03 9.3565567871023471e-03 1.0055728063501202e-02
    6.7757922227477431e-03 5.3157580867383659e-03 3.9688251866170391e-03
    4.7810976989039458e-03 3.9071336034053753e-03 3.5575479652059472e-03
    3.9379793950112072e-03 5.1718110592444836e-03 7.0534043472002305e-03
    6.7141006395360792e-03 7.4749634991466002e-03 5.4288593226264163e-03
    3.7426227148409387e-03 3.3519093545004010e-03 4.3286927553517450e-03
    5.7887268913611222e-03 7.3515803327232725e-03 8.0918793312632388e-03
    7.5777828044993724e-03 9.0069711489029185e-03 5.9840835715313911e-03
    5.2643484340619794e-03 4.3184108248164677e-03 4.9147627958625508e-03
    4.6885603240864509e-03 3.2388081186123505e-03 4.6371506714100643e-03
    6.6421271257891381e-03 7.5160912212877086e-03 6.9711489029180120e-03
    7.2693248884410540e-03 6.5701536120421969e-03 4.3184108248164677e-03
    3.4444467293178968e-03 1.6862366077854778e-03 2.0872318986612927e-03
    2.3751259536490574e-03 3.2490900491476279e-03 3.1359888132595774e-03
    3.3416274239651237e-03 3.1668346048654094e-03 3.0023237163009728e-03
    2.3442801620432254e-03 2.9200682720187544e-03 2.2003331345493431e-03
    2.3134343704373935e-03 2.9920417857656955e-03 2.8480947582718132e-03
    3.2593719796829052e-03 3.4650105903884514e-03 3.3724732155709556e-03
    2.2003331345493431e-03 2.0461041765201834e-03 1.6039811635032593e-03
    1.7170823993913097e-03 1.6553908161796459e-03 2.3545620925785027e-03
    1.8815932879557465e-03 2.4676633284665527e-03 2.8378128277365359e-03
    3.0537333689773594e-03 2.7452754529190401e-03 2.6321742170309897e-03
    4.0613625614345349e-03 2.7247115918484855e-03 2.5087910506076620e-03
    3.0845791605831909e-03 2.3751259536490574e-03 2.4368175368607208e-03
    2.6116103559604351e-03 1.9638487322379649e-03 2.1180776902671246e-03
    1.9124390795615784e-03 1.4086244833329906e-03 1.4908799276152091e-03
    1.4703160665446545e-03 1.4497522054740999e-03 1.6862366077854778e-03
    1.9535668017026876e-03 2.2003331345493431e-03 3.0023237163009728e-03
    2.8069670361307040e-03 2.2003331345493431e-03 5.3774496699500298e-03
    3.5164202430648379e-03 2.6218922864957124e-03 2.2414608566904523e-03
    2.1489234818729565e-03 2.2106150650846204e-03 2.3854078841843342e-03
    1.7582101215324190e-03 1.8610294268851921e-03 1.7684920520676963e-03
    1.2132678031627217e-03 1.3058051779802175e-03 1.5320076497563184e-03
    1.4394702749388226e-03 1.5217257192210410e-03 1.9124390795615784e-03
    3.3621912850356783e-03 2.3854078841843342e-03 2.2620247177610069e-03
    2.5910464948898804e-03 5.4905509058380802e-03 4.1436180057167534e-03
    2.1489234818729565e-03 2.2620247177610069e-03 2.3237163009726708e-03
    3.3313454934298463e-03 1.9021571490263011e-03 1.3880606222624360e-03
    1.4805979970799318e-03 1.3366509695860495e-03 1.3983425527977133e-03
    9.5621953978078920e-04 1.2441135947685537e-03 2.2003331345493431e-03
    2.6116103559604351e-03 1.3983425527977133e-03 1.9946945238437969e-03
    1.9638487322379649e-03 2.1283596208024019e-03 2.5293549116782166e-03
    5.7990088218963995e-03 4.0305167698287030e-03 2.3442801620432254e-03
    2.4470994673959981e-03 2.1283596208024019e-03 1.4805979970799318e-03
    1.3160871085154948e-03 1.5114437886857637e-03 1.2441135947685537e-03
    1.3469329001213268e-03 9.9734726192189844e-04 1.3983425527977133e-03
