<?xml version="1.0"?>
<opencv_storage>
<shelving type_id="opencv-matrix">
  <rows>20</rows>
  <cols>20</cols>
  <dt>d</dt>
  <data>
    1.0129399512076812e-03 1.0129399512076812e-03 1.3553421882356298e-03
    1.3553421882356298e-03 1.3125419086071363e-03 1.6549441456350847e-03
    1.3410754283594653e-03 1.5122765468734397e-03 1.1556075499693265e-03
    1.2840083888548072e-03 1.5408100666257686e-03 2.3112150999386530e-03
    2.8248184554805758e-03 3.1101536530038663e-03 3.4382891301556503e-03
    2.2113477808055012e-03 2.1542807413008434e-03 2.0829469419200207e-03
    1.9402793431583752e-03 1.4980097869972751e-03 1.3125419086071363e-03
    1.1698743098454911e-03 1.6406773857589204e-03 1.2126745894739846e-03
    1.4124092277402879e-03 1.7262779450159073e-03 1.5978771061304266e-03
    1.4124092277402879e-03 1.3696089481117944e-03 1.5550768265019332e-03
    2.0258799024153624e-03 3.2385544918893472e-03 2.9246857746137275e-03
    2.7392178962235888e-03 4.0945600844592188e-03 2.5965502974619435e-03
    2.1828142610531721e-03 2.3112150999386530e-03 2.1114804616723494e-03
    2.3968156591956400e-03 1.4266759876164525e-03 1.2697416289786426e-03
    1.1698743098454911e-03 1.4124092277402879e-03 1.5550768265019332e-03
    1.9973463826630333e-03 1.8261452641490591e-03 1.8832123036537172e-03
    1.7405447048920719e-03 1.6692109055112493e-03 2.2256145406816660e-03
    3.2100209721370181e-03 3.4810894097841438e-03 3.4382891301556503e-03
    4.2657612029731928e-03 2.7392178962235888e-03 2.2684148203101595e-03
    2.3825488993194756e-03 2.1400139814246786e-03 2.4396159388241335e-03
    1.2554748691024780e-03 1.5978771061304266e-03 1.6549441456350847e-03
    1.4694762672449459e-03 1.1698743098454911e-03 1.9688128629107042e-03
    1.6549441456350847e-03 1.5836103462542623e-03 1.6977444252635784e-03
    1.5550768265019332e-03 2.1542807413008434e-03 3.2242877320131824e-03
    3.1101536530038663e-03 3.4525558900318147e-03 4.4654958412394963e-03
    2.5394832579572852e-03 1.9688128629107042e-03 2.6393505770904370e-03
    2.0544134221676916e-03 2.6108170573381079e-03 1.2412081092263137e-03
    1.1698743098454911e-03 1.2269413493501491e-03 2.1970810209293369e-03
    1.4266759876164525e-03 1.9830796227868690e-03 1.8974790635298818e-03
    1.4837430271211105e-03 1.8689455437775526e-03 2.3682821394433108e-03
    2.6964176165950953e-03 3.1386871727561954e-03 3.2956215313940051e-03
    3.2100209721370181e-03 4.1944274035923702e-03 2.9960195739945502e-03
    2.3540153795671465e-03 2.2256145406816660e-03 2.6821508567189305e-03
    2.0972137017961851e-03 1.3553421882356298e-03 1.3981424678641233e-03
    1.2982751487309718e-03 1.5836103462542623e-03 1.8689455437775526e-03
    2.1542807413008434e-03 1.7833449845205656e-03 2.2826815801863238e-03
    1.5265433067496040e-03 2.1400139814246786e-03 2.9817528141183854e-03
    2.1685475011770077e-03 3.1957542122608533e-03 3.1814874523846889e-03
    3.7236243276789409e-03 3.2242877320131824e-03 2.7534846560997531e-03
    3.3384218110224986e-03 2.5680167777096144e-03 3.1244204128800307e-03
    1.6406773857589204e-03 1.4837430271211105e-03 2.0258799024153624e-03
    1.7976117443967300e-03 1.6406773857589204e-03 2.0116131425391981e-03
    1.6692109055112493e-03 2.5965502974619435e-03 2.4253491789479691e-03
    2.0116131425391981e-03 3.0816201332515372e-03 2.8105516956044114e-03
    3.7236243276789409e-03 4.4084288017348381e-03 3.7236243276789409e-03
    3.2242877320131824e-03 2.8248184554805758e-03 2.9674860542422210e-03
    3.3954888505271568e-03 2.8818854949852341e-03 2.0116131425391981e-03
    1.5408100666257686e-03 1.2840083888548072e-03 1.8546787839013883e-03
    1.5978771061304266e-03 2.0686801820438559e-03 2.4110824190718048e-03
    3.4810894097841438e-03 2.1685475011770077e-03 2.6108170573381079e-03
    2.6678840968427662e-03 3.0958868931277020e-03 5.7067039504658098e-03
    4.3941620418586737e-03 3.4810894097841438e-03 3.7806913671835987e-03
    2.7392178962235888e-03 3.0816201332515372e-03 3.0816201332515372e-03
    2.9532192943660567e-03 1.7548114647682365e-03 1.6549441456350847e-03
    1.7548114647682365e-03 1.8261452641490591e-03 2.1400139814246786e-03
    2.1257472215485142e-03 3.1529539326323598e-03 5.9064385887321134e-03
    2.3682821394433108e-03 1.5265433067496040e-03 1.4980097869972751e-03
    2.7534846560997531e-03 6.7481774214258198e-03 5.8779050689797838e-03
    4.3798952819825094e-03 3.5238896894126373e-03 3.6380237684219539e-03
    3.5809567289172956e-03 3.0530866134992080e-03 3.1672206925085246e-03
    1.6977444252635784e-03 1.9688128629107042e-03 1.7976117443967300e-03
    2.7820181758520823e-03 2.9104190147375628e-03 3.5381564492888021e-03
    3.7236243276789409e-03 5.1931005949238870e-03 1.7262779450159073e-03
    1.3410754283594653e-03 1.2269413493501491e-03 3.0958868931277020e-03
    6.8480447405589720e-03 7.5613827343671974e-03 8.1463198892899429e-03
    5.6639036708373159e-03 3.8234916468120926e-03 3.6522905282981182e-03
    3.2242877320131824e-03 3.4240223702794860e-03 1.8261452641490591e-03
    2.2826815801863238e-03 1.8404120240252237e-03 1.8118785042728945e-03
    2.6108170573381079e-03 2.9960195739945502e-03 3.1529539326323598e-03
    4.5225628807441546e-03 2.2398813005578304e-03 1.0700069907123393e-03
    1.2269413493501491e-03 4.0374930449545605e-03 7.0477793788252746e-03
    6.9764455794444520e-03 7.4900489349863757e-03 6.0348394276175934e-03
    4.3370950023540154e-03 3.9661592455737379e-03 3.3812220906509921e-03
    3.2528212517655116e-03 1.8404120240252237e-03 1.5408100666257686e-03
    1.7976117443967300e-03 1.9260125832822107e-03 1.7833449845205656e-03
    2.1400139814246786e-03 3.2242877320131824e-03 4.2942947227255215e-03
    1.8974790635298818e-03 1.4837430271211105e-03 1.5693435863780977e-03
    2.4824162184526274e-03 5.9207053486082777e-03 4.7080307591342930e-03
    4.3228282424778511e-03 3.9376257258214083e-03 3.5381564492888021e-03
    3.1101536530038663e-03 2.9104190147375628e-03 2.9960195739945502e-03
    1.8689455437775526e-03 1.7548114647682365e-03 2.1257472215485142e-03
    3.0673533733753728e-03 1.4837430271211105e-03 1.9117458234060463e-03
    3.5809567289172956e-03 4.9362989171529252e-03 3.0102863338707145e-03
    2.2398813005578304e-03 2.6393505770904370e-03 3.0245530937468793e-03
    7.2332472572154138e-03 5.4071019930663549e-03 3.7949581270597635e-03
    3.6380237684219539e-03 2.9817528141183854e-03 3.2813547715178407e-03
    3.2670880116416759e-03 2.8390852153567401e-03 1.5265433067496040e-03
    1.6121438660065912e-03 1.6549441456350847e-03 1.5408100666257686e-03
    2.1685475011770077e-03 1.9688128629107042e-03 2.5109497382049561e-03
    2.7249511363474240e-03 1.9830796227868690e-03 2.1685475011770077e-03
    2.9532192943660567e-03 2.6393505770904370e-03 3.9518924856975736e-03
    3.8662919264405861e-03 3.3954888505271568e-03 3.0673533733753728e-03
    2.9960195739945502e-03 2.3825488993194756e-03 2.5394832579572852e-03
    2.4824162184526274e-03 1.4694762672449459e-03 1.5408100666257686e-03
    1.5122765468734397e-03 1.4266759876164525e-03 1.7262779450159073e-03
    1.9973463826630333e-03 1.8118785042728945e-03 2.0116131425391981e-03
    1.6549441456350847e-03 2.4110824190718048e-03 2.6393505770904370e-03
    2.3254818598148173e-03 3.0673533733753728e-03 2.9674860542422210e-03
    4.6224301998773060e-03 3.1386871727561954e-03 4.5510964004964833e-03
    2.8105516956044114e-03 2.3397486196909821e-03 2.4110824190718048e-03
    1.2982751487309718e-03 1.4694762672449459e-03 1.3696089481117944e-03
    1.6406773857589204e-03 1.3553421882356298e-03 2.2684148203101595e-03
    1.8404120240252237e-03 1.6834776653874139e-03 1.8546787839013883e-03
    2.0401466622915268e-03 2.9246857746137275e-03 2.7249511363474240e-03
    3.2385544918893472e-03 3.1814874523846889e-03 4.5225628807441546e-03
    3.0673533733753728e-03 2.4396159388241335e-03 2.4824162184526274e-03
    2.7677514159759179e-03 2.5965502974619435e-03 1.1556075499693265e-03
