<?xml version="1.0"?>
<opencv_storage>
<shoes_cabinet type_id="opencv-matrix">
  <rows>20</rows>
  <cols>20</cols>
  <dt>d</dt>
  <data>
    7.8206465067778938e-04 1.3034410844629822e-03 1.3034410844629822e-03
    2.3461939520333683e-03 1.0427528675703858e-03 2.0855057351407717e-03
    2.0855057351407717e-03 1.3034410844629822e-03 7.8206465067778938e-04
    1.8248175182481751e-03 3.1282586027111575e-03 7.8206465067778945e-03
    3.1282586027111575e-03 5.9958289885297181e-03 9.3847758081334730e-03
    2.6068821689259644e-03 2.6068821689259644e-03 3.3889468196037541e-03
    3.1282586027111575e-03 3.6496350364963502e-03 5.2137643378519292e-04
    5.2137643378519292e-04 7.8206465067778938e-04 2.6068821689259644e-03
    1.8248175182481751e-03 1.0427528675703858e-03 1.3034410844629822e-03
    1.0427528675703858e-03 5.2137643378519292e-04 1.5641293013555788e-03
    2.3461939520333683e-03 1.0427528675703858e-02 5.9958289885297181e-03
    6.2565172054223151e-03 7.0385818561001044e-03 1.8248175182481751e-03
    1.0427528675703858e-03 2.8675703858185610e-03 4.6923879040667365e-03
    3.6496350364963502e-03 1.3034410844629822e-03 1.3034410844629822e-03
    5.2137643378519292e-04 1.3034410844629822e-03 2.6068821689259646e-04
    2.6068821689259646e-04 2.3461939520333683e-03 1.8248175182481751e-03
    2.6068821689259646e-04 7.8206465067778938e-04 2.8675703858185610e-03
    5.7351407716371219e-03 3.3889468196037541e-03 7.2992700729927005e-03
    7.5599582898852975e-03 2.3461939520333683e-03 1.8248175182481751e-03
    2.8675703858185610e-03 2.6068821689259644e-03 3.1282586027111575e-03
    1.3034410844629822e-03 1.5641293013555788e-03 5.2137643378519292e-04
    2.6068821689259646e-04 1.3034410844629822e-03 1.5641293013555788e-03
    1.0427528675703858e-03 7.8206465067778938e-04 1.3034410844629822e-03
    1.3034410844629822e-03 2.8675703858185610e-03 5.4744525547445258e-03
    4.4316996871741395e-03 1.1730969760166840e-02 8.6027111574556829e-03
    2.6068821689259644e-03 4.6923879040667365e-03 2.0855057351407717e-03
    3.9103232533889472e-03 3.6496350364963502e-03 2.3461939520333683e-03
    1.0427528675703858e-03 1.0427528675703858e-03 1.0427528675703858e-03
    2.6068821689259646e-04 1.5641293013555788e-03 1.0427528675703858e-03
    1.3034410844629822e-03 5.2137643378519292e-04 2.0855057351407717e-03
    3.6496350364963502e-03 4.1710114702815434e-03 5.2137643378519288e-03
    4.9530761209593327e-03 9.3847758081334730e-03 1.8248175182481751e-03
    2.0855057351407717e-03 4.1710114702815434e-03 5.9958289885297181e-03
    4.1710114702815434e-03 1.0427528675703858e-03 5.2137643378519292e-04
    2.6068821689259646e-04 7.8206465067778938e-04 5.2137643378519292e-04
    7.8206465067778938e-04 7.8206465067778938e-04 1.3034410844629822e-03
    2.6068821689259646e-04 1.5641293013555788e-03 2.8675703858185610e-03
    3.1282586027111575e-03 4.1710114702815434e-03 4.9530761209593327e-03
    4.4316996871741395e-03 2.6068821689259644e-03 2.8675703858185610e-03
    3.1282586027111575e-03 4.6923879040667365e-03 2.3461939520333683e-03
    1.5641293013555788e-03 3.6496350364963502e-03 5.2137643378519292e-04
    2.6068821689259646e-04 2.3461939520333683e-03 1.0427528675703858e-03
    5.2137643378519292e-04 0. 0. 1.0427528675703858e-03
    2.3461939520333683e-03 1.3034410844629822e-03 1.0427528675703858e-03
    1.3034410844629822e-03 2.6068821689259644e-03 3.9103232533889472e-03
    2.6068821689259644e-03 5.4744525547445258e-03 4.1710114702815434e-03
    6.2565172054223151e-03 7.8206465067778938e-04 1.5641293013555788e-03
    2.0855057351407717e-03 5.2137643378519292e-04 7.8206465067778938e-04
    5.2137643378519292e-04 0. 2.6068821689259646e-04
    2.6068821689259646e-04 2.6068821689259646e-04 2.6068821689259646e-04
    5.2137643378519292e-04 7.8206465067778938e-04 1.8248175182481751e-03
    2.0855057351407717e-03 3.9103232533889472e-03 5.2137643378519288e-03
    4.1710114702815434e-03 7.2992700729927005e-03 4.6923879040667365e-03
    1.0427528675703858e-03 1.0427528675703858e-03 1.5641293013555788e-03
    1.8248175182481751e-03 7.8206465067778938e-04 1.0427528675703858e-03
    5.2137643378519292e-04 2.6068821689259646e-04 0. 0. 0.
    2.6068821689259646e-04 5.2137643378519292e-04 2.0855057351407717e-03
    1.0427528675703858e-03 3.3889468196037541e-03 4.6923879040667365e-03
    4.9530761209593327e-03 6.5172054223149112e-03 5.9958289885297181e-03
    1.0427528675703858e-03 1.8248175182481751e-03 2.3461939520333683e-03
    1.3295099061522419e-02 2.3461939520333683e-03 1.0427528675703858e-03
    1.5641293013555788e-03 2.6068821689259646e-04 2.6068821689259646e-04
    0. 0. 1.0427528675703858e-03 2.3461939520333683e-03
    3.1282586027111575e-03 2.8675703858185610e-03 4.9530761209593327e-03
    5.4744525547445258e-03 3.9103232533889472e-03 5.7351407716371219e-03
    6.5172054223149112e-03 1.5641293013555788e-03 0.
    1.3034410844629822e-03 1.5641293013555789e-02 1.5641293013555788e-03
    1.8248175182481751e-03 1.0427528675703858e-03 5.2137643378519292e-04
    5.2137643378519292e-04 0. 0. 2.6068821689259646e-04
    7.8206465067778938e-04 3.6496350364963502e-03 3.1282586027111575e-03
    6.2565172054223151e-03 5.9958289885297181e-03 6.7778936392075082e-03
    5.4744525547445258e-03 5.4744525547445258e-03 2.0855057351407717e-03
    1.5641293013555788e-03 1.3034410844629822e-03 3.3889468196037541e-03
    1.8248175182481751e-03 7.8206465067778938e-04 2.6068821689259646e-04
    5.2137643378519292e-04 0. 0. 2.6068821689259646e-04
    2.6068821689259646e-04 0. 1.3034410844629822e-03
    1.0427528675703858e-03 3.9103232533889472e-03 5.2137643378519288e-03
    6.5172054223149112e-03 5.2137643378519288e-03 5.9958289885297181e-03
    2.3461939520333683e-03 1.3034410844629822e-03 1.8248175182481751e-03
    1.3034410844629822e-03 0. 2.0855057351407717e-03
    7.8206465067778938e-04 7.8206465067778938e-04 1.0427528675703858e-03
    1.0427528675703858e-03 1.3034410844629822e-03 5.2137643378519292e-04
    1.0427528675703858e-03 2.0855057351407717e-03 2.3461939520333683e-03
    2.6068821689259644e-03 3.6496350364963502e-03 3.3889468196037541e-03
    3.6496350364963502e-03 6.7778936392075082e-03 1.5641293013555788e-03
    0. 2.6068821689259646e-04 1.8248175182481751e-03
    7.8206465067778938e-04 1.5641293013555788e-03 1.3034410844629822e-03
    5.2137643378519292e-04 7.8206465067778938e-04 2.0855057351407717e-03
    1.3034410844629822e-03 2.0855057351407717e-03 1.0427528675703858e-03
    3.9103232533889472e-03 2.8675703858185610e-03 2.6068821689259644e-03
    3.6496350364963502e-03 4.1710114702815434e-03 3.1282586027111575e-03
    5.9958289885297181e-03 2.3461939520333683e-03 5.2137643378519292e-04
    7.8206465067778938e-04 5.2137643378519292e-04 2.6068821689259646e-04
    7.8206465067778938e-04 7.8206465067778938e-04 5.2137643378519292e-04
    2.6068821689259646e-04 1.8248175182481751e-03 3.3889468196037541e-03
    2.3461939520333683e-03 2.0855057351407717e-03 3.6496350364963502e-03
    4.1710114702815434e-03 2.0855057351407717e-03 2.8675703858185610e-03
    2.8675703858185610e-03 3.1282586027111575e-03 3.1282586027111575e-03
    5.2137643378519292e-04 5.2137643378519292e-04 1.3034410844629822e-03
    5.2137643378519292e-04 2.6068821689259646e-04 1.5641293013555788e-03
    1.3034410844629822e-03 5.2137643378519292e-04 1.3034410844629822e-03
    7.8206465067778938e-04 5.4744525547445258e-03 3.6496350364963502e-03
    3.3889468196037541e-03 8.6027111574556829e-03 9.1240875912408752e-03
    2.6068821689259644e-03 3.3889468196037541e-03 2.6068821689259644e-03
    2.3461939520333683e-03 2.3461939520333683e-03 5.2137643378519292e-04
    5.2137643378519292e-04 2.6068821689259646e-04 1.5641293013555788e-03
    0. 1.3034410844629822e-03 5.2137643378519292e-04
    5.2137643378519292e-04 5.2137643378519292e-04 1.0427528675703858e-03
    3.3889468196037541e-03 5.4744525547445258e-03 3.9103232533889472e-03
    7.8206465067778945e-03 8.6027111574556829e-03 3.1282586027111575e-03
