<?xml version="1.0"?>
<opencv_storage>
<shoes type_id="opencv-matrix">
  <rows>20</rows>
  <cols>20</cols>
  <dt>d</dt>
  <data>
    4.5662100456621002e-03 2.2831050228310501e-03 0. 0. 0.
    2.2831050228310501e-03 0. 4.5662100456621002e-03 0.
    2.2831050228310501e-03 2.2831050228310501e-03 2.2831050228310501e-03
    2.2831050228310501e-03 2.2831050228310501e-03 0.
    4.5662100456621002e-03 4.5662100456621002e-03 0. 0. 0.
    6.8493150684931503e-03 4.5662100456621002e-03 4.5662100456621002e-03
    2.2831050228310501e-03 4.5662100456621002e-03 2.2831050228310501e-03
    0. 2.2831050228310501e-03 0. 0. 4.5662100456621002e-03 0. 0.
    2.2831050228310501e-03 0. 0. 2.2831050228310501e-03 0. 0. 0. 0.
    2.2831050228310501e-03 2.2831050228310501e-03 0. 0.
    2.2831050228310501e-03 0. 2.2831050228310501e-03 0.
    4.5662100456621002e-03 2.2831050228310501e-03 2.2831050228310501e-03
    0. 2.2831050228310501e-03 2.2831050228310501e-03 0.
    2.2831050228310501e-03 0. 2.2831050228310501e-03 0.
    6.8493150684931503e-03 0. 2.2831050228310501e-03 0.
    6.8493150684931503e-03 4.5662100456621002e-03 2.2831050228310501e-03
    1.8264840182648401e-02 2.2831050228310501e-03 1.3698630136986301e-02
    4.5662100456621002e-03 0. 0. 2.2831050228310501e-03 0. 0.
    2.2831050228310501e-03 0. 0. 0. 2.2831050228310501e-03 0. 0. 0. 0.
    2.2831050228310501e-03 2.2831050228310501e-03 0.
    2.2831050228310501e-03 9.1324200913242004e-03 6.8493150684931503e-03
    2.2831050228310501e-03 4.5662100456621002e-03 0.
    2.2831050228310501e-03 0. 6.8493150684931503e-03
    2.2831050228310501e-03 2.2831050228310501e-03 0. 0. 0. 0.
    4.5662100456621002e-03 2.2831050228310501e-03 4.5662100456621002e-03
    0. 0. 0. 4.5662100456621002e-03 4.5662100456621002e-03
    2.2831050228310501e-03 2.2831050228310501e-03 0. 0.
    4.5662100456621002e-03 0. 2.2831050228310501e-03
    4.5662100456621002e-03 0. 0. 0. 0. 0. 2.2831050228310501e-03
    2.2831050228310501e-03 2.2831050228310501e-03 2.2831050228310501e-03
    0. 0. 0. 0. 0. 0. 2.2831050228310501e-03 6.8493150684931503e-03
    4.5662100456621002e-03 2.2831050228310501e-03 2.2831050228310501e-03
    2.2831050228310501e-03 2.2831050228310501e-03 2.2831050228310501e-03
    2.2831050228310501e-03 0. 6.8493150684931503e-03 0.
    4.5662100456621002e-03 2.2831050228310501e-03 0. 0.
    2.2831050228310501e-03 4.5662100456621002e-03 2.2831050228310501e-03
    2.2831050228310501e-03 0. 1.5981735159817351e-02
    6.8493150684931503e-03 0. 2.2831050228310501e-03
    2.2831050228310501e-03 0. 2.2831050228310501e-03
    1.3698630136986301e-02 4.5662100456621002e-03 6.8493150684931503e-03
    2.2831050228310501e-03 0. 2.2831050228310501e-03 0. 0. 0. 0. 0.
    1.1415525114155251e-02 1.1415525114155251e-02 1.1415525114155251e-02
    2.2831050228310501e-03 0. 9.1324200913242004e-03 0.
    2.2831050228310501e-03 0. 2.2831050228310501e-03
    6.8493150684931503e-03 4.5662100456621002e-03 6.8493150684931503e-03
    0. 2.2831050228310501e-03 0. 0. 0. 0. 0. 1.1415525114155251e-02
    1.1415525114155251e-02 2.5114155251141551e-02 2.5114155251141551e-02
    9.1324200913242004e-03 4.5662100456621002e-03 2.2831050228310501e-03
    0. 0. 0. 6.8493150684931503e-03 0. 6.8493150684931503e-03 0.
    2.2831050228310501e-03 0. 6.8493150684931503e-03 0. 0. 0.
    6.8493150684931503e-03 1.3698630136986301e-02 1.1415525114155251e-02
    2.2831050228310501e-02 2.2831050228310501e-03 9.1324200913242004e-03
    0. 0. 0. 0. 6.8493150684931503e-03 1.1415525114155251e-02
    2.2831050228310501e-03 4.5662100456621002e-03 2.2831050228310501e-03
    0. 0. 0. 0. 2.2831050228310501e-03 9.1324200913242004e-03
    1.1415525114155251e-02 1.1415525114155251e-02 9.1324200913242004e-03
    1.1415525114155251e-02 9.1324200913242004e-03 0. 0.
    2.2831050228310501e-03 2.2831050228310501e-03 6.8493150684931503e-03
    0. 0. 0. 0. 0. 2.2831050228310501e-03 2.2831050228310501e-03
    2.2831050228310501e-03 6.8493150684931503e-03 2.2831050228310501e-03
    2.2831050228310501e-03 9.1324200913242004e-03 4.5662100456621002e-03
    0. 9.1324200913242004e-03 0. 0. 0. 0. 2.2831050228310501e-03
    2.2831050228310501e-03 2.2831050228310501e-03 2.2831050228310501e-03
    2.2831050228310501e-03 0. 0. 2.2831050228310501e-03
    2.2831050228310501e-03 0. 0. 4.5662100456621002e-03
    6.8493150684931503e-03 6.8493150684931503e-03 0. 0.
    2.2831050228310501e-03 4.5662100456621002e-03 2.2831050228310501e-03
    2.2831050228310501e-03 2.2831050228310501e-03 6.8493150684931503e-03
    2.2831050228310501e-03 0. 0. 0. 2.2831050228310501e-03 0. 0.
    2.2831050228310501e-03 6.8493150684931503e-03 0.
    2.2831050228310501e-03 0. 2.2831050228310501e-03 0. 0. 0. 0. 0.
    2.2831050228310501e-03 6.8493150684931503e-03 4.5662100456621002e-03
    0. 0. 6.8493150684931503e-03 6.8493150684931503e-03
    2.2831050228310501e-03 0. 4.5662100456621002e-03 0.
    4.5662100456621002e-03 2.2831050228310501e-03 4.5662100456621002e-03
    0. 2.2831050228310501e-03 2.2831050228310501e-03 0. 0. 0. 0. 0.
    6.8493150684931503e-03 2.2831050228310501e-03 6.8493150684931503e-03
    2.2831050228310501e-03 6.8493150684931503e-03 6.8493150684931503e-03
    0. 0. 2.2831050228310501e-03 2.2831050228310501e-03
    2.2831050228310501e-03 4.5662100456621002e-03 6.8493150684931503e-03
    0. 0. 0. 0. 0. 0. 0. 0. 2.2831050228310501e-03 0.
    2.2831050228310501e-03 2.2831050228310501e-03 0. 0.
    2.2831050228310501e-03 0. 0. 4.5662100456621002e-03 0. 0.
    6.8493150684931503e-03 2.2831050228310501e-03 0. 0. 0. 0. 0.
    4.5662100456621002e-03 0. 6.8493150684931503e-03
    4.5662100456621002e-03 2.2831050228310501e-03 0.
    2.2831050228310501e-03 0. 4.5662100456621002e-03 0. 0.
    2.2831050228310501e-03 0. 0. 0. 0. 0. 2.2831050228310501e-03 0.
    2.2831050228310501e-03 0. 0. 0. 0. 2.2831050228310501e-03
    2.2831050228310501e-03 0. 0. 0. 0. 0. 2.2831050228310501e-03
    4.5662100456621002e-03 0. 0.</data></shoes>
</opencv_storage>
