<?xml version="1.0"?>
<opencv_storage>
<shower type_id="opencv-matrix">
  <rows>20</rows>
  <cols>20</cols>
  <dt>d</dt>
  <data>
    0. 0. 0. 1.6447368421052631e-03 0. 0. 0. 0. 1.6447368421052631e-03
    9.8684210526315784e-03 9.8684210526315784e-03 1.3157894736842105e-02
    3.2894736842105261e-03 1.6447368421052631e-03 1.6447368421052631e-03
    0. 3.2894736842105261e-03 3.2894736842105261e-03
    1.6447368421052631e-03 0. 3.2894736842105261e-03
    4.9342105263157892e-03 0. 0. 1.6447368421052631e-03
    1.6447368421052631e-03 3.2894736842105261e-03 4.9342105263157892e-03
    4.9342105263157892e-03 1.6447368421052631e-03 6.5789473684210523e-03
    3.2894736842105261e-03 1.6447368421052631e-03 4.9342105263157892e-03
    1.6447368421052631e-03 4.9342105263157892e-03 8.2236842105263153e-03
    1.6447368421052631e-03 6.5789473684210523e-03 4.9342105263157892e-03
    0. 1.6447368421052631e-03 1.6447368421052631e-03 0. 0. 0. 0.
    3.2894736842105261e-03 0. 6.5789473684210523e-03
    6.5789473684210523e-03 1.6447368421052631e-03 1.6447368421052631e-03
    0. 4.9342105263157892e-03 3.2894736842105261e-03
    6.5789473684210523e-03 0. 3.2894736842105261e-03
    3.2894736842105261e-03 0. 0. 0. 0. 1.6447368421052631e-03 0. 0.
    1.6447368421052631e-03 0. 1.4802631578947368e-02
    9.8684210526315784e-03 3.2894736842105261e-03 1.6447368421052631e-03
    3.2894736842105261e-03 3.2894736842105261e-03 3.2894736842105261e-03
    3.2894736842105261e-03 1.6447368421052631e-03 0. 0. 0.
    4.9342105263157892e-03 0. 0. 0. 1.6447368421052631e-03 0. 0.
    4.9342105263157892e-03 6.5789473684210523e-03 8.2236842105263153e-03
    1.6447368421052631e-03 3.2894736842105261e-03 3.2894736842105261e-03
    1.6447368421052631e-03 4.9342105263157892e-03 1.6447368421052631e-03
    1.6447368421052631e-03 3.2894736842105261e-03 1.6447368421052631e-03
    0. 1.6447368421052631e-03 0. 3.2894736842105261e-03 0. 0. 0. 0.
    4.9342105263157892e-03 4.9342105263157892e-03 3.2894736842105261e-03
    4.9342105263157892e-03 0. 1.6447368421052631e-03
    3.2894736842105261e-03 1.6447368421052631e-03 8.2236842105263153e-03
    1.6447368421052631e-03 3.2894736842105261e-03 1.6447368421052631e-03
    0. 0. 0. 0. 1.6447368421052631e-03 6.5789473684210523e-03 0. 0. 0.
    1.6447368421052631e-03 4.9342105263157892e-03 0. 0.
    3.2894736842105261e-03 6.5789473684210523e-03 0.
    4.9342105263157892e-03 4.9342105263157892e-03 3.2894736842105261e-03
    1.6447368421052631e-03 0. 1.6447368421052631e-03
    1.6447368421052631e-03 3.2894736842105261e-03 3.2894736842105261e-03
    0. 0. 0. 1.6447368421052631e-03 0. 3.2894736842105261e-03
    1.6447368421052631e-03 1.6447368421052631e-03 0.
    4.9342105263157892e-03 1.6447368421052631e-03 3.2894736842105261e-03
    1.6447368421052631e-03 3.2894736842105261e-03 3.2894736842105261e-03
    0. 0. 8.2236842105263153e-03 1.6447368421052631e-03
    3.2894736842105261e-03 1.6447368421052631e-03 1.6447368421052631e-03
    0. 0. 0. 0. 0. 1.6447368421052631e-03 3.2894736842105261e-03
    4.9342105263157892e-03 4.9342105263157892e-03 3.2894736842105261e-03
    6.5789473684210523e-03 4.9342105263157892e-03 4.9342105263157892e-03
    0. 4.9342105263157892e-03 0. 0. 8.2236842105263153e-03
    6.5789473684210523e-03 1.6447368421052631e-03 1.6447368421052631e-03
    8.2236842105263153e-03 2.1381578947368422e-02 1.3157894736842105e-02
    1.6447368421052631e-03 0. 3.2894736842105261e-03
    1.6447368421052631e-03 4.9342105263157892e-03 9.8684210526315784e-03
    8.2236842105263153e-03 1.4802631578947368e-02 4.9342105263157892e-03
    1.6447368421052631e-03 3.2894736842105261e-03 3.2894736842105261e-03
    1.3157894736842105e-02 3.2894736842105261e-03 1.6447368421052631e-03
    0. 0. 1.6447368421052631e-03 1.0526315789473684e-01
    4.1118421052631582e-02 0. 0. 3.2894736842105261e-03
    1.6447368421052631e-03 1.6447368421052631e-02 1.6447368421052631e-03
    6.5789473684210523e-03 4.9342105263157892e-03 0.
    4.9342105263157892e-03 0. 0. 4.9342105263157892e-03
    1.6447368421052631e-03 8.2236842105263153e-03 0. 0.
    1.6447368421052631e-03 3.2894736842105261e-03 4.9342105263157892e-03
    1.6447368421052631e-03 1.6447368421052631e-03 1.6447368421052631e-03
    1.6447368421052631e-03 1.6447368421052631e-03 0.
    1.6447368421052631e-03 3.2894736842105261e-03 3.2894736842105261e-03
    1.6447368421052631e-03 0. 3.2894736842105261e-03
    1.6447368421052631e-03 0. 1.6447368421052631e-03 0. 0.
    1.6447368421052631e-03 0. 1.6447368421052631e-03 0.
    6.5789473684210523e-03 1.6447368421052631e-03 3.2894736842105261e-03
    3.2894736842105261e-03 1.6447368421052631e-03 3.2894736842105261e-03
    0. 3.2894736842105261e-03 0. 1.6447368421052631e-03 0. 0.
    1.6447368421052631e-03 0. 0. 0. 0. 0. 3.2894736842105261e-03 0. 0.
    0. 1.6447368421052631e-03 1.6447368421052631e-03 0. 0.
    1.6447368421052631e-03 0. 0. 0. 1.6447368421052631e-03 0. 0. 0. 0.
    0. 0. 1.6447368421052631e-03 3.2894736842105261e-03 0. 0.
    4.9342105263157892e-03 0. 0. 3.2894736842105261e-03 0. 0. 0. 0. 0.
    0. 0. 0. 1.6447368421052631e-03 3.2894736842105261e-03 0.
    1.6447368421052631e-03 0. 6.5789473684210523e-03
    4.9342105263157892e-03 6.5789473684210523e-03 4.9342105263157892e-03
    1.6447368421052631e-03 1.6447368421052631e-03 0. 0. 0.
    1.6447368421052631e-03 1.6447368421052631e-03 0.
    1.6447368421052631e-03 1.6447368421052631e-03 0. 0. 0. 0.
    1.6447368421052631e-03 4.9342105263157892e-03 4.9342105263157892e-03
    3.2894736842105261e-03 0. 0. 1.6447368421052631e-03 0.
    1.6447368421052631e-03 1.6447368421052631e-03 1.6447368421052631e-03
    1.6447368421052631e-03 0. 3.2894736842105261e-03 0.
    1.6447368421052631e-03 0. 0. 0. 1.6447368421052631e-03 0.
    3.2894736842105261e-03 0. 3.2894736842105261e-03 0.
    1.6447368421052631e-03 0. 0. 3.2894736842105261e-03
    1.6447368421052631e-03 3.2894736842105261e-03 0. 0. 0.
    1.6447368421052631e-03 0. 0. 0. 0. 9.8684210526315784e-03 0. 0.
    1.6447368421052631e-03 1.6447368421052631e-03 1.6447368421052631e-03
    0. 0. 1.6447368421052631e-03 0. 0. 0. 3.2894736842105261e-03 0. 0.
    1.6447368421052631e-03 0. 0. 0. 1.6447368421052631e-03 0.
    4.9342105263157892e-03 4.9342105263157892e-03 0. 0.
    1.6447368421052631e-03 0. 3.2894736842105261e-03
    1.6447368421052631e-03 0. 1.6447368421052631e-03
    3.2894736842105261e-03 3.2894736842105261e-03</data></shower>
</opencv_storage>
