<?xml version="1.0"?>
<opencv_storage>
<single_bed type_id="opencv-matrix">
  <rows>20</rows>
  <cols>20</cols>
  <dt>d</dt>
  <data>
    1.0280133641737343e-04 2.8270367514777691e-04 2.8270367514777691e-04
    2.3130300693909020e-04 2.3130300693909020e-04 2.5700334104343357e-04
    3.0840400925212025e-04 1.2850167052171678e-03 1.0537136982780777e-03
    9.5091236186070419e-03 9.1493189411462356e-03 1.1308147005911076e-03
    6.9390902081727058e-04 5.3970701619121054e-04 5.3970701619121054e-04
    8.4811102544333074e-04 6.6820868671292730e-04 8.9951169365201753e-04
    7.1960935492161398e-04 5.9110768439989722e-04 2.5700334104343357e-04
    3.3410434335646365e-04 3.0840400925212025e-04 2.5700334104343357e-04
    3.5980467746080699e-04 2.5700334104343357e-04 5.6540735029555382e-04
    1.5163197121562579e-03 1.4392187098432280e-03 1.0048830634798252e-02
    9.4063222821896691e-03 9.2521202775636081e-04 8.9951169365201753e-04
    5.6540735029555382e-04 6.6820868671292730e-04 4.6260601387818041e-04
    6.4250835260858390e-04 1.1308147005911076e-03 8.9951169365201753e-04
    8.7381135954767413e-04 3.3410434335646365e-04 2.5700334104343357e-04
    6.6820868671292730e-04 2.5700334104343357e-04 1.7990233873040349e-04
    1.5420200462606013e-04 6.6820868671292730e-04 1.3107170393215112e-03
    2.0303263942431250e-03 7.4530968902595737e-03 6.9390902081727058e-03
    1.3107170393215112e-03 8.2241069133898745e-04 7.4530968902595737e-04
    5.1400668208686714e-04 6.1680801850424051e-04 6.9390902081727058e-04
    1.1565150346954510e-03 9.2521202775636081e-04 9.5091236186070421e-04
    2.5700334104343357e-04 2.3130300693909020e-04 1.7990233873040349e-04
    2.3130300693909020e-04 1.2850167052171679e-04 7.7101002313030063e-05
    6.4250835260858390e-04 1.2079157029041378e-03 1.3107170393215112e-03
    4.5232588023644306e-03 3.9835517861732204e-03 7.1960935492161398e-04
    7.4530968902595737e-04 3.5980467746080699e-04 5.9110768439989722e-04
    4.6260601387818041e-04 8.4811102544333074e-04 9.7661269596504749e-04
    8.4811102544333074e-04 4.3690567977383707e-04 1.7990233873040349e-04
    1.0280133641737343e-04 2.0560267283474686e-04 1.0280133641737343e-04
    1.7990233873040349e-04 1.5420200462606013e-04 4.6260601387818041e-04
    6.9390902081727058e-04 8.4811102544333074e-04 2.8270367514777691e-03
    3.1868414289385762e-03 5.9110768439989722e-04 4.1120534566949372e-04
    3.5980467746080699e-04 3.0840400925212025e-04 7.4530968902595737e-04
    6.4250835260858390e-04 8.7381135954767413e-04 8.7381135954767413e-04
    5.1400668208686714e-04 1.7990233873040349e-04 1.7990233873040349e-04
    1.0280133641737343e-04 1.2850167052171679e-04 7.7101002313030063e-05
    3.8550501156515033e-04 4.1120534566949372e-04 4.1120534566949372e-04
    4.1120534566949372e-04 8.4811102544333074e-04 8.2241069133898745e-04
    3.8550501156515033e-04 2.8270367514777691e-04 3.5980467746080699e-04
    3.8550501156515033e-04 3.3410434335646365e-04 2.5700334104343357e-04
    3.5980467746080699e-04 7.7101002313030066e-04 7.1960935492161398e-04
    3.3410434335646365e-04 2.8270367514777691e-04 3.0840400925212025e-04
    2.5700334104343357e-04 4.6260601387818041e-04 1.7990233873040349e-04
    2.5700334104343357e-04 1.5420200462606013e-04 4.3690567977383707e-04
    4.8830634798252375e-04 7.4530968902595737e-04 1.2850167052171679e-04
    2.0560267283474686e-04 7.7101002313030063e-05 1.2850167052171679e-04
    5.3970701619121054e-04 1.5420200462606013e-04 8.9951169365201753e-04
    6.9390902081727058e-04 1.0023130300693909e-03 6.4250835260858390e-04
    4.6260601387818041e-04 5.6540735029555382e-04 2.3130300693909020e-04
    3.5980467746080699e-04 7.7101002313030063e-05 2.5700334104343358e-05
    2.0560267283474686e-04 1.7990233873040349e-04 3.0840400925212025e-04
    3.0840400925212025e-04 2.3130300693909020e-04 2.5700334104343357e-04
    1.2850167052171679e-04 7.7101002313030063e-05 3.3410434335646365e-04
    8.2241069133898745e-04 7.7101002313030066e-04 1.6705217167823181e-03
    1.5163197121562579e-03 3.5980467746080699e-04 6.4250835260858390e-04
    4.3690567977383707e-04 2.8270367514777691e-04 6.1680801850424051e-04
    1.7990233873040349e-04 2.3130300693909020e-04 1.0280133641737343e-04
    1.7990233873040349e-04 3.8550501156515033e-04 1.2593163711128244e-03
    2.5700334104343357e-04 1.5420200462606013e-04 3.3410434335646365e-04
    2.3130300693909020e-04 8.4811102544333074e-04 9.7661269596504749e-04
    1.3364173734258546e-03 1.4135183757388846e-03 1.6705217167823181e-03
    1.0794140323824211e-03 1.9018247237214084e-03 1.3364173734258546e-03
    9.2521202775636081e-04 1.0794140323824211e-03 6.9390902081727058e-04
    3.8550501156515033e-04 1.5420200462606013e-04 7.1960935492161398e-04
    7.9542534052942690e-02 1.6183500385505012e-01 4.6260601387818041e-04
    3.3410434335646365e-04 2.3130300693909020e-04 4.8830634798252375e-04
    1.1565150346954510e-03 1.5163197121562579e-03 3.0069390902081727e-03
    3.3410434335646362e-03 2.8527370855821127e-03 1.3364173734258546e-03
    1.5163197121562579e-03 1.3364173734258546e-03 1.0023130300693909e-03
    8.9951169365201753e-04 4.3690567977383707e-04 3.5980467746080699e-04
    3.0840400925212025e-04 4.1120534566949372e-04 1.1649961449498844e-01
    2.7892572603443844e-01 8.2241069133898745e-04 1.5420200462606013e-04
    3.5980467746080699e-04 8.4811102544333074e-04 1.2336160370084810e-03
    1.6448213826779749e-03 2.9812387561038295e-03 3.2896427653559498e-03
    2.3387304034952453e-03 4.8830634798252375e-04 6.1680801850424051e-04
    5.1400668208686714e-04 4.3690567977383707e-04 6.1680801850424051e-04
    3.3410434335646365e-04 1.5420200462606013e-04 1.7990233873040349e-04
    2.5700334104343357e-04 4.8830634798252375e-04 1.3107170393215112e-03
    2.5700334104343357e-04 1.5420200462606013e-04 1.2850167052171679e-04
    2.0560267283474686e-04 6.4250835260858390e-04 5.9110768439989722e-04
    1.0023130300693909e-03 1.7733230531996917e-03 1.3107170393215112e-03
    2.8270367514777691e-04 4.1120534566949372e-04 5.6540735029555382e-04
    1.5420200462606013e-04 1.0280133641737343e-04 7.7101002313030063e-05
    7.7101002313030063e-05 2.5700334104343357e-04 5.1400668208686716e-05
    3.0840400925212025e-04 3.0840400925212025e-04 2.8270367514777691e-04
    2.3130300693909020e-04 1.0280133641737343e-04 1.0280133641737343e-04
    3.5980467746080699e-04 3.5980467746080699e-04 1.0280133641737343e-03
    1.1822153687997944e-03 1.4392187098432280e-03 2.3130300693909020e-04
    3.3410434335646365e-04 3.5980467746080699e-04 1.7990233873040349e-04
    4.8830634798252375e-04 1.7990233873040349e-04 1.0280133641737343e-04
    1.5420200462606013e-04 2.8270367514777691e-04 3.5980467746080699e-04
    9.2521202775636081e-04 3.0840400925212025e-04 1.5420200462606013e-04
    1.5420200462606013e-04 1.2850167052171679e-04 5.1400668208686714e-04
    6.9390902081727058e-04 5.3970701619121054e-04 7.9671035723464405e-04
    8.4811102544333074e-04 7.7101002313030063e-05 3.5980467746080699e-04
    2.5700334104343357e-04 1.2850167052171679e-04 2.5700334104343357e-04
    2.3130300693909020e-04 4.6260601387818041e-04 3.0840400925212025e-04
    4.8830634798252375e-04 8.7381135954767413e-04 7.9671035723464405e-04
    1.7990233873040349e-04 1.5420200462606013e-04 5.6540735029555382e-04
    3.8550501156515033e-04 3.5980467746080699e-04 5.6540735029555382e-04
    6.1680801850424051e-04 6.9390902081727058e-04 6.4250835260858390e-04
    1.5420200462606013e-04 1.5420200462606013e-04 1.5420200462606013e-04
    2.3130300693909020e-04 2.0560267283474686e-04 1.2850167052171679e-04
    5.1400668208686714e-04 9.5091236186070421e-04 1.2593163711128244e-03
    2.5443330763299924e-03 3.6494474428167565e-03 4.6260601387818041e-04
    3.0840400925212025e-04 2.0560267283474686e-04 4.8830634798252375e-04
    5.6540735029555382e-04 4.8830634798252375e-04 6.6820868671292730e-04
    6.6820868671292730e-04 9.5091236186070421e-04 5.1400668208686716e-05
