<?xml version="1.0"?>
<opencv_storage>
<sink type_id="opencv-matrix">
  <rows>20</rows>
  <cols>20</cols>
  <dt>d</dt>
  <data>
    4.1305245766212311e-04 1.6522098306484924e-03 4.1305245766212311e-04
    0. 2.0652622883106154e-03 0. 4.1305245766212311e-04
    4.1305245766212311e-04 1.2391573729863693e-03 2.8913672036348617e-03
    2.8913672036348617e-03 2.4783147459727386e-03 3.3044196612969849e-03
    1.2391573729863693e-03 1.2391573729863693e-03 4.1305245766212311e-04
    1.2391573729863693e-03 3.3044196612969849e-03 2.4783147459727386e-03
    8.2610491532424622e-04 2.4783147459727386e-03 1.2391573729863693e-03
    1.2391573729863693e-03 4.1305245766212311e-04 8.2610491532424622e-04
    8.2610491532424622e-04 4.1305245766212311e-04 8.2610491532424622e-04
    4.1305245766212311e-04 1.6522098306484924e-03 4.5435770342833540e-03
    4.1305245766212308e-03 5.3696819496076003e-03 3.7174721189591076e-03
    3.7174721189591076e-03 1.2391573729863693e-03 1.6522098306484924e-03
    2.4783147459727386e-03 3.3044196612969849e-03 3.3044196612969849e-03
    4.1305245766212311e-04 0. 8.2610491532424622e-04
    8.2610491532424622e-04 4.1305245766212311e-04 1.6522098306484924e-03
    1.2391573729863693e-03 8.2610491532424622e-04 0.
    8.2610491532424622e-04 2.0652622883106154e-03 3.3044196612969849e-03
    4.9566294919454771e-03 8.2610491532424622e-04 2.8913672036348617e-03
    1.6522098306484924e-03 2.8913672036348617e-03 6.1957868649318466e-03
    2.0652622883106154e-03 2.4783147459727386e-03 1.6522098306484924e-03
    4.1305245766212311e-04 1.2391573729863693e-03 1.6522098306484924e-03
    2.0652622883106154e-03 4.1305245766212311e-04 2.8913672036348617e-03
    8.2610491532424622e-04 4.1305245766212311e-04 4.5435770342833540e-03
    2.8913672036348617e-03 6.1957868649318466e-03 4.5435770342833540e-03
    2.8913672036348617e-03 1.6522098306484924e-03 2.4783147459727386e-03
    2.0652622883106154e-03 2.0652622883106154e-03 2.4783147459727386e-03
    2.8913672036348617e-03 2.4783147459727386e-03 0.
    8.2610491532424622e-04 0. 8.2610491532424622e-04
    1.6522098306484924e-03 4.1305245766212311e-04 4.1305245766212311e-04
    8.2610491532424622e-04 5.7827344072697235e-03 3.3044196612969849e-03
    4.5435770342833540e-03 6.1957868649318466e-03 4.1305245766212308e-03
    2.4783147459727386e-03 3.3044196612969849e-03 2.8913672036348617e-03
    3.7174721189591076e-03 4.1305245766212308e-03 2.0652622883106154e-03
    8.2610491532424622e-04 2.0652622883106154e-03 4.5435770342833540e-03
    4.1305245766212311e-04 4.1305245766212311e-04 4.1305245766212311e-04
    1.2391573729863693e-03 4.1305245766212311e-04 1.2391573729863693e-03
    2.0652622883106154e-03 6.1957868649318466e-03 4.9566294919454771e-03
    6.6088393225939698e-03 8.2610491532424622e-04 2.8913672036348617e-03
    3.7174721189591076e-03 4.9566294919454771e-03 2.0652622883106154e-03
    4.1305245766212308e-03 3.3044196612969849e-03 3.3044196612969849e-03
    2.0652622883106154e-03 2.0652622883106154e-03 0.
    2.0652622883106154e-03 8.2610491532424622e-04 2.4783147459727386e-03
    4.1305245766212311e-04 8.2610491532424622e-04 3.7174721189591076e-03
    4.1305245766212311e-04 5.3696819496076003e-03 1.0739363899215201e-02
    4.1305245766212308e-03 4.1305245766212308e-03 3.3044196612969849e-03
    3.7174721189591076e-03 3.7174721189591076e-03 2.8913672036348617e-03
    3.3044196612969849e-03 1.2391573729863693e-03 1.2391573729863693e-03
    8.2610491532424622e-04 2.0652622883106154e-03 2.0652622883106154e-03
    2.4783147459727386e-03 2.4783147459727386e-03 1.2391573729863693e-03
    1.2391573729863693e-03 1.6522098306484924e-03 1.2391573729863693e-03
    8.2610491532424622e-04 7.4349442379182153e-03 4.1305245766212308e-03
    8.2610491532424622e-04 2.8913672036348617e-03 4.5435770342833540e-03
    2.8913672036348617e-03 2.0652622883106154e-03 1.6522098306484924e-03
    3.3044196612969849e-03 1.2391573729863693e-03 0.
    4.1305245766212308e-03 1.2391573729863693e-03 8.2610491532424622e-04
    8.2610491532424622e-04 1.2391573729863693e-03 4.1305245766212311e-04
    8.2610491532424622e-04 4.1305245766212308e-03 4.1305245766212311e-04
    9.0871540685667079e-03 1.2391573729863693e-03 2.0652622883106154e-03
    4.5435770342833540e-03 2.0652622883106154e-03 4.9566294919454771e-03
    4.9566294919454771e-03 2.8913672036348617e-03 1.6522098306484924e-03
    8.2610491532424622e-04 1.2391573729863693e-03 2.4783147459727386e-03
    1.6522098306484924e-03 2.0652622883106154e-03 1.2391573729863693e-03
    1.6522098306484924e-03 0. 8.2610491532424622e-04
    8.2610491532424622e-04 3.3044196612969849e-03 2.1065675340768277e-02
    3.3044196612969849e-03 4.1305245766212308e-03 4.5435770342833540e-03
    4.1305245766212308e-03 3.7174721189591076e-03 4.5435770342833540e-03
    4.5435770342833540e-03 1.6522098306484924e-03 1.2391573729863693e-03
    2.4783147459727386e-03 2.0652622883106154e-03 2.8913672036348617e-03
    0. 1.2391573729863693e-03 5.7827344072697235e-03
    4.1305245766212311e-04 8.2610491532424622e-04 0.
    6.1957868649318466e-03 3.7587773647253200e-02 7.8479966955803393e-03
    2.0652622883106154e-03 3.3044196612969849e-03 5.7827344072697235e-03
    7.4349442379182153e-03 7.0218917802560921e-03 2.4783147459727386e-03
    1.6522098306484924e-03 4.1305245766212311e-04 2.4783147459727386e-03
    1.2391573729863693e-03 4.1305245766212311e-04 0.
    4.1305245766212311e-04 1.2391573729863693e-03 4.1305245766212311e-04
    4.1305245766212311e-04 8.2610491532424622e-04 0.
    4.5435770342833540e-03 3.3044196612969849e-03 2.4783147459727386e-03
    1.6522098306484924e-03 4.5435770342833540e-03 3.7174721189591076e-03
    2.8913672036348617e-03 5.3696819496076003e-03 1.2391573729863693e-03
    8.2610491532424622e-04 1.6522098306484924e-03 1.2391573729863693e-03
    4.1305245766212311e-04 8.2610491532424622e-04 0. 0.
    4.1305245766212311e-04 2.0652622883106154e-03 6.6088393225939698e-03
    2.4783147459727386e-03 3.3044196612969849e-03 1.6522098306484924e-03
    6.6088393225939698e-03 3.3044196612969849e-03 2.8913672036348617e-03
    4.5435770342833540e-03 4.9566294919454771e-03 5.7827344072697235e-03
    1.2391573729863693e-03 8.2610491532424622e-04 2.8913672036348617e-03
    2.0652622883106154e-03 2.4783147459727386e-03 2.0652622883106154e-03
    2.8913672036348617e-03 4.1305245766212311e-04 1.2391573729863693e-03
    4.5435770342833540e-03 2.0652622883106154e-03 7.4349442379182153e-03
    9.0871540685667079e-03 2.8913672036348617e-03 0.
    4.1305245766212308e-03 6.6088393225939698e-03 1.6522098306484924e-03
    4.1305245766212308e-03 5.7827344072697235e-03 1.2391573729863693e-03
    0. 3.7174721189591076e-03 8.2610491532424622e-04
    2.8913672036348617e-03 8.2610491532424622e-04 8.2610491532424622e-04
    4.1305245766212311e-04 4.1305245766212311e-04 2.0652622883106154e-03
    4.5435770342833540e-03 6.6088393225939698e-03 9.5002065262288302e-03
    4.9566294919454771e-03 2.8913672036348617e-03 2.4783147459727386e-03
    2.8913672036348617e-03 4.5435770342833540e-03 4.1305245766212308e-03
    8.2610491532424622e-04 1.2391573729863693e-03 4.1305245766212311e-04
    1.2391573729863693e-03 8.2610491532424622e-04 1.2391573729863693e-03
    2.0652622883106154e-03 1.6522098306484924e-03 8.2610491532424622e-04
    8.2610491532424622e-04 1.2391573729863693e-03 4.5435770342833540e-03
    3.7174721189591076e-03 4.1305245766212308e-03 3.3044196612969849e-03
    2.8913672036348617e-03 3.7174721189591076e-03 3.3044196612969849e-03
    4.5435770342833540e-03 4.5435770342833540e-03 1.6522098306484924e-03
    8.2610491532424622e-04 0. 2.0652622883106154e-03
    4.1305245766212311e-04 8.2610491532424622e-04 1.2391573729863693e-03
    4.1305245766212311e-04 4.1305245766212311e-04 8.2610491532424622e-04
    4.1305245766212311e-04 6.6088393225939698e-03 3.3044196612969849e-03
    4.5435770342833540e-03 2.4783147459727386e-03 8.2610491532424622e-04
    2.0652622883106154e-03 3.3044196612969849e-03 1.2391573729863693e-03
