<?xml version="1.0"?>
<opencv_storage>
<sofa type_id="opencv-matrix">
  <rows>20</rows>
  <cols>20</cols>
  <dt>d</dt>
  <data>
    5.4895569755972033e-04 5.4895569755972033e-04 3.2594244542608395e-04
    5.6611056310846165e-04 4.3744907149290217e-04 5.0606853368786726e-04
    5.8326542865720285e-04 4.8891366813912595e-04 9.5209503795514003e-04
    2.4788780717931122e-03 2.5903846978599307e-03 1.8441480464896857e-03
    1.7669511515203500e-03 1.8441480464896857e-03 1.8184157481665737e-03
    2.0328515675258397e-03 2.2558648196594759e-03 2.2129776557876226e-03
    2.1186258952695458e-03 2.0328515675258397e-03 5.9184286143157351e-04
    6.0899772698031482e-04 7.0334948749839173e-04 4.3744907149290217e-04
    5.4037826478534978e-04 4.0313934039541965e-04 5.0606853368786726e-04
    5.6611056310846165e-04 1.0035596346013639e-03 3.4223956769738819e-03
    3.9541965089848604e-03 2.1958227902388813e-03 1.9813869708796158e-03
    1.9299223742333920e-03 2.9249045760603850e-03 2.8734399794141615e-03
    3.3108890509070633e-03 3.1993824248402452e-03 3.6368314963331474e-03
    2.7876656516704549e-03 5.1464596646223781e-04 5.8326542865720285e-04
    7.4623665137024491e-04 6.8619462194965052e-04 5.2322339923660847e-04
    4.2887163871853156e-04 1.2094180211862590e-03 3.3451987820045460e-04
    3.6882960929793713e-04 1.7669511515203500e-03 2.3673714457262940e-03
    1.2866149161555947e-03 1.4667410044173778e-03 1.5782476304841962e-03
    2.3416391474031821e-03 3.5853668996869239e-03 3.4824377063944760e-03
    4.9749110091349656e-03 2.7619333533473430e-03 2.1443581935926578e-03
    5.3180083201097913e-04 6.1757515975468537e-04 1.6125573615816786e-03
    7.8912381524209809e-04 5.5753313033409099e-04 3.6882960929793713e-04
    3.4309731097482526e-04 1.5439378993867134e-04 3.3451987820045460e-04
    2.8133979499935669e-03 2.7619333533473430e-03 1.0550242312475876e-03
    9.9498220182699321e-04 1.3723892438993010e-03 1.8956126431359094e-03
    3.0878757987734271e-03 3.8169575845949308e-03 4.8376720847450360e-03
    2.3587940129519234e-03 1.9213449414590214e-03 1.0035596346013639e-03
    4.9749110091349661e-04 1.0121370673757345e-03 3.6882960929793713e-04
    4.2887163871853156e-04 2.5732298323111891e-04 2.4874555045674830e-04
    2.7447784877986017e-04 2.5732298323111891e-04 2.3587940129519234e-03
    2.8219753827679376e-03 6.0899772698031482e-04 8.4916584466269247e-04
    7.9770124801646863e-04 1.4066989749967835e-03 2.4703006390187415e-03
    2.2901745507569586e-03 2.3759488785006647e-03 1.9728095381052451e-03
    2.2387099541107346e-03 4.6318136981601408e-04 4.6318136981601408e-04
    5.4895569755972033e-04 5.1464596646223781e-04 4.2887163871853156e-04
    4.1171677316979030e-04 2.3159068490800704e-04 2.3159068490800704e-04
    3.1736501265171334e-04 1.4924733027404898e-03 1.9384998070077625e-03
    4.5460393704164343e-04 3.3451987820045460e-04 5.7468799588283230e-04
    1.2694600506068534e-03 1.2523051850581121e-03 1.3809666766736715e-03
    1.4238538405455248e-03 1.6554445254535317e-03 1.3466569455761891e-03
    4.7175880259038469e-04 4.8891366813912595e-04 5.4037826478534978e-04
    3.9456190762104904e-04 3.4309731097482526e-04 2.4016811768237767e-04
    1.6297122271304197e-04 1.8012608826178326e-04 5.3180083201097913e-04
    9.0063044130891620e-04 1.1836857228631470e-03 7.7196894969335677e-04
    3.0878757987734269e-04 4.0313934039541965e-04 5.2322339923660847e-04
    7.0334948749839173e-04 6.8619462194965052e-04 9.6067247072951069e-04
    1.0807565295706996e-03 1.2780374833812240e-03 5.6611056310846165e-04
    4.6318136981601408e-04 4.5460393704164343e-04 4.1171677316979030e-04
    3.1736501265171334e-04 1.8870352103615389e-04 2.3159068490800704e-04
    6.3473002530342669e-04 6.0899772698031482e-04 8.1485611356520995e-04
    1.3552343783505597e-03 1.8012608826178324e-03 5.8326542865720285e-04
    2.8305528155423082e-04 2.1443581935926578e-04 4.7175880259038469e-04
    5.1464596646223781e-04 6.6903975640090921e-04 1.0979113951194407e-03
    1.2608826178324827e-03 6.8619462194965052e-04 6.3473002530342669e-04
    7.2050435304713304e-04 6.0899772698031482e-04 4.0313934039541965e-04
    3.0878757987734269e-04 2.4016811768237767e-04 6.7761718917527987e-04
    1.4667410044173778e-03 1.1407985589912940e-03 1.8355706137153150e-03
    2.5474975339880774e-03 8.5774327743706313e-04 2.4016811768237767e-04
    3.4309731097482526e-04 3.4309731097482526e-04 5.7468799588283230e-04
    5.3180083201097913e-04 9.7782733627825190e-04 1.0893339623450702e-03
    1.6640219582279023e-03 1.6983316893253849e-03 3.2422695887120985e-03
    1.1579534245400353e-03 8.6632071021143368e-04 6.6046232362653855e-04
    5.7468799588283230e-04 8.1485611356520995e-04 1.8698803448127974e-03
    5.3368786722134062e-02 1.0356392331775099e-01 3.5853668996869239e-03
    9.1778530685765751e-04 2.7447784877986017e-04 4.7175880259038469e-04
    7.5481408414461556e-04 1.0207145001501050e-03 2.1357807608182872e-03
    1.4667410044173778e-03 2.0843161641720632e-03 1.6039799288073079e-03
    2.1357807608182872e-03 2.5217652356649654e-03 1.2780374833812240e-03
    9.1778530685765751e-04 7.5481408414461556e-04 4.9749110091349661e-04
    8.6632071021143368e-04 2.0757387313976926e-03 1.5435090277479951e-01
    2.0693056568169146e-01 6.2701033580649310e-03 1.0721790967963289e-03
    4.6318136981601408e-04 4.6318136981601408e-04 8.4916584466269247e-04
    1.2523051850581121e-03 2.7619333533473430e-03 2.1958227902388813e-03
    2.9506368743834970e-03 6.6046232362653855e-04 5.1464596646223781e-04
    5.2322339923660847e-04 5.4895569755972033e-04 3.0878757987734269e-04
    2.1443581935926578e-04 2.7447784877986017e-04 7.8912381524209809e-04
    1.7069091220997556e-03 1.1322211262169233e-03 1.3123472144787064e-03
    2.1357807608182872e-03 6.9477205472402107e-04 2.4016811768237767e-04
    2.4016811768237767e-04 2.7447784877986017e-04 5.2322339923660847e-04
    6.9477205472402107e-04 7.8912381524209809e-04 9.2636273963202817e-04
    4.9749110091349661e-04 5.4037826478534978e-04 5.8326542865720285e-04
    3.6882960929793713e-04 2.9163271432860143e-04 1.8012608826178326e-04
    2.1443581935926578e-04 6.1757515975468537e-04 9.0920787408328685e-04
    7.0334948749839173e-04 1.3295020800274478e-03 2.2901745507569586e-03
    5.6611056310846165e-04 3.2594244542608395e-04 2.4874555045674830e-04
    3.6025217652356652e-04 5.5753313033409099e-04 6.0899772698031482e-04
    8.9205300853454565e-04 1.1665308573144057e-03 5.2322339923660847e-04
    4.2029420594416091e-04 4.6318136981601408e-04 3.8598447484667839e-04
    4.0313934039541965e-04 2.6590041600548956e-04 2.0585838658489515e-04
    2.6590041600548956e-04 3.2594244542608395e-04 9.0920787408328685e-04
    1.0721790967963289e-03 9.2636273963202817e-04 3.9456190762104904e-04
    3.6025217652356652e-04 3.9456190762104904e-04 6.2615259252905603e-04
    9.4351760518076937e-04 1.0636016640219583e-03 1.1064888278938113e-03
    1.3809666766736715e-03 5.9184286143157351e-04 5.6611056310846165e-04
    4.0313934039541965e-04 5.4895569755972033e-04 4.6318136981601408e-04
    3.4309731097482526e-04 2.4016811768237767e-04 2.8305528155423082e-04
    3.0878757987734269e-04 1.4753184371917485e-03 1.7755285842947206e-03
    3.6025217652356652e-04 3.4309731097482526e-04 5.2322339923660847e-04
    1.3380795128018184e-03 1.3380795128018184e-03 1.5267830338379722e-03
    1.3380795128018184e-03 1.4410087060942661e-03 1.4410087060942661e-03
    1.0721790967963289e-03 7.5481408414461556e-04 9.1778530685765751e-04
    6.6046232362653855e-04 5.1464596646223781e-04 2.9163271432860143e-04
    2.3159068490800704e-04 1.9728095381052452e-04 3.0878757987734269e-04
    2.3673714457262940e-03 2.7276236222498608e-03 6.2615259252905603e-04
    9.2636273963202817e-04 8.4916584466269247e-04 1.3466569455761891e-03
    2.3159068490800705e-03 2.4274134751468886e-03 2.5131878028905948e-03
    2.3073294163056999e-03 1.8355706137153150e-03 4.6318136981601408e-04
