<?xml version="1.0"?>
<opencv_storage>
<stairs type_id="opencv-matrix">
  <rows>20</rows>
  <cols>20</cols>
  <dt>d</dt>
  <data>
    3.6089238845144356e-03 3.2808398950131233e-03 3.9370078740157480e-03
    2.9527559055118110e-03 2.2965879265091863e-03 2.9527559055118110e-03
    1.3123359580052493e-03 1.9685039370078740e-03 2.2965879265091863e-03
    3.2808398950131233e-03 2.9527559055118110e-03 1.3123359580052493e-03
    2.2965879265091863e-03 1.9685039370078740e-03 2.6246719160104987e-03
    3.9370078740157480e-03 3.2808398950131233e-03 9.8425196850393699e-04
    3.9370078740157480e-03 2.9527559055118110e-03 1.9685039370078740e-03
    2.9527559055118110e-03 3.9370078740157480e-03 3.6089238845144356e-03
    2.6246719160104987e-03 3.2808398950131233e-03 1.9685039370078740e-03
    3.2808398950131233e-03 4.2650918635170603e-03 3.6089238845144356e-03
    3.2808398950131233e-03 2.6246719160104987e-03 2.2965879265091863e-03
    1.9685039370078740e-03 2.6246719160104987e-03 9.8425196850393699e-04
    9.8425196850393699e-04 1.9685039370078740e-03 1.6404199475065617e-03
    2.6246719160104987e-03 1.6404199475065617e-03 6.5616797900262466e-04
    4.2650918635170603e-03 3.6089238845144356e-03 2.2965879265091863e-03
    1.9685039370078740e-03 4.2650918635170603e-03 1.6404199475065617e-03
    2.6246719160104987e-03 6.5616797900262466e-04 2.9527559055118110e-03
    2.6246719160104987e-03 1.3123359580052493e-03 3.9370078740157480e-03
    2.9527559055118110e-03 2.6246719160104987e-03 1.3123359580052493e-03
    2.9527559055118110e-03 2.2965879265091863e-03 2.6246719160104987e-03
    2.9527559055118110e-03 2.9527559055118110e-03 2.2965879265091863e-03
    3.2808398950131233e-03 1.9685039370078740e-03 1.9685039370078740e-03
    1.6404199475065617e-03 4.2650918635170603e-03 5.2493438320209973e-03
    4.5931758530183726e-03 2.2965879265091863e-03 4.9212598425196850e-03
    4.9212598425196850e-03 2.9527559055118110e-03 3.9370078740157480e-03
    2.6246719160104987e-03 2.9527559055118110e-03 3.6089238845144356e-03
    2.2965879265091863e-03 1.3123359580052493e-03 4.2650918635170603e-03
    4.5931758530183726e-03 3.2808398950131233e-03 1.3123359580052493e-03
    3.9370078740157480e-03 9.8425196850393699e-04 1.9685039370078740e-03
    2.6246719160104987e-03 1.9685039370078740e-03 2.2965879265091863e-03
    1.3123359580052493e-03 1.3123359580052493e-03 1.9685039370078740e-03
    2.6246719160104987e-03 1.6404199475065617e-03 1.3123359580052493e-03
    1.9685039370078740e-03 1.6404199475065617e-03 1.9685039370078740e-03
    6.5616797900262466e-04 2.9527559055118110e-03 3.9370078740157480e-03
    2.2965879265091863e-03 3.2808398950131233e-03 2.9527559055118110e-03
    2.2965879265091863e-03 1.9685039370078740e-03 9.8425196850393699e-04
    2.2965879265091863e-03 2.6246719160104987e-03 1.9685039370078740e-03
    2.2965879265091863e-03 3.2808398950131233e-03 3.2808398950131233e-03
    1.3123359580052493e-03 3.6089238845144356e-03 4.2650918635170603e-03
    2.6246719160104987e-03 2.9527559055118110e-03 2.2965879265091863e-03
    3.2808398950131233e-03 1.6404199475065617e-03 1.9685039370078740e-03
    3.2808398950131233e-03 2.2965879265091863e-03 1.6404199475065617e-03
    2.9527559055118110e-03 1.9685039370078740e-03 1.3123359580052493e-03
    2.2965879265091863e-03 2.2965879265091863e-03 6.5616797900262466e-04
    9.8425196850393699e-04 2.2965879265091863e-03 1.9685039370078740e-03
    2.6246719160104987e-03 2.6246719160104987e-03 3.2808398950131233e-03
    3.2808398950131233e-03 2.2965879265091863e-03 1.9685039370078740e-03
    2.2965879265091863e-03 3.9370078740157480e-03 2.6246719160104987e-03
    1.6404199475065617e-03 4.5931758530183726e-03 3.9370078740157480e-03
    3.6089238845144356e-03 1.9685039370078740e-03 2.9527559055118110e-03
    9.8425196850393699e-04 1.6404199475065617e-03 9.8425196850393699e-04
    2.2965879265091863e-03 3.2808398950131233e-03 2.2965879265091863e-03
    1.3123359580052493e-03 2.6246719160104987e-03 1.9685039370078740e-03
    2.6246719160104987e-03 2.2965879265091863e-03 1.6404199475065617e-03
    1.3123359580052493e-03 2.2965879265091863e-03 2.6246719160104987e-03
    1.6404199475065617e-03 2.2965879265091863e-03 1.3123359580052493e-03
    3.2808398950131233e-04 1.6404199475065617e-03 9.8425196850393699e-04
    2.2965879265091863e-03 1.6404199475065617e-03 2.2965879265091863e-03
    1.6404199475065617e-03 1.9685039370078740e-03 2.2965879265091863e-03
    2.6246719160104987e-03 1.9685039370078740e-03 3.2808398950131233e-03
    2.9527559055118110e-03 6.5616797900262466e-03 3.6089238845144356e-03
    4.9212598425196850e-03 5.2493438320209973e-03 1.6404199475065617e-03
    2.2965879265091863e-03 1.6404199475065617e-03 1.9685039370078740e-03
    9.8425196850393699e-04 1.6404199475065617e-03 1.6404199475065617e-03
    1.6404199475065617e-03 2.6246719160104987e-03 1.9685039370078740e-03
    1.3123359580052493e-03 9.8425196850393699e-04 1.6404199475065617e-03
    4.9212598425196850e-03 9.8425196850393699e-04 2.9527559055118110e-03
    3.6089238845144356e-03 4.2650918635170603e-03 3.6089238845144356e-03
    4.9212598425196850e-03 2.2965879265091863e-03 1.9685039370078740e-03
    1.3123359580052493e-03 3.2808398950131233e-04 2.2965879265091863e-03
    1.6404199475065617e-03 6.5616797900262466e-04 2.2965879265091863e-03
    2.6246719160104987e-03 1.3123359580052493e-03 2.2965879265091863e-03
    2.2965879265091863e-03 3.9370078740157480e-03 4.2650918635170603e-03
    2.9527559055118110e-03 3.6089238845144356e-03 2.6246719160104987e-03
    2.2965879265091863e-03 2.9527559055118110e-03 1.9685039370078740e-03
    1.6404199475065617e-03 1.9685039370078740e-03 1.9685039370078740e-03
    2.2965879265091863e-03 1.6404199475065617e-03 1.9685039370078740e-03
    1.3123359580052493e-03 9.8425196850393699e-04 1.3123359580052493e-03
    1.3123359580052493e-03 3.2808398950131233e-03 2.6246719160104987e-03
    3.6089238845144356e-03 3.2808398950131233e-03 2.2965879265091863e-03
    2.9527559055118110e-03 1.3123359580052493e-03 1.6404199475065617e-03
    1.6404199475065617e-03 2.9527559055118110e-03 3.2808398950131233e-03
    2.2965879265091863e-03 9.8425196850393699e-04 0.
    2.2965879265091863e-03 3.2808398950131233e-04 3.6089238845144356e-03
    2.2965879265091863e-03 2.6246719160104987e-03 2.6246719160104987e-03
    5.5774278215223096e-03 2.2965879265091863e-03 3.6089238845144356e-03
    3.6089238845144356e-03 4.2650918635170603e-03 3.2808398950131233e-03
    1.6404199475065617e-03 2.9527559055118110e-03 1.6404199475065617e-03
    1.3123359580052493e-03 1.9685039370078740e-03 1.3123359580052493e-03
    2.6246719160104987e-03 3.9370078740157480e-03 1.6404199475065617e-03
    2.2965879265091863e-03 9.8425196850393699e-04 3.2808398950131233e-04
    1.3123359580052493e-03 1.6404199475065617e-03 6.5616797900262466e-04
    1.6404199475065617e-03 2.9527559055118110e-03 1.3123359580052493e-03
    2.6246719160104987e-03 1.9685039370078740e-03 2.6246719160104987e-03
    1.6404199475065617e-03 3.2808398950131233e-03 2.6246719160104987e-03
    2.6246719160104987e-03 4.5931758530183726e-03 1.3123359580052493e-03
    9.8425196850393699e-04 2.9527559055118110e-03 1.3123359580052493e-03
    1.6404199475065617e-03 2.9527559055118110e-03 6.5616797900262466e-04
    1.3123359580052493e-03 1.9685039370078740e-03 3.9370078740157480e-03
    1.6404199475065617e-03 1.3123359580052493e-03 2.9527559055118110e-03
    1.3123359580052493e-03 9.8425196850393699e-04 2.6246719160104987e-03
    4.2650918635170603e-03 2.9527559055118110e-03 1.3123359580052493e-03
    2.2965879265091863e-03 6.5616797900262466e-04 3.6089238845144356e-03
    2.6246719160104987e-03 2.2965879265091863e-03 9.8425196850393699e-04
    1.6404199475065617e-03 1.9685039370078740e-03 1.6404199475065617e-03
    4.5931758530183726e-03 6.5616797900262466e-04 4.2650918635170603e-03
    4.2650918635170603e-03 1.9685039370078740e-03 2.2965879265091863e-03
    1.9685039370078740e-03 2.2965879265091863e-03 1.6404199475065617e-03
