<?xml version="1.0"?>
<opencv_storage>
<stand type_id="opencv-matrix">
  <rows>20</rows>
  <cols>20</cols>
  <dt>d</dt>
  <data>
    1.6572543120482389e-04 2.2946598166821767e-04 2.5496220185357521e-04
    3.0595464222429023e-04 1.4022921101946637e-04 2.9320653213161146e-04
    3.4419897250232654e-04 2.6771031194625398e-04 2.9320653213161146e-04
    3.3145086240964777e-04 8.1587904593144066e-04 7.9038282574608312e-04
    8.7961959639483445e-04 2.0269495047359229e-03 2.3329041469602133e-03
    6.8839794500465308e-04 6.1190928444858047e-04 6.3740550463393800e-04
    5.3542062389250796e-04 6.3740550463393800e-04 1.5297732111214512e-04
    3.5694708259500531e-04 8.9236770648751327e-05 3.1870275231696900e-04
    2.9320653213161146e-04 9.3061203676554952e-04 6.5015361472661683e-04
    2.0396976148286016e-04 2.5496220185357521e-04 5.8641306426322293e-04
    7.6488660556072558e-04 1.2365666789898398e-03 1.5552694313068088e-03
    3.9009216883597007e-03 5.0737478168861464e-03 1.1728261285264459e-03
    5.8641306426322293e-04 1.1473299083410884e-03 6.5015361472661683e-04
    6.5015361472661683e-04 2.2946598166821767e-04 2.5496220185357521e-04
    1.9122165139018140e-04 1.7847354129750265e-04 6.2465739454125929e-04
    2.7790880002039700e-03 1.1855742386191247e-03 5.0992440370715042e-04
    3.4419897250232654e-04 6.1190928444858047e-04 1.2493147890825186e-03
    2.1671787157553891e-03 1.5935137615848451e-03 1.0134747523679615e-02
    1.3831699450556454e-02 1.7974835230677051e-03 1.0453450275996583e-03
    8.4137526611679819e-04 7.0114605509733179e-04 8.5412337620947691e-04
    1.4022921101946637e-04 2.2946598166821767e-04 2.6771031194625398e-04
    2.4221409176089644e-04 4.3343574315107787e-04 3.7989368076182706e-03
    2.5878663488137885e-03 4.2068763305839910e-04 5.4816873398518668e-04
    1.0325969175069797e-03 2.0014532845505652e-03 2.2691635964968192e-03
    2.1289343854773530e-03 2.9511874864551330e-02 4.7626939306247847e-02
    3.7224481470621981e-03 8.1587904593144066e-04 9.8160447713626460e-04
    7.9038282574608312e-04 9.5610825695090706e-04 2.9320653213161146e-04
    3.6969519268768408e-04 4.3343574315107787e-04 6.2465739454125929e-04
    4.8442818352179289e-04 3.8881735782670219e-03 2.6898512295552186e-03
    4.2068763305839910e-04 3.5694708259500531e-04 5.9916117435590175e-04
    1.0835893578776945e-03 2.0014532845505652e-03 2.1416824955700318e-03
    3.3221574901520848e-02 5.5441530793059926e-02 1.5552694313068088e-03
    1.2110704588044823e-03 1.1855742386191247e-03 8.0313093583876194e-04
    5.6091684407786550e-04 3.3145086240964777e-04 5.3542062389250796e-04
    1.1345817982484096e-03 3.4164935048379076e-03 5.1374883673495405e-03
    3.3145086240964775e-03 2.5113776882577160e-03 5.7366495417054421e-04
    3.9519141287304156e-04 9.3061203676554952e-04 1.3003072294532337e-03
    1.7082467524189538e-03 2.7535917800186123e-03 2.4769577910074832e-02
    2.2398429432836583e-02 5.5964203306859755e-03 3.6969519268768404e-03
    1.7719873028823477e-03 8.7961959639483445e-04 9.4336014685822824e-04
    4.0793952296572033e-04 4.2068763305839910e-04 8.2862715602411937e-04
    1.8357278533457414e-03 2.9958058717795086e-03 3.0722945323355812e-03
    1.6062618716775239e-03 4.2068763305839910e-04 5.3542062389250796e-04
    5.7366495417054421e-04 1.3130553395459123e-03 1.7592391927896689e-03
    2.6388587891845033e-03 7.5978736152365412e-03 9.9307777621967536e-03
    3.5057302754866590e-03 2.8045842203893272e-03 2.2946598166821769e-03
    1.1473299083410884e-03 1.2748110092678760e-03 2.2946598166821767e-04
    3.6969519268768408e-04 3.4419897250232654e-04 6.5015361472661683e-04
    4.3343574315107787e-04 5.9916117435590175e-04 7.5213849546804687e-04
    2.1671787157553893e-04 2.2946598166821767e-04 3.6969519268768408e-04
    3.6969519268768408e-04 8.2862715602411937e-04 1.0963374679703734e-03
    1.2875591193605548e-03 1.4405364404726998e-03 9.1786392667287070e-04
    1.2620628991751972e-03 1.2620628991751972e-03 1.1983223487118035e-03
    8.2862715602411937e-04 3.4419897250232654e-04 4.3343574315107787e-04
    3.9519141287304156e-04 6.7564983491197426e-04 4.2068763305839910e-04
    2.2946598166821767e-04 3.4419897250232654e-04 1.9122165139018140e-04
    7.6488660556072558e-05 1.2748110092678761e-04 2.2946598166821767e-04
    2.2946598166821767e-04 3.4419897250232654e-04 7.1389416519001062e-04
    1.3385515597312699e-03 1.0071006973216220e-03 1.0835893578776945e-03
    1.5807656514921662e-03 1.0071006973216220e-03 7.9038282574608312e-04
    3.9519141287304156e-04 4.2068763305839910e-04 8.0313093583876194e-04
    2.2946598166821769e-03 7.2664227528268933e-04 2.2054230460334255e-03
    9.0511581658019198e-04 3.4419897250232654e-04 6.3740550463393803e-05
    7.6488660556072558e-05 1.6572543120482389e-04 1.2748110092678761e-04
    4.8442818352179289e-04 9.6885636704358577e-04 1.2620628991751972e-03
    1.2620628991751972e-03 1.4532845505653787e-03 1.5425213212141300e-03
    9.0511581658019198e-04 9.6885636704358577e-04 4.4618385324375663e-04
    5.4816873398518668e-04 7.7763471565340441e-04 2.2436673763114620e-03
    7.1389416519001062e-04 6.7564983491197426e-04 6.5015361472661683e-04
    3.1870275231696900e-04 2.1671787157553893e-04 1.6572543120482389e-04
    1.6572543120482389e-04 1.1473299083410884e-04 4.8442818352179289e-04
    9.1786392667287070e-04 1.5680175413994876e-03 1.3130553395459123e-03
    1.7847354129750265e-03 1.7847354129750265e-03 8.6687148630215573e-04
    9.4336014685822824e-04 2.6771031194625398e-04 5.2267251379982914e-04
    7.5213849546804687e-04 8.1587904593144066e-04 5.4816873398518668e-04
    4.8442818352179289e-04 5.4816873398518668e-04 3.1870275231696900e-04
    7.6488660556072558e-05 7.6488660556072558e-05 2.0396976148286016e-04
    1.6572543120482389e-04 5.9916117435590175e-04 8.6687148630215573e-04
    1.4022921101946636e-03 8.2862715602411937e-04 1.4405364404726998e-03
    1.5297732111214512e-03 1.0835893578776945e-03 8.0313093583876194e-04
    4.0793952296572033e-04 5.3542062389250796e-04 5.4816873398518668e-04
    8.9236770648751327e-04 5.3542062389250796e-04 8.0313093583876194e-04
    9.9435258722894320e-04 4.8442818352179289e-04 2.6771031194625398e-04
    5.2267251379982914e-04 4.4618385324375663e-04 7.3939038537536815e-04
    1.0325969175069797e-03 1.7592391927896689e-03 1.9887051744578864e-03
    1.0708412477850159e-03 1.5425213212141300e-03 1.5297732111214512e-03
    1.0325969175069797e-03 9.5610825695090706e-04 7.1389416519001062e-04
    1.0325969175069797e-03 1.4277883303800212e-03 5.4816873398518670e-03
    1.0376961615440512e-02 7.4066519638463597e-03 4.7805412847545352e-03
    5.7366495417054421e-04 5.4816873398518668e-04 6.5015361472661683e-04
    1.4660326606580575e-03 1.6954986423262752e-03 2.8173323304820060e-03
    9.0384100557092412e-03 1.4035669212039316e-02 9.4590976887676398e-03
    9.3571128080262109e-03 3.3272567341891563e-03 1.6062618716775239e-03
    1.4915288808434149e-03 4.7168007342911412e-04 2.3838965873309282e-03
    1.7464910826969901e-03 5.6091684407786543e-03 1.2378414899991075e-02
    4.9207704957740014e-03 3.9774103489157728e-03 9.3061203676554952e-04
    4.3343574315107787e-04 8.2862715602411937e-04 1.6445062019555601e-03
    2.0651938350139593e-03 2.8683247708527213e-03 2.6465076552401108e-02
    2.5203013653225911e-02 1.0925130349425698e-02 9.2041354869140651e-03
    3.4802340553013018e-03 1.7974835230677051e-03 1.2238185688971609e-03
    4.7168007342911412e-04 5.2267251379982914e-04 6.1190928444858047e-04
    6.6290172481929554e-04 6.5015361472661683e-04 4.0156546791938093e-03
    2.6643550093698610e-03 6.2465739454125929e-04 5.9916117435590175e-04
    6.7564983491197426e-04 1.5935137615848451e-03 1.8739721836237779e-03
    2.0779419451066377e-03 3.4458141580510693e-02 5.8042145251966396e-02
    1.6317580918628813e-03 1.4277883303800212e-03 1.4022921101946636e-03
    1.0198488074143008e-03 8.2862715602411937e-04 2.4221409176089644e-04
