<?xml version="1.0"?>
<opencv_storage>
<stationary_container type_id="opencv-matrix">
  <rows>20</rows>
  <cols>20</cols>
  <dt>d</dt>
  <data>
    0. 0. 2.7210884353741495e-03 0. 4.0816326530612249e-03 0. 0. 0. 0.
    0. 0. 0. 0. 2.7210884353741495e-03 0. 1.3605442176870747e-03 0.
    1.3605442176870747e-03 0. 0. 0. 4.0816326530612249e-03
    1.3605442176870747e-03 2.7210884353741495e-03 2.7210884353741495e-03
    0. 0. 0. 4.0816326530612249e-03 1.3605442176870747e-03
    2.7210884353741495e-03 0. 0. 0. 1.3605442176870747e-03
    1.3605442176870747e-03 2.7210884353741495e-03 2.7210884353741495e-03
    1.3605442176870747e-03 1.3605442176870747e-03 0. 0.
    2.7210884353741495e-03 0. 1.3605442176870747e-03 0.
    1.3605442176870747e-03 0. 0. 2.7210884353741495e-03 0. 0. 0. 0.
    1.3605442176870747e-03 0. 0. 0. 1.3605442176870747e-03
    2.7210884353741495e-03 0. 0. 0. 0. 0. 0. 1.3605442176870747e-03
    2.7210884353741495e-03 2.7210884353741495e-03 0. 0.
    1.3605442176870747e-03 0. 0. 0. 0. 1.3605442176870747e-03 0. 0. 0.
    0. 0. 0. 0. 0. 1.3605442176870747e-03 0. 4.0816326530612249e-03
    1.3605442176870747e-03 0. 1.3605442176870747e-03
    2.7210884353741495e-03 5.4421768707482989e-03 1.3605442176870747e-03
    4.0816326530612249e-03 1.3605442176870747e-03 0. 0.
    1.3605442176870747e-03 2.7210884353741495e-03 0.
    1.3605442176870747e-03 0. 0. 0. 0. 2.7210884353741495e-03
    4.0816326530612249e-03 6.8027210884353739e-03 8.1632653061224497e-03
    4.0816326530612249e-03 4.0816326530612249e-03 5.4421768707482989e-03
    4.0816326530612249e-03 2.7210884353741495e-03 1.3605442176870747e-03
    4.0816326530612249e-03 0. 1.3605442176870747e-03 0.
    2.7210884353741495e-03 1.3605442176870747e-03 0.
    1.3605442176870747e-03 0. 1.3605442176870747e-03
    6.8027210884353739e-03 1.3605442176870748e-02 1.0884353741496598e-02
    5.4421768707482989e-03 9.5238095238095247e-03 5.4421768707482989e-03
    8.1632653061224497e-03 9.5238095238095247e-03 5.4421768707482989e-03
    0. 1.3605442176870747e-03 0. 0. 4.0816326530612249e-03
    2.7210884353741495e-03 1.3605442176870747e-03 0.
    1.3605442176870747e-03 1.3605442176870747e-03 6.8027210884353739e-03
    1.0884353741496598e-02 1.9047619047619049e-02 1.6326530612244899e-02
    9.5238095238095247e-03 4.0816326530612249e-03 8.1632653061224497e-03
    1.4965986394557823e-02 2.0408163265306121e-02 9.5238095238095247e-03
    2.7210884353741495e-03 0. 0. 0. 2.7210884353741495e-03 0.
    1.3605442176870747e-03 2.7210884353741495e-03 2.7210884353741495e-03
    1.3605442176870747e-03 1.3605442176870747e-03 1.3605442176870748e-02
    1.9047619047619049e-02 9.5238095238095247e-03 4.0816326530612249e-03
    0. 1.6326530612244899e-02 1.0884353741496598e-02
    1.4965986394557823e-02 6.8027210884353739e-03 4.0816326530612249e-03
    0. 4.0816326530612249e-03 1.3605442176870747e-03
    4.0816326530612249e-03 0. 2.7210884353741495e-03
    1.3605442176870747e-03 1.3605442176870747e-03 0.
    6.8027210884353739e-03 8.1632653061224497e-03 2.7210884353741495e-03
    1.3605442176870747e-03 0. 0. 0. 9.5238095238095247e-03
    9.5238095238095247e-03 2.7210884353741495e-03 5.4421768707482989e-03
    2.7210884353741495e-03 4.0816326530612249e-03 1.3605442176870747e-03
    2.7210884353741495e-03 0. 0. 0. 1.3605442176870747e-03 0.
    4.0816326530612249e-03 1.3605442176870747e-03 6.8027210884353739e-03
    4.0816326530612249e-03 0. 1.3605442176870747e-03
    1.3605442176870747e-03 1.3605442176870747e-03 4.0816326530612249e-03
    8.1632653061224497e-03 0. 0. 0. 1.3605442176870747e-03 0. 0.
    1.3605442176870747e-03 4.0816326530612249e-03 4.0816326530612249e-03
    2.7210884353741495e-03 6.8027210884353739e-03 6.8027210884353739e-03
    1.2244897959183673e-02 1.3605442176870748e-02 6.8027210884353739e-03
    1.3605442176870747e-03 1.3605442176870748e-02 8.1632653061224497e-03
    9.5238095238095247e-03 9.5238095238095247e-03 2.7210884353741495e-03
    0. 4.0816326530612249e-03 0. 8.1632653061224497e-03
    2.7210884353741495e-03 2.7210884353741495e-03 0. 0.
    1.3605442176870747e-03 2.7210884353741495e-03 6.8027210884353739e-03
    1.0884353741496598e-02 6.8027210884353739e-03 1.3605442176870747e-03
    2.7210884353741495e-03 1.2244897959183673e-02 2.0408163265306121e-02
    8.1632653061224497e-03 4.0816326530612249e-03 2.7210884353741495e-03
    1.3605442176870747e-03 2.7210884353741495e-03 0.
    2.7210884353741495e-03 6.8027210884353739e-03 1.3605442176870747e-03
    0. 0. 0. 2.7210884353741495e-03 2.7210884353741495e-03
    5.4421768707482989e-03 5.4421768707482989e-03 2.7210884353741495e-03
    5.4421768707482989e-03 5.4421768707482989e-03 1.0884353741496598e-02
    6.8027210884353739e-03 4.0816326530612249e-03 0.
    1.3605442176870747e-03 0. 5.4421768707482989e-03
    4.0816326530612249e-03 1.3605442176870747e-03 0. 0.
    1.3605442176870747e-03 0. 1.3605442176870747e-03
    4.0816326530612249e-03 4.0816326530612249e-03 4.0816326530612249e-03
    4.0816326530612249e-03 8.1632653061224497e-03 4.0816326530612249e-03
    1.3605442176870747e-03 2.7210884353741495e-03 4.0816326530612249e-03
    1.3605442176870747e-03 1.3605442176870747e-03 1.3605442176870747e-03
    1.3605442176870747e-03 0. 1.3605442176870747e-03
    1.3605442176870747e-03 1.3605442176870747e-03 0. 0.
    1.3605442176870747e-03 2.7210884353741495e-03 0.
    5.4421768707482989e-03 4.0816326530612249e-03 1.3605442176870747e-03
    2.7210884353741495e-03 4.0816326530612249e-03 1.3605442176870747e-03
    1.3605442176870747e-03 1.3605442176870747e-03 1.3605442176870747e-03
    1.3605442176870747e-03 1.3605442176870747e-03 0. 0.
    1.3605442176870747e-03 1.3605442176870747e-03 0. 0.
    1.3605442176870747e-03 2.7210884353741495e-03 0.
    1.3605442176870747e-03 2.7210884353741495e-03 0.
    1.3605442176870747e-03 1.3605442176870747e-03 0.
    1.3605442176870747e-03 2.7210884353741495e-03 0. 0.
    1.3605442176870747e-03 0. 0. 0. 1.3605442176870747e-03 0. 0. 0. 0.
    0. 0. 0. 0. 1.3605442176870747e-03 0. 1.3605442176870747e-03
    4.0816326530612249e-03 1.3605442176870747e-03 1.3605442176870747e-03
    1.3605442176870747e-03 1.3605442176870747e-03 0.
    1.3605442176870747e-03 1.3605442176870747e-03 0. 0.
    2.7210884353741495e-03 2.7210884353741495e-03 0.
    1.3605442176870747e-03 1.3605442176870747e-03 0.
    2.7210884353741495e-03 0. 2.7210884353741495e-03 0.
    2.7210884353741495e-03 0. 1.3605442176870747e-03 0. 0. 0. 0.
    1.3605442176870747e-03 0. 0. 1.3605442176870747e-03 0.
    2.7210884353741495e-03 1.3605442176870747e-03 1.3605442176870747e-03
    0. 0. 0. 1.3605442176870747e-03 0. 0. 0. 0. 0. 0. 0.</data></stationary_container>
</opencv_storage>
