<?xml version="1.0"?>
<opencv_storage>
<stereo_set type_id="opencv-matrix">
  <rows>20</rows>
  <cols>20</cols>
  <dt>d</dt>
  <data>
    9.5419847328244271e-04 3.1806615776081427e-04 1.1132315521628498e-03
    6.3613231552162855e-04 7.9516539440203557e-04 7.9516539440203557e-04
    9.5419847328244271e-04 4.7709923664122136e-04 3.1806615776081427e-04
    1.4312977099236641e-03 1.7493638676844784e-03 2.5445292620865142e-03
    3.3396946564885495e-03 6.2022900763358778e-03 6.0432569974554710e-03
    4.4529262086513994e-03 4.4529262086513994e-03 3.6577608142493640e-03
    6.0432569974554710e-03 3.9758269720101781e-03 1.1132315521628498e-03
    1.2722646310432571e-03 7.9516539440203557e-04 1.1132315521628498e-03
    9.5419847328244271e-04 7.9516539440203557e-04 1.2722646310432571e-03
    9.5419847328244271e-04 6.3613231552162855e-04 6.3613231552162855e-04
    2.3854961832061069e-03 3.9758269720101781e-03 4.4529262086513994e-03
    4.7709923664122139e-03 5.7251908396946565e-03 2.3854961832061069e-03
    3.6577608142493640e-03 3.9758269720101781e-03 3.6577608142493640e-03
    4.9300254452926207e-03 3.1806615776081427e-04 1.1132315521628498e-03
    1.1132315521628498e-03 1.1132315521628498e-03 6.3613231552162855e-04
    1.1132315521628498e-03 1.1132315521628498e-03 9.5419847328244271e-04
    3.1806615776081427e-04 1.4312977099236641e-03 2.0674300254452924e-03
    5.7251908396946565e-03 4.2938931297709926e-03 5.4071246819338420e-03
    6.9974554707379136e-03 4.1348600508905849e-03 5.7251908396946565e-03
    6.6793893129770991e-03 3.8167938931297708e-03 3.3396946564885495e-03
    1.2722646310432571e-03 6.3613231552162855e-04 7.9516539440203557e-04
    7.9516539440203557e-04 1.1132315521628498e-03 1.1132315521628498e-03
    1.2722646310432571e-03 1.2722646310432571e-03 6.3613231552162855e-04
    4.7709923664122136e-04 3.1806615776081423e-03 3.9758269720101781e-03
    3.8167938931297708e-03 6.5203562340966923e-03 8.9058524173027988e-03
    3.6577608142493640e-03 4.1348600508905849e-03 3.1806615776081423e-03
    5.4071246819338420e-03 3.1806615776081423e-03 6.3613231552162855e-04
    4.7709923664122136e-04 7.9516539440203557e-04 1.2722646310432571e-03
    6.3613231552162855e-04 1.2722646310432571e-03 1.2722646310432571e-03
    3.1806615776081427e-04 9.5419847328244271e-04 1.2722646310432571e-03
    1.5903307888040711e-03 3.8167938931297708e-03 3.3396946564885495e-03
    4.1348600508905849e-03 5.0890585241730284e-03 4.2938931297709926e-03
    5.0890585241730284e-03 2.5445292620865142e-03 3.4987277353689568e-03
    3.0216284987277355e-03 1.4312977099236641e-03 2.0674300254452924e-03
    7.9516539440203557e-04 1.2722646310432571e-03 2.0674300254452924e-03
    1.5903307888040711e-03 1.9083969465648854e-03 7.9516539440203557e-04
    7.9516539440203557e-04 3.1806615776081427e-04 9.5419847328244271e-04
    9.5419847328244271e-04 3.1806615776081423e-03 3.9758269720101781e-03
    4.4529262086513994e-03 3.0216284987277355e-03 2.5445292620865142e-03
    2.8625954198473282e-03 3.8167938931297708e-03 4.2938931297709926e-03
    1.2722646310432571e-03 1.5903307888040711e-03 1.1132315521628498e-03
    4.7709923664122136e-04 4.7709923664122136e-04 1.2722646310432571e-03
    1.4312977099236641e-03 9.5419847328244271e-04 4.7709923664122136e-04
    7.9516539440203557e-04 6.3613231552162855e-04 6.3613231552162855e-04
    2.8625954198473282e-03 3.8167938931297708e-03 5.7251908396946565e-03
    2.5445292620865142e-03 2.5445292620865142e-03 3.4987277353689568e-03
    5.4071246819338420e-03 3.1806615776081423e-03 1.1132315521628498e-03
    7.9516539440203557e-04 9.5419847328244271e-04 9.5419847328244271e-04
    7.9516539440203557e-04 9.5419847328244271e-04 9.5419847328244271e-04
    6.3613231552162855e-04 3.1806615776081427e-04 1.5903307888040714e-04
    3.1806615776081427e-04 4.7709923664122136e-04 1.1132315521628498e-03
    3.6577608142493640e-03 4.6119592875318062e-03 3.6577608142493640e-03
    4.1348600508905849e-03 3.4987277353689568e-03 4.2938931297709926e-03
    4.2938931297709926e-03 1.9083969465648854e-03 1.2722646310432571e-03
    1.5903307888040711e-03 2.0674300254452924e-03 1.4312977099236641e-03
    7.9516539440203557e-04 6.3613231552162855e-04 7.9516539440203557e-04
    1.5903307888040714e-04 3.1806615776081427e-04 0.
    3.1806615776081427e-04 1.5903307888040711e-03 4.1348600508905849e-03
    3.1806615776081423e-03 3.8167938931297708e-03 6.5203562340966923e-03
    3.6577608142493640e-03 5.4071246819338420e-03 4.6119592875318062e-03
    2.0674300254452924e-03 4.7709923664122136e-04 2.2264631043256997e-03
    2.5445292620865142e-03 2.0674300254452924e-03 1.1132315521628498e-03
    9.5419847328244271e-04 1.2722646310432571e-03 3.1806615776081427e-04
    3.1806615776081427e-04 3.1806615776081427e-04 4.7709923664122136e-04
    2.8625954198473282e-03 6.9974554707379136e-03 6.8384223918575068e-03
    4.4529262086513994e-03 5.8842239185750633e-03 6.5203562340966923e-03
    9.0648854961832056e-03 7.7926208651399494e-03 1.5903307888040711e-03
    3.0216284987277355e-03 9.5419847328244271e-04 3.1806615776081423e-03
    2.0674300254452924e-03 1.5903307888040711e-03 1.2722646310432571e-03
    4.7709923664122136e-04 1.5903307888040714e-04 0.
    6.3613231552162855e-04 3.1806615776081427e-04 2.7035623409669210e-03
    7.4745547073791349e-03 9.2239185750636124e-03 6.8384223918575068e-03
    3.9758269720101781e-03 5.4071246819338420e-03 8.9058524173027988e-03
    1.6062340966921121e-02 9.5419847328244271e-04 1.4312977099236641e-03
    1.5903307888040711e-03 1.4312977099236641e-03 9.5419847328244271e-04
    1.1132315521628498e-03 9.5419847328244271e-04 0.
    1.5903307888040714e-04 0. 0. 1.5903307888040714e-04
    1.1132315521628498e-03 3.6577608142493640e-03 6.3613231552162846e-03
    5.7251908396946565e-03 5.2480916030534352e-03 5.2480916030534352e-03
    5.8842239185750633e-03 5.5661577608142497e-03 9.5419847328244271e-04
    7.9516539440203557e-04 1.2722646310432571e-03 1.5903307888040711e-03
    7.9516539440203557e-04 1.7493638676844784e-03 7.9516539440203557e-04
    1.2722646310432571e-03 4.7709923664122136e-04 4.7709923664122136e-04
    0. 0. 2.0674300254452924e-03 2.3854961832061069e-03
    4.9300254452926207e-03 3.3396946564885495e-03 2.7035623409669210e-03
    3.9758269720101781e-03 5.5661577608142497e-03 6.0432569974554710e-03
    1.2722646310432571e-03 1.1132315521628498e-03 3.1806615776081427e-04
    1.5903307888040711e-03 6.3613231552162855e-04 3.1806615776081427e-04
    3.1806615776081427e-04 7.9516539440203557e-04 7.9516539440203557e-04
    7.9516539440203557e-04 1.1132315521628498e-03 1.2722646310432571e-03
    1.9083969465648854e-03 3.3396946564885495e-03 3.4987277353689568e-03
    3.0216284987277355e-03 5.7251908396946565e-03 3.9758269720101781e-03
    4.9300254452926207e-03 5.7251908396946565e-03 1.4312977099236641e-03
    1.1132315521628498e-03 4.7709923664122136e-04 7.9516539440203557e-04
    3.1806615776081427e-04 1.4312977099236641e-03 1.5903307888040714e-04
    4.7709923664122136e-04 1.4312977099236641e-03 1.1132315521628498e-03
    1.1132315521628498e-03 1.9083969465648854e-03 3.1806615776081423e-03
    4.1348600508905849e-03 3.0216284987277355e-03 3.6577608142493640e-03
    3.6577608142493640e-03 5.4071246819338420e-03 3.1806615776081423e-03
    4.1348600508905849e-03 9.5419847328244271e-04 1.2722646310432571e-03
    4.7709923664122136e-04 7.9516539440203557e-04 6.3613231552162855e-04
    6.3613231552162855e-04 4.7709923664122136e-04 7.9516539440203557e-04
    6.3613231552162855e-04 7.9516539440203557e-04 1.9083969465648854e-03
    2.0674300254452924e-03 3.6577608142493640e-03 5.4071246819338420e-03
    4.6119592875318062e-03 5.7251908396946565e-03 3.3396946564885495e-03
    3.6577608142493640e-03 4.2938931297709926e-03 9.7010178117048346e-03
    1.1132315521628498e-03 7.9516539440203557e-04 6.3613231552162855e-04
    6.3613231552162855e-04 7.9516539440203557e-04 1.1132315521628498e-03
    6.3613231552162855e-04 4.7709923664122136e-04 4.7709923664122136e-04
