<?xml version="1.0"?>
<opencv_storage>
<storage_bench type_id="opencv-matrix">
  <rows>20</rows>
  <cols>20</cols>
  <dt>d</dt>
  <data>
    0. 0. 6.5359477124183009e-03 0. 0. 1.3071895424836602e-02 0. 0.
    6.5359477124183009e-03 6.5359477124183009e-03 0.
    6.5359477124183009e-03 0. 6.5359477124183009e-03
    6.5359477124183009e-03 6.5359477124183009e-03 0.
    6.5359477124183009e-03 0. 6.5359477124183009e-03 0. 0.
    6.5359477124183009e-03 0. 0. 0. 6.5359477124183009e-03 0. 0. 0. 0.
    0. 0. 0. 6.5359477124183009e-03 1.3071895424836602e-02 0.
    6.5359477124183009e-03 0. 0. 0. 6.5359477124183009e-03 0. 0. 0.
    6.5359477124183009e-03 0. 0. 6.5359477124183009e-03 0. 0. 0. 0. 0.
    0. 0. 0. 0. 0. 6.5359477124183009e-03 6.5359477124183009e-03 0. 0.
    0. 0. 0. 0. 0. 0. 1.3071895424836602e-02 6.5359477124183009e-03 0.
    6.5359477124183009e-03 6.5359477124183009e-03 1.3071895424836602e-02
    6.5359477124183009e-03 0. 0. 1.3071895424836602e-02 0. 0. 0. 0. 0.
    0. 6.5359477124183009e-03 0. 0. 6.5359477124183009e-03 0. 0. 0. 0.
    1.3071895424836602e-02 0. 0. 0. 0. 6.5359477124183009e-03 0. 0. 0.
    0. 0. 0. 6.5359477124183009e-03 0. 0. 0. 1.3071895424836602e-02 0.
    6.5359477124183009e-03 0. 6.5359477124183009e-03 0. 0. 0. 0.
    6.5359477124183009e-03 0. 0. 0. 0. 0. 0. 6.5359477124183009e-03 0.
    6.5359477124183009e-03 0. 0. 6.5359477124183009e-03 0. 0. 0. 0. 0.
    0. 0. 0. 0. 0. 0. 1.3071895424836602e-02 0. 0. 0.
    6.5359477124183009e-03 6.5359477124183009e-03 0.
    6.5359477124183009e-03 0. 0. 0. 6.5359477124183009e-03
    6.5359477124183009e-03 0. 6.5359477124183009e-03 0. 0. 0. 0. 0. 0.
    0. 0. 0. 6.5359477124183009e-03 0. 0. 0. 0. 0. 0. 0. 0. 0. 0. 0. 0.
    0. 0. 6.5359477124183009e-03 1.9607843137254902e-02
    1.3071895424836602e-02 6.5359477124183009e-03 0. 0. 0. 0.
    1.9607843137254902e-02 0. 0. 0. 1.3071895424836602e-02
    1.9607843137254902e-02 1.3071895424836602e-02 3.2679738562091505e-02
    1.3071895424836602e-02 6.5359477124183009e-03 0.
    6.5359477124183009e-03 0. 1.3071895424836602e-02
    6.5359477124183009e-03 6.5359477124183009e-03 0.
    1.3071895424836602e-02 0. 0. 0. 6.5359477124183009e-03 0. 0. 0. 0.
    0. 0. 6.5359477124183009e-03 0. 0. 0. 6.5359477124183009e-03 0. 0.
    0. 0. 6.5359477124183009e-03 6.5359477124183009e-03 0.
    6.5359477124183009e-03 6.5359477124183009e-03 0.
    1.3071895424836602e-02 6.5359477124183009e-03 0. 0.
    6.5359477124183009e-03 1.3071895424836602e-02 0. 0. 0. 0. 0.
    6.5359477124183009e-03 0. 0. 0. 6.5359477124183009e-03 0. 0. 0. 0.
    6.5359477124183009e-03 0. 6.5359477124183009e-03 0. 0. 0.
    6.5359477124183009e-03 0. 6.5359477124183009e-03 0. 0. 0. 0. 0. 0.
    6.5359477124183009e-03 6.5359477124183009e-03 6.5359477124183009e-03
    6.5359477124183009e-03 0. 0. 6.5359477124183009e-03 0. 0. 0. 0. 0.
    0. 0. 0. 6.5359477124183009e-03 0. 0. 6.5359477124183009e-03 0.
    6.5359477124183009e-03 0. 6.5359477124183009e-03 0.
    1.3071895424836602e-02 0. 6.5359477124183009e-03 0. 0. 0. 0.
    6.5359477124183009e-03 0. 0. 0. 6.5359477124183009e-03 0. 0. 0. 0.
    0. 0. 6.5359477124183009e-03 0. 0. 0. 1.3071895424836602e-02 0. 0.
    0. 0. 6.5359477124183009e-03 6.5359477124183009e-03
    6.5359477124183009e-03 0. 6.5359477124183009e-03 0. 0. 0. 0.
    6.5359477124183009e-03 0. 6.5359477124183009e-03
    1.9607843137254902e-02 0. 0. 0. 0. 0. 6.5359477124183009e-03 0. 0.
    0. 0. 0. 0. 0. 0. 1.3071895424836602e-02 6.5359477124183009e-03 0.
    6.5359477124183009e-03 0. 6.5359477124183009e-03 0. 0. 0.
    6.5359477124183009e-03 0. 0. 0. 6.5359477124183009e-03 0. 0. 0. 0.
    0. 0. 6.5359477124183009e-03 0. 0. 0. 6.5359477124183009e-03 0. 0.
    0. 6.5359477124183009e-03 1.3071895424836602e-02
    6.5359477124183009e-03 6.5359477124183009e-03 0. 0.
    6.5359477124183009e-03 0. 0. 0. 0. 0. 1.3071895424836602e-02
    6.5359477124183009e-03 0. 0. 6.5359477124183009e-03
    6.5359477124183009e-03 0. 0. 0. 0. 0. 0. 0. 0. 0.</data></storage_bench>
</opencv_storage>
