<?xml version="1.0"?>
<opencv_storage>
<switch type_id="opencv-matrix">
  <rows>20</rows>
  <cols>20</cols>
  <dt>d</dt>
  <data>
    6.3727126513519257e-04 6.3727126513519257e-04 6.3727126513519257e-04
    6.9796376657663942e-04 1.0014262737838740e-03 8.1934876945953332e-04
    6.3727126513519257e-04 7.5865626801808637e-04 6.3727126513519257e-04
    3.0346250720723455e-04 5.4623251297302214e-04 2.2456225533335357e-03
    2.9739325706308987e-03 3.0953175735137922e-03 4.2181288501805603e-03
    5.9175188905410733e-03 2.6704700634236642e-03 2.5187388098200469e-03
    2.1242375504506418e-03 2.8828938184687282e-03 6.9796376657663942e-04
    7.5865626801808637e-04 3.0346250720723455e-04 7.2831001729736289e-04
    7.5865626801808637e-04 1.0621187752253209e-03 7.8900251873880985e-04
    7.2831001729736289e-04 7.2831001729736289e-04 6.0692501441446910e-04
    6.6761751585591605e-04 1.6993900403605134e-03 4.0057050951354959e-03
    4.0967438472976660e-03 4.7947076138743060e-03 6.5851364063969900e-03
    3.1560100749552394e-03 2.7615088155858343e-03 2.1545838011713652e-03
    3.0346250720723455e-03 7.2831001729736289e-04 9.4073377234242712e-04
    8.1934876945953332e-04 4.5519376081085182e-04 1.0317725245045976e-03
    9.7108002306315060e-04 4.5519376081085182e-04 8.4969502018025669e-04
    5.7657876369374562e-04 6.9796376657663942e-04 6.9796376657663942e-04
    1.6083512881983431e-03 5.0678238703608172e-03 3.6718963372075379e-03
    4.6126301095499650e-03 8.3755651989196739e-03 3.4898188328831973e-03
    3.2470488271174095e-03 3.1863563256759628e-03 3.2470488271174095e-03
    5.4623251297302214e-04 7.2831001729736289e-04 7.8900251873880985e-04
    7.5865626801808637e-04 1.2138500288289382e-03 1.0621187752253209e-03
    7.5865626801808637e-04 1.1531575273874912e-03 6.6761751585591605e-04
    7.8900251873880985e-04 7.8900251873880985e-04 2.0028525475677479e-03
    5.0981701210815406e-03 4.0663975965769426e-03 8.0417564409917160e-03
    1.0530149000091039e-02 4.4912451066670715e-03 3.4898188328831973e-03
    3.7022425879282613e-03 3.3987800807210268e-03 8.8004127090098017e-04
    4.8554001153157530e-04 9.1038752162170365e-04 8.4969502018025669e-04
    2.0028525475677479e-03 1.6993900403605134e-03 1.2138500288289382e-03
    1.2441962795496616e-03 3.9450125936940492e-04 7.2831001729736289e-04
    7.8900251873880985e-04 1.8511212939641307e-03 5.4623251297302219e-03
    4.7340151124328593e-03 9.7411464813522298e-03 1.3079234060631809e-02
    4.1270900980183902e-03 3.7629350893697085e-03 3.0953175735137922e-03
    3.9753588444147725e-03 8.4969502018025669e-04 9.7108002306315060e-04
    1.0924650259460443e-03 1.0317725245045976e-03 1.5476587867568961e-03
    1.2138500288289382e-03 1.2138500288289382e-03 1.1228112766667679e-03
    4.5519376081085182e-04 5.7657876369374562e-04 7.2831001729736289e-04
    2.2456225533335357e-03 4.0057050951354959e-03 5.8871726398203499e-03
    8.6790277061269076e-03 1.5658665371893303e-02 4.8554001153157528e-03
    3.8843200922526024e-03 3.0649713227930689e-03 3.9753588444147725e-03
    8.1934876945953332e-04 5.7657876369374562e-04 5.1588626225229878e-04
    1.0317725245045976e-03 1.4262737838740024e-03 1.2441962795496616e-03
    7.2831001729736289e-04 7.2831001729736289e-04 6.0692501441446910e-04
    2.7311625648651107e-04 6.3727126513519257e-04 2.4277000576578764e-03
    4.4305526052256248e-03 6.3423664006312021e-03 8.0417564409917160e-03
    1.2897156556307469e-02 4.2484751009012837e-03 4.5519376081085182e-03
    4.5519376081085182e-03 4.8250538645950294e-03 9.4073377234242712e-04
    6.0692501441446910e-04 1.0014262737838740e-03 8.4969502018025669e-04
    1.3655812824325555e-03 9.1038752162170365e-04 1.0317725245045976e-03
    6.6761751585591605e-04 5.4623251297302214e-04 4.2484751009012835e-04
    6.6761751585591605e-04 5.6444026340545629e-03 4.9767851181986462e-03
    5.3105938761266042e-03 5.7961338876581798e-03 7.7382939337844805e-03
    4.5822838588292416e-03 7.4955239280186936e-03 4.7643613631535827e-03
    5.2195551239644341e-03 8.1934876945953332e-04 1.0317725245045976e-03
    1.0317725245045976e-03 7.2831001729736289e-04 9.4073377234242712e-04
    1.8814675446848542e-03 6.0692501441446910e-04 5.4623251297302214e-04
    2.7311625648651107e-04 1.5173125360361727e-04 4.2484751009012835e-04
    1.6993900403605134e-03 2.9435863199101749e-03 4.2181288501805603e-03
    6.4334051527933723e-03 5.7050951354960097e-03 4.4305526052256248e-03
    4.8857463660364761e-03 7.3741389251357993e-03 5.0374776196400938e-03
    6.3727126513519257e-04 6.0692501441446910e-04 4.8554001153157530e-04
    6.9796376657663942e-04 9.4073377234242712e-04 1.4566200345947258e-03
    5.1588626225229878e-04 8.4969502018025669e-04 1.2138500288289382e-04
    6.0692501441446912e-05 1.2138500288289382e-04 9.4073377234242712e-04
    2.7918550663065577e-03 5.0374776196400938e-03 5.7657876369374564e-03
    5.4319788790094985e-03 4.0967438472976660e-03 4.5519376081085182e-03
    3.6718963372075379e-03 5.0678238703608172e-03 6.0692501441446910e-04
    7.5865626801808637e-04 4.8554001153157530e-04 4.8554001153157530e-04
    9.4073377234242712e-04 1.3048887809911085e-03 3.3380875792795802e-04
    4.5519376081085182e-04 3.3380875792795802e-04 6.0692501441446912e-05
    2.7311625648651107e-04 1.3959275331532788e-03 3.1863563256759628e-03
    3.5201650836039207e-03 6.0692501441446910e-03 5.7050951354960097e-03
    3.5505113343246440e-03 4.8554001153157528e-03 4.4002063545049005e-03
    4.8554001153157528e-03 6.0692501441446910e-04 8.4969502018025669e-04
    8.8004127090098017e-04 4.2484751009012835e-04 7.2831001729736289e-04
    2.1242375504506418e-03 5.1588626225229878e-04 4.8554001153157530e-04
    2.7311625648651107e-04 1.5173125360361727e-04 3.3380875792795802e-04
    1.7904287925226839e-03 3.1863563256759628e-03 4.6126301095499650e-03
    7.0706764179285647e-03 4.9464388674779229e-03 3.7629350893697085e-03
    5.0678238703608172e-03 3.7325888386489851e-03 5.1588626225229873e-03
    8.8004127090098017e-04 1.1228112766667679e-03 8.4969502018025669e-04
    6.6761751585591605e-04 1.2745425302703851e-03 1.3048887809911085e-03
    1.1228112766667679e-03 7.2831001729736289e-04 4.2484751009012835e-04
    2.7311625648651107e-04 4.2484751009012835e-04 3.0649713227930689e-03
    5.0678238703608172e-03 5.0071313689193696e-03 6.5244439049555424e-03
    6.2513276484690320e-03 5.6140563833338387e-03 5.0981701210815406e-03
    4.5215913573877949e-03 4.0663975965769426e-03 7.8900251873880985e-04
    7.8900251873880985e-04 1.3048887809911085e-03 5.7657876369374562e-04
    1.5476587867568961e-03 1.1835037781082148e-03 8.4969502018025669e-04
    5.7657876369374562e-04 4.5519376081085182e-04 2.7311625648651107e-04
    4.5519376081085182e-04 2.8222013170272815e-03 4.5822838588292416e-03
    5.2802476254058808e-03 7.3134464236943525e-03 1.0530149000091039e-02
    4.1877825994598369e-03 4.4912451066670715e-03 4.7947076138743060e-03
    4.5519376081085182e-03 8.4969502018025669e-04 6.3727126513519257e-04
    4.5519376081085182e-04 1.3352350317118321e-03 1.5780050374776197e-03
    1.0924650259460443e-03 1.1835037781082148e-03 9.4073377234242712e-04
    4.2484751009012835e-04 4.2484751009012835e-04 3.9450125936940492e-04
    2.2759688040542591e-03 3.7629350893697085e-03 4.9767851181986462e-03
    8.6486814554061851e-03 1.2381270294055169e-02 4.6126301095499650e-03
    3.8236275908111552e-03 3.5201650836039207e-03 4.7947076138743060e-03
    8.4969502018025669e-04 7.8900251873880985e-04 9.4073377234242712e-04
    9.4073377234242712e-04 2.1242375504506418e-03 1.6386975389190666e-03
    1.3048887809911085e-03 1.0621187752253209e-03 3.9450125936940492e-04
    4.5519376081085182e-04 8.8004127090098017e-04 2.3063150547749825e-03
    5.4623251297302219e-03 3.7629350893697085e-03 7.4348314265772460e-03
    1.3139926562073256e-02 4.4912451066670715e-03 3.4594725821624739e-03
    3.9146663429733258e-03 4.3091676023427304e-03 4.5519376081085182e-04
