<?xml version="1.0"?>
<opencv_storage>
<table_and_chair type_id="opencv-matrix">
  <rows>20</rows>
  <cols>20</cols>
  <dt>d</dt>
  <data>
    1.6289961311341885e-03 3.4616167786601505e-03 2.2398696803095090e-03
    6.1087354917532073e-04 1.4253716147424149e-03 2.4434941967012829e-03
    3.0543677458766036e-03 1.6289961311341885e-03 4.6833638770107924e-03
    3.0543677458766036e-03 2.6471187130930563e-03 5.4978619425778861e-03
    1.4253716147424149e-03 2.6471187130930563e-03 2.8507432294848298e-03
    1.0181225819588678e-03 2.2398696803095090e-03 1.2217470983506415e-03
    1.6289961311341885e-03 2.0362451639177356e-03 2.2398696803095090e-03
    2.6471187130930563e-03 1.4253716147424149e-03 2.4434941967012829e-03
    2.8507432294848298e-03 2.6471187130930563e-03 1.4253716147424149e-03
    2.2398696803095090e-03 2.2398696803095090e-03 1.8326206475259622e-03
    2.6471187130930563e-03 4.0724903278354713e-04 1.0181225819588678e-03
    1.2217470983506415e-03 2.6471187130930563e-03 8.1449806556709427e-04
    8.1449806556709427e-04 1.6289961311341885e-03 2.0362451639177356e-03
    2.2398696803095090e-03 2.4434941967012829e-03 2.4434941967012829e-03
    1.6289961311341885e-03 5.0906129097943393e-03 1.8326206475259622e-03
    2.0362451639177356e-03 1.2217470983506415e-03 1.8326206475259622e-03
    1.4253716147424149e-03 2.8507432294848298e-03 5.2942374261861127e-03
    2.0362451639177356e-03 1.6289961311341885e-03 2.0362451639177356e-03
    2.4434941967012829e-03 1.6289961311341885e-03 1.8326206475259622e-03
    1.8326206475259622e-03 2.4434941967012829e-03 1.6289961311341885e-03
    2.2398696803095090e-03 2.6471187130930563e-03 3.4616167786601505e-03
    1.2217470983506415e-03 2.4434941967012829e-03 1.8326206475259622e-03
    2.8507432294848298e-03 1.8326206475259622e-03 1.0181225819588678e-03
    5.4978619425778861e-03 8.7558542048462636e-03 2.0362451639177356e-03
    1.2217470983506415e-03 6.1087354917532073e-04 1.2217470983506415e-03
    1.8326206475259622e-03 1.0181225819588678e-03 3.2579922622683771e-03
    3.0543677458766036e-03 3.8688658114436978e-03 2.4434941967012829e-03
    1.2217470983506415e-03 2.2398696803095090e-03 1.8326206475259622e-03
    1.8326206475259622e-03 3.8688658114436978e-03 2.4434941967012829e-03
    6.1087354917532073e-04 1.2217470983506415e-03 8.9594787212380362e-03
    1.5271838729383017e-02 1.8326206475259622e-03 8.1449806556709427e-04
    1.8326206475259622e-03 1.4253716147424149e-03 2.0362451639177356e-03
    1.4253716147424149e-03 1.2217470983506415e-03 1.6289961311341885e-03
    2.4434941967012829e-03 2.6471187130930563e-03 3.2579922622683771e-03
    3.8688658114436978e-03 2.2398696803095090e-03 3.4616167786601505e-03
    1.2217470983506415e-03 6.1087354917532073e-04 4.0724903278354713e-04
    2.0362451639177357e-04 6.7196090409285276e-03 7.5341071064956222e-03
    1.2217470983506415e-03 1.4253716147424149e-03 1.2217470983506415e-03
    1.0181225819588678e-03 1.6289961311341885e-03 1.6289961311341885e-03
    2.8507432294848298e-03 1.8326206475259622e-03 1.6289961311341885e-03
    3.8688658114436978e-03 3.2579922622683771e-03 2.8507432294848298e-03
    2.2398696803095090e-03 2.8507432294848298e-03 1.6289961311341885e-03
    1.6289961311341885e-03 4.0724903278354713e-04 2.0362451639177357e-04
    5.4978619425778861e-03 8.3486051720627168e-03 4.0724903278354713e-04
    1.2217470983506415e-03 4.0724903278354713e-04 8.1449806556709427e-04
    1.0181225819588678e-03 1.2217470983506415e-03 2.6471187130930563e-03
    2.0362451639177356e-03 2.8507432294848298e-03 3.8688658114436978e-03
    3.0543677458766036e-03 3.6652412950519244e-03 1.4253716147424149e-03
    1.4253716147424149e-03 2.6471187130930563e-03 3.0543677458766036e-03
    3.2579922622683771e-03 1.0181225819588678e-03 1.0181225819588678e-03
    4.0724903278354713e-04 1.4253716147424149e-03 1.6289961311341885e-03
    2.2398696803095090e-03 2.0362451639177356e-03 1.0181225819588678e-03
    2.0362451639177356e-03 3.4616167786601505e-03 2.6471187130930563e-03
    3.8688658114436978e-03 4.2761148442272447e-03 4.4797393606190181e-03
    3.4616167786601505e-03 1.8326206475259622e-03 2.0362451639177356e-03
    2.0362451639177356e-03 2.6471187130930563e-03 4.4797393606190181e-03
    2.0362451639177357e-02 1.2217470983506415e-03 1.6289961311341885e-03
    2.0158827122785584e-02 4.6833638770107924e-03 2.8507432294848298e-03
    1.0181225819588678e-03 2.0362451639177356e-03 5.2942374261861127e-03
    4.8869883934025658e-03 3.6652412950519244e-03 4.0724903278354712e-03
    3.4616167786601505e-03 6.1087354917532073e-03 2.8507432294848298e-03
    3.6652412950519244e-03 3.0543677458766036e-03 2.0362451639177356e-03
    3.6652412950519244e-03 2.0362451639177356e-03 4.0724903278354713e-04
    6.1087354917532073e-04 1.0181225819588678e-03 2.0362451639177357e-04
    6.1087354917532073e-04 1.6289961311341885e-03 1.0181225819588678e-03
    2.8507432294848298e-03 1.8326206475259622e-03 1.6289961311341885e-03
    3.6652412950519244e-03 4.0724903278354712e-03 4.2761148442272447e-03
    4.2761148442272447e-03 3.6652412950519244e-03 3.2579922622683771e-03
    3.2579922622683771e-03 2.2398696803095090e-03 1.4253716147424149e-03
    1.2217470983506415e-03 1.0181225819588678e-03 4.0724903278354713e-04
    6.1087354917532073e-04 1.4253716147424149e-03 1.6289961311341885e-03
    3.8688658114436978e-03 3.0543677458766036e-03 2.8507432294848298e-03
    2.2398696803095090e-03 4.4797393606190181e-03 2.8507432294848298e-03
    5.0906129097943393e-03 3.2579922622683771e-03 7.7377316228873956e-03
    4.4797393606190181e-03 3.4616167786601505e-03 2.0362451639177356e-03
    1.8326206475259622e-03 2.2398696803095090e-03 3.8688658114436978e-03
    1.4457340663815923e-02 2.0362451639177357e-04 6.1087354917532073e-04
    1.1810221950722868e-02 4.2761148442272447e-03 1.2217470983506415e-03
    1.0181225819588678e-03 2.2398696803095090e-03 3.0543677458766036e-03
    3.0543677458766036e-03 4.4797393606190181e-03 3.4616167786601505e-03
    4.0724903278354712e-03 2.0362451639177356e-03 3.0543677458766036e-03
    2.4434941967012829e-03 1.6289961311341885e-03 1.0181225819588678e-03
    2.0362451639177356e-03 2.6471187130930563e-03 2.2398696803095090e-03
    8.1449806556709427e-04 6.1087354917532073e-04 5.4978619425778861e-03
    3.0543677458766036e-03 3.4616167786601505e-03 8.1449806556709427e-04
    1.4253716147424149e-03 1.2217470983506415e-03 1.0181225819588678e-03
    2.8507432294848298e-03 3.0543677458766036e-03 2.6471187130930563e-03
    3.8688658114436978e-03 4.0724903278354712e-03 3.0543677458766036e-03
    1.4253716147424149e-03 1.2217470983506415e-03 2.0362451639177356e-03
    2.0362451639177357e-04 4.0724903278354713e-04 5.7014864589696596e-03
    4.4797393606190181e-03 2.0362451639177357e-04 4.0724903278354713e-04
    1.2217470983506415e-03 1.2217470983506415e-03 8.1449806556709427e-04
    1.2217470983506415e-03 2.4434941967012829e-03 2.0362451639177356e-03
    2.0362451639177356e-03 2.8507432294848298e-03 3.0543677458766036e-03
    3.0543677458766036e-03 1.8326206475259622e-03 1.8326206475259622e-03
    1.0181225819588678e-03 1.8326206475259622e-03 0.
    2.0362451639177357e-04 7.7377316228873956e-03 7.7377316228873956e-03
    1.2217470983506415e-03 8.1449806556709427e-04 1.2217470983506415e-03
    1.0181225819588678e-03 1.0181225819588678e-03 1.6289961311341885e-03
    2.6471187130930563e-03 2.2398696803095090e-03 2.8507432294848298e-03
    1.8326206475259622e-03 5.4978619425778861e-03 1.8326206475259622e-03
    4.2761148442272447e-03 1.4253716147424149e-03 1.4253716147424149e-03
    1.6289961311341885e-03 6.1087354917532073e-04 2.0362451639177356e-03
    7.1268580737120753e-03 1.3031969049073508e-02 8.1449806556709427e-04
    6.1087354917532073e-04 6.1087354917532073e-04 1.0181225819588678e-03
    1.2217470983506415e-03 1.2217470983506415e-03 1.8326206475259622e-03
    1.2217470983506415e-03 2.6471187130930563e-03 2.6471187130930563e-03
