<?xml version="1.0"?>
<opencv_storage>
<table type_id="opencv-matrix">
  <rows>20</rows>
  <cols>20</cols>
  <dt>d</dt>
  <data>
    1.0245901639344263e-03 0. 0. 0. 0. 0. 1.0245901639344263e-03 0.
    2.0491803278688526e-03 1.0245901639344263e-03 3.0737704918032786e-03
    2.0491803278688526e-03 0. 2.0491803278688526e-03 0. 0. 0. 0.
    2.0491803278688526e-03 0. 0. 0. 1.0245901639344263e-03
    1.0245901639344263e-03 2.0491803278688526e-03 0.
    1.0245901639344263e-03 1.0245901639344263e-03 2.0491803278688526e-03
    0. 0. 0. 0. 3.0737704918032786e-03 0. 0. 1.0245901639344263e-03
    1.0245901639344263e-03 1.0245901639344263e-03 2.0491803278688526e-03
    0. 0. 1.0245901639344263e-03 1.0245901639344263e-03 0.
    2.0491803278688526e-03 2.0491803278688526e-03 0.
    1.0245901639344263e-03 2.0491803278688526e-03 1.0245901639344263e-03
    1.0245901639344263e-03 1.0245901639344263e-03 2.0491803278688526e-03
    1.0245901639344263e-03 1.0245901639344263e-03 0. 0.
    2.0491803278688526e-03 0. 1.0245901639344263e-03 0. 0. 0. 0. 0. 0.
    1.0245901639344263e-03 0. 6.1475409836065573e-03
    1.0245901639344263e-03 0. 1.0245901639344263e-03
    4.0983606557377051e-03 1.0245901639344263e-03 0. 0. 0. 0. 0. 0. 0.
    0. 4.0983606557377051e-03 3.0737704918032786e-03 0.
    2.0491803278688526e-03 4.0983606557377051e-03 3.0737704918032786e-03
    1.2295081967213115e-02 9.2213114754098359e-03 1.0245901639344263e-03
    2.0491803278688526e-03 1.0245901639344263e-03 0.
    1.0245901639344263e-03 2.0491803278688526e-03 0.
    1.0245901639344263e-03 0. 2.0491803278688526e-03
    1.0245901639344263e-03 0. 1.0245901639344263e-03
    2.0491803278688526e-03 0. 2.0491803278688526e-03
    7.1721311475409838e-03 6.1475409836065573e-03 8.1967213114754103e-03
    1.9467213114754099e-02 4.0983606557377051e-03 6.1475409836065573e-03
    3.0737704918032786e-03 1.0245901639344263e-03 2.0491803278688526e-03
    1.0245901639344263e-03 0. 1.0245901639344263e-03
    1.0245901639344263e-03 2.0491803278688526e-03 1.0245901639344263e-03
    0. 2.0491803278688526e-03 0. 1.0245901639344263e-03
    3.0737704918032786e-03 7.1721311475409838e-03 7.1721311475409838e-03
    4.0983606557377051e-03 6.1475409836065573e-03 4.0983606557377051e-03
    1.0245901639344263e-03 2.0491803278688526e-03 3.0737704918032786e-03
    1.0245901639344263e-03 1.0245901639344263e-03 1.0245901639344263e-03
    1.0245901639344263e-03 1.0245901639344263e-03 1.0245901639344263e-03
    4.0983606557377051e-03 1.0245901639344263e-03 2.0491803278688526e-03
    3.0737704918032786e-03 3.0737704918032786e-03 5.1229508196721308e-03
    6.1475409836065573e-03 8.1967213114754103e-03 1.2295081967213115e-02
    1.0245901639344262e-02 8.1967213114754103e-03 6.1475409836065573e-03
    3.0737704918032786e-03 6.1475409836065573e-03 6.1475409836065573e-03
    0. 0. 1.0245901639344263e-03 2.0491803278688526e-03 0. 0.
    3.0737704918032786e-03 2.0491803278688526e-03 3.0737704918032786e-03
    2.0491803278688526e-03 3.0737704918032786e-03 3.0737704918032786e-03
    3.0737704918032786e-03 0. 0. 4.0983606557377051e-03
    1.0245901639344263e-03 5.1229508196721308e-03 4.0983606557377051e-03
    0. 3.0737704918032786e-03 2.0491803278688526e-03
    1.0245901639344263e-03 2.0491803278688526e-03 2.0491803278688526e-03
    0. 4.0983606557377051e-03 4.0983606557377051e-03
    1.5368852459016393e-02 1.7418032786885244e-02 1.2295081967213115e-02
    7.1721311475409838e-03 0. 0. 0. 0. 1.2295081967213115e-02
    6.1475409836065573e-03 1.3319672131147540e-02 9.2213114754098359e-03
    6.1475409836065573e-03 0. 0. 2.0491803278688526e-03
    2.0491803278688526e-03 2.0491803278688526e-03 0.
    8.1967213114754103e-03 1.7418032786885244e-02 1.4344262295081968e-02
    1.3319672131147540e-02 1.3319672131147540e-02 1.0245901639344263e-03
    0. 0. 1.0245901639344263e-03 9.2213114754098359e-03
    1.1270491803278689e-02 1.2295081967213115e-02 1.4344262295081968e-02
    8.1967213114754103e-03 1.0245901639344263e-03 2.0491803278688526e-03
    0. 0. 2.0491803278688526e-03 0. 1.0245901639344263e-03
    3.0737704918032786e-03 3.0737704918032786e-03 4.0983606557377051e-03
    0. 4.0983606557377051e-03 1.0245901639344263e-03
    1.0245901639344263e-03 2.0491803278688526e-03 5.1229508196721308e-03
    7.1721311475409838e-03 3.0737704918032786e-03 3.0737704918032786e-03
    3.0737704918032786e-03 2.0491803278688526e-03 2.0491803278688526e-03
    0. 1.0245901639344263e-03 3.0737704918032786e-03
    4.0983606557377051e-03 0. 2.0491803278688526e-03
    4.0983606557377051e-03 4.0983606557377051e-03 6.1475409836065573e-03
    1.1270491803278689e-02 1.2295081967213115e-02 1.0245901639344262e-02
    4.0983606557377051e-03 5.1229508196721308e-03 4.0983606557377051e-03
    6.1475409836065573e-03 1.0245901639344263e-03 1.0245901639344263e-03
    0. 2.0491803278688526e-03 3.0737704918032786e-03 0. 0.
    2.0491803278688526e-03 2.0491803278688526e-03 0.
    5.1229508196721308e-03 8.1967213114754103e-03 2.0491803278688526e-03
    1.0245901639344262e-02 5.1229508196721308e-03 8.1967213114754103e-03
    3.0737704918032786e-03 5.1229508196721308e-03 3.0737704918032786e-03
    4.0983606557377051e-03 2.0491803278688526e-03 1.0245901639344263e-03
    1.0245901639344263e-03 0. 2.0491803278688526e-03 0.
    1.0245901639344263e-03 0. 0. 0. 0. 4.0983606557377051e-03
    4.0983606557377051e-03 3.0737704918032786e-03 1.4344262295081968e-02
    1.7418032786885244e-02 6.1475409836065573e-03 4.0983606557377051e-03
    3.0737704918032786e-03 0. 0. 1.0245901639344263e-03 0.
    1.0245901639344263e-03 0. 0. 2.0491803278688526e-03
    2.0491803278688526e-03 1.0245901639344263e-03 2.0491803278688526e-03
    2.0491803278688526e-03 0. 5.1229508196721308e-03
    7.1721311475409838e-03 1.3319672131147540e-02 8.1967213114754103e-03
    6.1475409836065573e-03 5.1229508196721308e-03 4.0983606557377051e-03
    0. 1.0245901639344263e-03 0. 0. 0. 0. 1.0245901639344263e-03
    1.0245901639344263e-03 1.0245901639344263e-03 1.0245901639344263e-03
    1.0245901639344263e-03 3.0737704918032786e-03 3.0737704918032786e-03
    2.0491803278688526e-03 3.0737704918032786e-03 2.0491803278688526e-03
    5.1229508196721308e-03 0. 2.0491803278688526e-03
    1.0245901639344263e-03 0. 3.0737704918032786e-03 0. 0.
    1.0245901639344263e-03 1.0245901639344263e-03 0. 0. 0. 0. 0. 0.
    3.0737704918032786e-03 2.0491803278688526e-03 1.0245901639344263e-03
    4.0983606557377051e-03 5.1229508196721308e-03 0.
    2.0491803278688526e-03 1.0245901639344263e-03 1.0245901639344263e-03
    0. 1.0245901639344263e-03 0. 1.0245901639344263e-03 0.
    1.0245901639344263e-03 0. 3.0737704918032786e-03 0. 0. 0.
    1.0245901639344263e-03 0. 1.0245901639344263e-03
    1.0245901639344263e-03 3.0737704918032786e-03 1.0245901639344263e-03
    0. 1.0245901639344263e-03 1.0245901639344263e-03
    1.0245901639344263e-03 1.0245901639344263e-03 0.
    1.0245901639344263e-03 1.0245901639344263e-03 0.
    1.0245901639344263e-03 0. 0. 1.0245901639344263e-03
    1.0245901639344263e-03 0. 0. 2.0491803278688526e-03
    1.0245901639344263e-03 0. 0. 0. 1.0245901639344263e-03
    2.0491803278688526e-03 0. 0. 0. 1.0245901639344263e-03
    1.0245901639344263e-03</data></table>
</opencv_storage>
