<?xml version="1.0"?>
<opencv_storage>
<table_lamp type_id="opencv-matrix">
  <rows>20</rows>
  <cols>20</cols>
  <dt>d</dt>
  <data>
    5.3359123576395256e-04 4.3354287905821145e-04 5.5026596188157610e-04
    6.1696486635207017e-04 5.8361541411682308e-04 1.0004835670574112e-03
    7.1701322305781122e-04 7.1701322305781122e-04 1.9842924079971984e-03
    1.1172066498807756e-03 1.1172066498807756e-03 1.3173033632922580e-03
    1.1839055543512698e-03 1.5174000767037401e-03 1.9509429557619516e-03
    8.1706157976355238e-04 6.6698904470494070e-04 5.8361541411682308e-04
    8.8376048423404645e-04 6.6698904470494070e-04 4.1686815294058796e-04
    2.5012089176435279e-04 5.3359123576395256e-04 4.5021760517583500e-04
    8.0038685364592884e-04 1.5674242550566108e-03 1.2339297327041403e-03
    7.3368794917543477e-04 9.6713411482216407e-04 1.2506044588217638e-03
    1.2005802804688933e-03 1.1338813759983993e-03 1.1839055543512698e-03
    2.6846309049373862e-03 2.7846792616431277e-03 9.1710993646929354e-04
    8.0038685364592884e-04 6.3363959246969372e-04 7.0033849694018779e-04
    5.6694068799919965e-04 4.6689233129345849e-04 4.5021760517583500e-04
    3.3349452235247035e-04 6.5031431858731715e-04 9.1710993646929354e-04
    3.0848243317603509e-03 1.8842440512914576e-03 1.0838571976455288e-03
    1.3173033632922580e-03 1.6174484334094813e-03 1.5507495289389871e-03
    1.2672791849393874e-03 1.4173517199979990e-03 5.1858398225809142e-03
    6.7866135298727719e-03 1.3506528155275050e-03 7.6703740141068186e-04
    6.1696486635207017e-04 5.3359123576395256e-04 6.5031431858731715e-04
    5.1691650964632901e-04 4.6689233129345849e-04 4.6689233129345849e-04
    5.8361541411682308e-04 1.3339780894098814e-03 9.1877740908105580e-03
    2.8680528922312449e-03 1.2839539110570109e-03 1.3173033632922580e-03
    1.4006769938803756e-03 1.8175451468209634e-03 1.5174000767037401e-03
    2.0343165863500692e-03 1.1455536842807357e-02 1.7541811875739940e-02
    1.5507495289389871e-03 9.6713411482216407e-04 9.3378466258691698e-04
    7.1701322305781122e-04 7.8371212752830540e-04 6.0029014023444663e-04
    9.8380884093978750e-04 9.6713411482216407e-04 1.2839539110570109e-03
    1.5007253505861166e-03 9.6379916959863938e-03 3.8685364592886563e-03
    1.3339780894098814e-03 1.0171582931750346e-03 1.4340264461156224e-03
    1.4840506244684932e-03 1.2339297327041403e-03 1.6841473378799753e-03
    1.2322622600923780e-02 2.0026346067265846e-02 1.4840506244684932e-03
    1.3840022677627519e-03 8.8376048423404645e-04 8.0038685364592884e-04
    7.8371212752830540e-04 8.0038685364592884e-04 1.5340748028213637e-03
    2.8680528922312449e-03 1.1505561021160227e-02 1.2939587467275851e-02
    9.8714378616331228e-03 4.6689233129345847e-03 1.4173517199979990e-03
    1.6341231595271048e-03 1.4673758983508695e-03 2.0176418602324457e-03
    2.1010154908205634e-03 2.8347034399959980e-03 1.1638958830101215e-02
    1.2889563288922979e-02 1.5057277684214037e-02 9.4045455303396648e-03
    2.7346550832902570e-03 1.4173517199979990e-03 1.3840022677627519e-03
    9.6713411482216407e-04 9.8380884093978750e-04 1.7341715162328458e-03
    4.2187057077587497e-03 4.4354771472878557e-03 5.3859365359923963e-03
    3.3182704974070803e-03 2.1677143952910575e-03 1.5174000767037401e-03
    1.8008704207033400e-03 1.9676176818795750e-03 3.1848726884660919e-03
    4.6188991345817148e-03 6.5198179119907952e-03 7.6870487402244418e-03
    6.2696970202264432e-03 4.9190442046989375e-03 1.9342682296443281e-03
    1.5507495289389871e-03 1.2506044588217638e-03 7.8371212752830540e-04
    7.3368794917543477e-04 7.6703740141068186e-04 9.3378466258691698e-04
    1.1172066498807756e-03 1.9175935035267045e-03 3.0181254272898567e-03
    2.8013539877607511e-03 1.3840022677627519e-03 1.0671824715279051e-03
    1.2672791849393874e-03 3.7518133764652913e-03 5.4859848926981378e-03
    6.4697937336379253e-03 3.3849694018775740e-03 4.2520551599939975e-03
    1.7841956945857163e-03 1.1005319237631522e-03 9.1710993646929354e-04
    1.1338813759983993e-03 7.8371212752830540e-04 7.0033849694018779e-04
    1.0505077454102817e-03 1.3673275416451285e-03 1.1672308282336462e-03
    1.8342198729385871e-03 2.2344132997615513e-03 1.8675693251738340e-03
    8.1706157976355238e-04 2.8347034399959982e-04 4.3354287905821145e-04
    1.6174484334094813e-03 4.5688749562288440e-03 7.1534575044604892e-03
    4.9023694785813145e-03 2.4845341915259041e-03 2.0509913124676926e-03
    1.7341715162328458e-03 1.2839539110570109e-03 8.5041103199879947e-04
    8.0038685364592884e-04 9.0043521035167000e-04 1.2672791849393874e-03
    1.4173517199979990e-03 1.5507495289389871e-03 2.2510880258791747e-03
    2.0676660385853161e-03 1.4673758983508695e-03 3.6684397458771738e-04
    7.3368794917543477e-04 3.6684397458771738e-04 1.1505561021160227e-03
    4.3687782428173619e-03 7.5536509312834534e-03 6.7699388037551480e-03
    4.0019342682296446e-03 2.8347034399959980e-03 1.8008704207033400e-03
    1.4673758983508695e-03 9.8380884093978750e-04 7.5036267529305831e-04
    7.1701322305781122e-04 9.5045938870454052e-04 1.4507011722332461e-03
    9.6713411482216407e-04 2.2177385736439278e-03 2.0509913124676926e-03
    8.1706157976355238e-04 2.5012089176435279e-04 5.8361541411682308e-04
    5.3359123576395256e-04 9.0043521035167000e-04 4.8523453002284438e-03
    8.9043037468109591e-03 7.2201564089309830e-03 4.5688749562288440e-03
    2.8013539877607511e-03 2.1843891214086810e-03 9.8380884093978750e-04
    1.1338813759983993e-03 5.1691650964632901e-04 7.1701322305781122e-04
    1.0505077454102817e-03 1.5340748028213637e-03 1.2339297327041403e-03
    1.5007253505861166e-03 2.3844858348201631e-03 1.4840506244684932e-03
    6.8366377082256424e-04 3.6684397458771738e-04 4.5021760517583500e-04
    1.8675693251738340e-03 4.3854529689349850e-03 7.2201564089309830e-03
    4.9857431091694321e-03 2.8347034399959980e-03 2.4178352870554099e-03
    1.9842924079971984e-03 1.3673275416451285e-03 2.0176418602324457e-03
    7.1701322305781122e-04 7.5036267529305831e-04 7.0033849694018779e-04
    1.1338813759983993e-03 1.6674726117623519e-03 1.8842440512914576e-03
    2.6846309049373862e-03 2.7179803571726335e-03 1.5007253505861166e-03
    9.0043521035167000e-04 8.8376048423404645e-04 2.7513298094078804e-03
    5.4359607143452671e-03 6.0195761284620904e-03 3.3849694018775740e-03
    1.8842440512914576e-03 2.1843891214086810e-03 1.6507978856447282e-03
    1.1505561021160227e-03 9.3378466258691698e-04 1.1172066498807756e-03
    9.8380884093978750e-04 1.7174967901152224e-03 4.5688749562288440e-03
    5.3692618098747725e-03 5.6193827016391253e-03 3.9519100898767739e-03
    2.0343165863500692e-03 2.0176418602324457e-03 1.9009187774090810e-03
    2.0009671341148223e-03 2.6846309049373862e-03 4.2187057077587497e-03
    6.7699388037551480e-03 7.6703740141068179e-03 6.5364926381084191e-03
    5.1024661919927966e-03 1.6174484334094813e-03 1.3673275416451285e-03
    1.3673275416451285e-03 9.5045938870454052e-04 1.4840506244684932e-03
    3.3182704974070803e-03 1.1155391772690133e-02 1.1839055543512698e-02
    1.0021510396691734e-02 4.9690683830518083e-03 1.5174000767037401e-03
    1.6007737072918577e-03 1.6674726117623519e-03 2.1510396691734337e-03
    2.1343649430558102e-03 2.7346550832902570e-03 1.2772840206099615e-02
    1.3339780894098815e-02 1.3956745760450884e-02 1.0571776358573310e-02
    3.4516683063480682e-03 1.8508945990562105e-03 1.1338813759983993e-03
    7.0033849694018779e-04 6.0029014023444663e-04 7.6703740141068186e-04
    1.1338813759983993e-03 1.6841473378799753e-03 9.9381367661036165e-03
    3.7851628287005386e-03 1.2339297327041403e-03 1.5174000767037401e-03
    1.5340748028213637e-03 1.3173033632922580e-03 1.3339780894098814e-03
    1.8842440512914576e-03 1.2922912741158227e-02 2.1110203264911375e-02
    1.9676176818795750e-03 1.2506044588217638e-03 1.1005319237631522e-03
    1.0171582931750346e-03 9.0043521035167000e-04 6.5031431858731715e-04
