<?xml version="1.0"?>
<opencv_storage>
<teapot type_id="opencv-matrix">
  <rows>20</rows>
  <cols>20</cols>
  <dt>d</dt>
  <data>
    0. 0. 0. 0. 0. 0. 0. 0. 0. 0. 0. 0. 0. 0. 0. 0. 0. 0. 0. 0. 0. 0. 0.
    0. 0. 0. 0. 0. 0. 0. 0. 0. 0. 0. 0. 1.0152284263959390e-02 0. 0. 0.
    0. 0. 0. 0. 5.0761421319796950e-03 0. 0. 0. 0. 0. 0. 0. 0.
    1.0152284263959390e-02 0. 0. 0. 0. 0. 0. 0. 1.0152284263959390e-02
    0. 0. 0. 0. 0. 0. 0. 0. 0. 0. 0. 0. 5.0761421319796950e-03 0. 0. 0.
    0. 5.0761421319796950e-03 0. 0. 0. 5.0761421319796950e-03
    1.0152284263959390e-02 0. 0. 0. 0. 5.0761421319796950e-03 0. 0.
    5.0761421319796950e-03 5.0761421319796950e-03 0.
    5.0761421319796950e-03 1.0152284263959390e-02 0. 0. 0. 0.
    5.0761421319796950e-03 0. 0. 0. 0. 1.0152284263959390e-02 0.
    1.0152284263959390e-02 5.0761421319796950e-03 0.
    1.5228426395939087e-02 0. 5.0761421319796950e-03
    5.0761421319796950e-03 5.0761421319796950e-03 5.0761421319796950e-03
    5.0761421319796950e-03 0. 0. 0. 1.0152284263959390e-02 0. 0. 0.
    5.0761421319796950e-03 0. 5.0761421319796950e-03 0.
    1.5228426395939087e-02 2.0304568527918780e-02 2.0304568527918780e-02
    0. 5.0761421319796950e-03 0. 5.0761421319796950e-03
    5.0761421319796950e-03 0. 0. 0. 0. 0. 0. 0. 5.0761421319796950e-03
    0. 5.0761421319796950e-03 0. 5.0761421319796950e-03
    5.0761421319796950e-03 0. 1.0152284263959390e-02
    5.0761421319796950e-03 1.0152284263959390e-02 5.0761421319796950e-03
    5.0761421319796950e-03 2.0304568527918780e-02 0. 0. 0.
    5.0761421319796950e-03 0. 0. 0. 0. 5.0761421319796950e-03
    5.0761421319796950e-03 5.0761421319796950e-03 2.0304568527918780e-02
    0. 5.0761421319796950e-03 1.0152284263959390e-02
    5.0761421319796950e-03 0. 0. 5.0761421319796950e-03
    1.0152284263959390e-02 1.0152284263959390e-02 5.0761421319796950e-03
    0. 1.0152284263959390e-02 0. 0. 5.0761421319796950e-03
    5.0761421319796950e-03 1.0152284263959390e-02 1.0152284263959390e-02
    1.0152284263959390e-02 1.5228426395939087e-02 1.0152284263959390e-02
    0. 0. 0. 1.0152284263959390e-02 1.0152284263959390e-02
    5.0761421319796950e-03 5.0761421319796950e-03 0. 0. 0. 0. 0. 0. 0.
    5.0761421319796950e-03 0. 1.0152284263959390e-02
    5.0761421319796950e-03 5.0761421319796950e-03 1.0152284263959390e-02
    0. 0. 0. 2.5380710659898477e-02 0. 1.5228426395939087e-02
    1.0152284263959390e-02 5.0761421319796950e-03 1.0152284263959390e-02
    5.0761421319796950e-03 0. 5.0761421319796950e-03 0. 0. 0. 0. 0. 0.
    1.0152284263959390e-02 1.5228426395939087e-02 5.0761421319796950e-03
    0. 5.0761421319796950e-03 1.0152284263959390e-02 0. 0. 0.
    5.0761421319796950e-03 1.5228426395939087e-02 0. 0. 0. 0. 0. 0. 0.
    0. 0. 5.0761421319796950e-03 1.0152284263959390e-02
    5.0761421319796950e-03 0. 1.0152284263959390e-02
    5.0761421319796950e-03 1.5228426395939087e-02 0. 0.
    5.0761421319796950e-03 0. 0. 5.0761421319796950e-03
    5.0761421319796950e-03 0. 0. 0. 5.0761421319796950e-03
    1.0152284263959390e-02 0. 1.0152284263959390e-02
    1.0152284263959390e-02 1.5228426395939087e-02 1.0152284263959390e-02
    1.0152284263959390e-02 0. 5.0761421319796950e-03 0. 0. 0. 0. 0. 0.
    0. 0. 5.0761421319796950e-03 0. 5.0761421319796950e-03 0. 0.
    5.0761421319796950e-03 5.0761421319796950e-03 5.0761421319796950e-03
    1.5228426395939087e-02 1.0152284263959390e-02 0.
    5.0761421319796950e-03 5.0761421319796950e-03 0.
    5.0761421319796950e-03 0. 0. 0. 0. 0. 0. 0. 0. 0. 0.
    5.0761421319796950e-03 0. 0. 0. 0. 5.0761421319796950e-03 0.
    5.0761421319796950e-03 5.0761421319796950e-03 5.0761421319796950e-03
    0. 0. 0. 0. 5.0761421319796950e-03 0. 0. 0. 0.
    1.0152284263959390e-02 0. 0. 0. 5.0761421319796950e-03 0. 0. 0. 0.
    0. 0. 0. 0. 5.0761421319796950e-03 0. 0. 0. 0. 0. 0. 0. 0. 0. 0. 0.
    5.0761421319796950e-03 0. 0. 0. 0. 5.0761421319796950e-03 0. 0.
    5.0761421319796950e-03 0. 5.0761421319796950e-03 0. 0. 0. 0. 0. 0.
    0. 0. 0. 0. 0. 0. 0. 0. 0. 0. 0. 0. 0. 5.0761421319796950e-03 0. 0.
    0. 5.0761421319796950e-03 0. 0. 0. 0. 0. 0. 0. 0. 0. 0.
    5.0761421319796950e-03 0. 0. 0.</data></teapot>
</opencv_storage>
