<?xml version="1.0"?>
<opencv_storage>
<television type_id="opencv-matrix">
  <rows>20</rows>
  <cols>20</cols>
  <dt>d</dt>
  <data>
    1.8185166428801621e-03 1.8645550389024446e-03 1.6343630587910317e-03
    1.6804014548133144e-03 1.6573822568021731e-03 1.3120942866350536e-03
    1.8415358408913033e-03 1.6573822568021731e-03 1.3351134846461949e-03
    1.6573822568021731e-03 2.5090925832144009e-03 1.4041710786796189e-03
    2.6932461673035311e-03 2.9924957414483679e-03 3.2457069195709221e-03
    3.3147645136043461e-03 2.7623037613369551e-03 3.2457069195709221e-03
    3.3608029096266288e-03 3.6830716817826065e-03 1.8875742369135859e-03
    2.0026702269692926e-03 1.6804014548133144e-03 1.3581326826573362e-03
    1.6573822568021731e-03 1.6804014548133144e-03 1.4271902766907600e-03
    1.0128447124902169e-03 1.1049215045347820e-03 1.5192670687353253e-03
    1.8645550389024446e-03 1.8415358408913033e-03 2.7162653653146724e-03
    3.3838221076377701e-03 3.1766493255374981e-03 3.4989180976934763e-03
    3.5909948897380416e-03 3.0845725334929333e-03 3.2457069195709221e-03
    3.5449564937157590e-03 1.6573822568021731e-03 2.2328622070807054e-03
    1.9566318309470099e-03 1.7724782468578795e-03 1.5653054647576077e-03
    1.6573822568021731e-03 1.2200174945904885e-03 1.4041710786796189e-03
    1.0358639105013581e-03 1.1739790985682058e-03 2.4860733852032596e-03
    1.8415358408913033e-03 2.6241885732701071e-03 3.4989180976934763e-03
    4.3045900280834215e-03 3.4528797016711936e-03 3.8211868698494545e-03
    3.7981676718383131e-03 4.1664748400165735e-03 4.0283596519497264e-03
    1.5883246627687491e-03 1.7264398508355968e-03 1.4962478707241840e-03
    1.2430366926016298e-03 1.1509599005570647e-03 1.1279407025459234e-03
    1.4041710786796189e-03 1.2890750886239124e-03 8.2869112840108653e-04
    1.0819023065236407e-03 1.4041710786796189e-03 2.0026702269692926e-03
    3.1996685235486395e-03 3.3377837116154874e-03 3.9362828599051611e-03
    3.5219372957046176e-03 3.0385341374706506e-03 3.9823212559274438e-03
    4.0283596519497264e-03 3.9362828599051611e-03 1.9336126329358686e-03
    1.4041710786796189e-03 1.5422862667464666e-03 1.4502094747019013e-03
    1.5422862667464666e-03 9.8982551447907561e-04 1.1969982965793471e-03
    9.8982551447907561e-04 6.4453754431195622e-04 8.0567193038994520e-04
    1.0819023065236407e-03 1.7724782468578795e-03 2.3019198011141294e-03
    2.5781501772478249e-03 2.4170157911698356e-03 3.4758988996823350e-03
    2.9004189494038026e-03 3.3377837116154874e-03 3.7060908797937478e-03
    3.3608029096266288e-03 1.7724782468578795e-03 1.6113438607798904e-03
    1.6343630587910317e-03 1.4502094747019013e-03 1.1969982965793471e-03
    1.0128447124902169e-03 9.2076792044565163e-04 5.5246075226739102e-04
    7.3661433635652132e-04 6.6755674232309744e-04 8.9774872243451040e-04
    1.2660558906127711e-03 1.9796510289581512e-03 2.3479581971364116e-03
    2.8313613553703791e-03 3.1306109295152155e-03 3.4528797016711936e-03
    4.3736476221168455e-03 4.4427052161502695e-03 4.3966668201279868e-03
    2.0026702269692926e-03 1.7954974448690208e-03 1.7724782468578795e-03
    1.7034206528244555e-03 1.1739790985682058e-03 1.0819023065236407e-03
    6.4453754431195622e-04 5.2944155425624969e-04 7.1359513834537999e-04
    5.0642235624510847e-04 4.1434556420054326e-04 1.2890750886239124e-03
    1.6113438607798904e-03 1.7494590488467382e-03 2.1638046130472814e-03
    2.7162653653146724e-03 3.3377837116154874e-03 3.4068413056489110e-03
    3.7060908797937478e-03 4.2815708300722802e-03 2.1868238110584227e-03
    2.1868238110584227e-03 1.6573822568021731e-03 1.3120942866350536e-03
    1.2200174945904885e-03 8.5171032641222775e-04 7.8265273237880387e-04
    4.3736476221168454e-04 3.9132636618940194e-04 3.9132636618940194e-04
    6.2151834630081490e-04 1.1049215045347820e-03 1.3120942866350536e-03
    1.7034206528244555e-03 2.0947470190138574e-03 3.1536301275263568e-03
    3.7751484738271718e-03 3.5449564937157590e-03 4.5347820081948348e-03
    5.9619722848855946e-03 3.3838221076377701e-03 2.9464573454260853e-03
    2.1407854150361401e-03 1.4732286727130426e-03 1.4502094747019013e-03
    1.2430366926016298e-03 8.0567193038994520e-04 4.3736476221168454e-04
    3.4528797016711939e-04 1.6113438607798906e-04 2.5321117812255423e-04
    1.1509599005570647e-03 1.7954974448690208e-03 1.9336126329358686e-03
    3.5909948897380416e-03 3.5219372957046176e-03 3.8902444638828785e-03
    4.2355324340499975e-03 5.9849914828967359e-03 6.4453754431195616e-03
    8.7933336402559736e-03 6.4223562451084203e-03 5.6397035127296168e-03
    3.8672252658717371e-03 2.7392845633258138e-03 1.5883246627687491e-03
    1.1969982965793471e-03 9.8982551447907561e-04 3.2226877215597811e-04
    4.6038396022282583e-05 1.3811518806684775e-04 1.5653054647576077e-03
    3.2917453155932048e-03 3.8672252658717371e-03 5.1102619584733671e-03
    6.5834906311864096e-03 8.8163528382671150e-03 1.0980157451314396e-02
    1.3650384420606785e-02 1.9082915151236130e-02 6.3302794530638549e-03
    5.4095115326182035e-03 4.3045900280834215e-03 3.1075917315040746e-03
    2.2558814050918467e-03 1.2660558906127711e-03 1.1509599005570647e-03
    4.8340315823396714e-04 2.3019198011141291e-04 1.3811518806684775e-04
    2.0717278210027163e-04 1.4502094747019013e-03 3.1075917315040746e-03
    5.4785691266516275e-03 5.0412043644399432e-03 7.2050089774872246e-03
    1.1509599005570645e-02 1.2821693292205699e-02 1.6827033746144283e-02
    2.0970489388149716e-02 2.4630541871921183e-03 1.8875742369135859e-03
    1.9105934349247272e-03 1.3351134846461949e-03 1.4041710786796189e-03
    8.0567193038994520e-04 8.7472952442336908e-04 4.8340315823396714e-04
    2.7623037613369551e-04 6.9057594033423877e-05 2.5321117812255423e-04
    9.4378711845679295e-04 1.5192670687353253e-03 2.4630541871921183e-03
    4.1664748400165735e-03 3.4758988996823350e-03 4.3966668201279868e-03
    4.6498779982505406e-03 6.8827402053312460e-03 7.0438745914092353e-03
    1.9566318309470099e-03 1.7954974448690208e-03 1.5192670687353253e-03
    1.2660558906127711e-03 1.2890750886239124e-03 1.0358639105013581e-03
    8.0567193038994520e-04 4.1434556420054326e-04 4.3736476221168454e-04
    3.9132636618940194e-04 5.9849914828967357e-04 8.0567193038994520e-04
    1.7954974448690208e-03 1.9566318309470099e-03 2.4400349891809769e-03
    3.6140140877491829e-03 3.7291100778048892e-03 4.0743980479720091e-03
    4.8570507803508125e-03 5.5706459186961928e-03 1.8645550389024446e-03
    1.7724782468578795e-03 1.7494590488467382e-03 1.5192670687353253e-03
    1.2660558906127711e-03 1.1279407025459234e-03 4.3736476221168454e-04
    4.6038396022282581e-04 3.9132636618940194e-04 4.8340315823396714e-04
    6.2151834630081490e-04 1.1049215045347820e-03 1.6113438607798904e-03
    2.1177662170249988e-03 2.3939965931586943e-03 2.8083421573592377e-03
    3.4298605036600523e-03 4.1434556420054322e-03 4.1664748400165735e-03
    4.7879931863173885e-03 1.4041710786796189e-03 1.4962478707241840e-03
    1.6343630587910317e-03 1.3581326826573362e-03 1.2890750886239124e-03
    1.1049215045347820e-03 8.5171032641222775e-04 8.0567193038994520e-04
    6.9057594033423877e-04 4.6038396022282581e-04 6.9057594033423877e-04
    1.2660558906127711e-03 1.9566318309470099e-03 2.3019198011141294e-03
    2.4860733852032596e-03 3.4528797016711936e-03 3.7291100778048892e-03
    3.6830716817826065e-03 3.4989180976934763e-03 4.2125132360388562e-03
    1.8415358408913033e-03 1.8185166428801621e-03 1.3351134846461949e-03
    1.4502094747019013e-03 1.3811518806684775e-03 1.3581326826573362e-03
    1.2200174945904885e-03 9.6680631646793428e-04 7.1359513834537999e-04
    6.6755674232309744e-04 1.4041710786796189e-03 1.9105934349247272e-03
    2.7162653653146724e-03 2.6472077712812484e-03 3.2687261175820635e-03
    2.9694765434372266e-03 3.1996685235486395e-03 3.2687261175820635e-03
    3.0845725334929333e-03 3.8902444638828785e-03 1.7724782468578795e-03
