<?xml version="1.0"?>
<opencv_storage>
<telephone type_id="opencv-matrix">
  <rows>20</rows>
  <cols>20</cols>
  <dt>d</dt>
  <data>
    0. 0. 1.3368983957219251e-03 0. 0. 0. 1.3368983957219251e-03
    4.0106951871657758e-03 5.3475935828877002e-03 4.0106951871657758e-03
    0. 0. 0. 2.6737967914438501e-03 2.6737967914438501e-03 0. 0.
    5.3475935828877002e-03 4.0106951871657758e-03 2.6737967914438501e-03
    2.6737967914438501e-03 2.6737967914438501e-03 1.3368983957219251e-03
    0. 1.3368983957219251e-03 1.3368983957219251e-03
    2.6737967914438501e-03 2.6737967914438501e-03 1.3368983957219251e-03
    2.6737967914438501e-03 1.3368983957219251e-03 0.
    1.3368983957219251e-03 4.0106951871657758e-03 1.3368983957219251e-03
    1.3368983957219251e-03 4.0106951871657758e-03 0.
    1.3368983957219251e-03 2.6737967914438501e-03 0.
    1.3368983957219251e-03 4.0106951871657758e-03 0. 0.
    5.3475935828877002e-03 0. 1.3368983957219251e-03
    1.3368983957219251e-03 0. 4.0106951871657758e-03
    1.3368983957219251e-03 6.6844919786096255e-03 1.3368983957219251e-03
    2.6737967914438501e-03 2.6737967914438501e-03 0.
    1.3368983957219251e-03 2.6737967914438501e-03 0.
    1.3368983957219251e-03 1.3368983957219251e-03 0. 0.
    2.6737967914438501e-03 0. 1.3368983957219251e-03 0.
    1.3368983957219251e-03 1.3368983957219251e-03 1.3368983957219251e-03
    4.0106951871657758e-03 4.0106951871657758e-03 4.0106951871657758e-03
    4.0106951871657758e-03 1.3368983957219251e-03 5.3475935828877002e-03
    8.0213903743315516e-03 2.6737967914438501e-03 2.6737967914438501e-03
    0. 2.6737967914438501e-03 0. 0. 1.3368983957219251e-03
    1.3368983957219251e-03 0. 1.3368983957219251e-03 0. 0.
    2.6737967914438501e-03 1.3368983957219251e-03 1.3368983957219251e-03
    9.3582887700534752e-03 9.3582887700534752e-03 2.6737967914438501e-03
    2.6737967914438501e-03 0. 2.6737967914438501e-03 0.
    1.3368983957219251e-03 1.3368983957219251e-03 2.6737967914438501e-03
    6.6844919786096255e-03 2.6737967914438501e-03 1.3368983957219251e-03
    0. 4.0106951871657758e-03 1.3368983957219251e-03
    4.0106951871657758e-03 5.3475935828877002e-03 1.3368983957219251e-03
    0. 5.3475935828877002e-03 2.6737967914438501e-03
    4.0106951871657758e-03 8.0213903743315516e-03 2.6737967914438501e-03
    1.3368983957219251e-03 4.0106951871657758e-03 1.3368983957219251e-03
    2.6737967914438501e-03 0. 0. 1.3368983957219251e-03
    4.0106951871657758e-03 0. 6.6844919786096255e-03
    1.3368983957219251e-03 1.3368983957219251e-03 1.3368983957219251e-03
    5.3475935828877002e-03 1.0695187165775400e-02 5.3475935828877002e-03
    2.0053475935828877e-02 5.3475935828877002e-03 4.0106951871657758e-03
    0. 8.0213903743315516e-03 1.3368983957219251e-03
    2.6737967914438501e-03 1.3368983957219251e-03 1.3368983957219251e-03
    2.6737967914438501e-03 1.3368983957219251e-03 0.
    1.3368983957219251e-03 2.6737967914438501e-03 0. 0. 0.
    4.0106951871657758e-03 1.6042780748663103e-02 9.3582887700534752e-03
    1.3368983957219251e-03 1.6042780748663103e-02 6.6844919786096255e-03
    2.6737967914438501e-03 0. 5.3475935828877002e-03
    4.0106951871657758e-03 0. 2.6737967914438501e-03
    4.0106951871657758e-03 2.6737967914438501e-03 1.3368983957219251e-03
    6.6844919786096255e-03 4.0106951871657758e-03 2.6737967914438501e-03
    0. 0. 1.3368983957219251e-03 6.6844919786096255e-03
    1.6042780748663103e-02 5.3475935828877002e-03 9.3582887700534752e-03
    4.0106951871657758e-03 4.0106951871657758e-03 2.6737967914438501e-03
    4.0106951871657758e-03 1.3368983957219251e-03 1.3368983957219251e-03
    0. 2.6737967914438501e-03 2.6737967914438501e-03
    5.3475935828877002e-03 2.6737967914438501e-03 1.3368983957219251e-03
    0. 0. 0. 0. 1.0695187165775400e-02 9.3582887700534752e-03
    9.3582887700534752e-03 6.6844919786096255e-03 2.6737967914438501e-03
    2.6737967914438501e-03 1.3368983957219251e-03 1.3368983957219251e-03
    1.3368983957219251e-03 1.3368983957219251e-03 0.
    1.3368983957219251e-03 1.3368983957219251e-03 1.3368983957219251e-03
    5.3475935828877002e-03 1.3368983957219251e-03 0.
    1.3368983957219251e-03 0. 0. 1.3368983957219251e-03
    1.2032085561497326e-02 1.6042780748663103e-02 5.3475935828877002e-03
    0. 1.0695187165775400e-02 5.3475935828877002e-03
    1.3368983957219251e-03 1.3368983957219251e-03 2.6737967914438501e-03
    0. 2.6737967914438501e-03 0. 1.3368983957219251e-03
    2.6737967914438501e-03 1.3368983957219251e-03 0.
    1.3368983957219251e-03 0. 1.3368983957219251e-03
    5.3475935828877002e-03 8.0213903743315516e-03 8.0213903743315516e-03
    4.0106951871657758e-03 2.6737967914438501e-03 0.
    2.6737967914438501e-03 5.3475935828877002e-03 2.6737967914438501e-03
    1.3368983957219251e-03 1.3368983957219251e-03 1.3368983957219251e-03
    1.3368983957219251e-03 1.3368983957219251e-03 0.
    6.6844919786096255e-03 5.3475935828877002e-03 2.6737967914438501e-03
    0. 2.6737967914438501e-03 5.3475935828877002e-03
    1.3368983957219251e-02 5.3475935828877002e-03 2.6737967914438501e-03
    6.6844919786096255e-03 6.6844919786096255e-03 1.3368983957219251e-03
    4.0106951871657758e-03 0. 1.3368983957219251e-03
    1.3368983957219251e-03 0. 1.3368983957219251e-03
    1.3368983957219251e-03 2.6737967914438501e-03 0.
    1.3368983957219251e-03 2.6737967914438501e-03 4.0106951871657758e-03
    1.3368983957219251e-03 6.6844919786096255e-03 6.6844919786096255e-03
    1.3368983957219251e-03 5.3475935828877002e-03 1.3368983957219251e-03
    2.6737967914438501e-03 8.0213903743315516e-03 1.3368983957219251e-03
    0. 0. 0. 0. 1.3368983957219251e-03 2.6737967914438501e-03 0.
    2.6737967914438501e-03 2.6737967914438501e-03 5.3475935828877002e-03
    4.0106951871657758e-03 4.0106951871657758e-03 4.0106951871657758e-03
    4.0106951871657758e-03 5.3475935828877002e-03 1.3368983957219251e-03
    6.6844919786096255e-03 0. 2.6737967914438501e-03
    1.3368983957219251e-03 0. 0. 4.0106951871657758e-03 0. 0.
    1.3368983957219251e-03 2.6737967914438501e-03 0.
    4.0106951871657758e-03 4.0106951871657758e-03 1.3368983957219251e-03
    6.6844919786096255e-03 1.3368983957219251e-03 0.
    6.6844919786096255e-03 2.6737967914438501e-03 2.6737967914438501e-03
    1.3368983957219251e-03 4.0106951871657758e-03 0.
    1.3368983957219251e-03 0. 1.3368983957219251e-03
    1.3368983957219251e-03 1.3368983957219251e-03 4.0106951871657758e-03
    1.3368983957219251e-03 0. 1.3368983957219251e-03
    4.0106951871657758e-03 0. 2.6737967914438501e-03
    2.6737967914438501e-03 2.6737967914438501e-03 4.0106951871657758e-03
    0. 1.3368983957219251e-03 1.3368983957219251e-03 0.
    1.3368983957219251e-03 0. 0. 2.6737967914438501e-03 0.
    1.3368983957219251e-03 0. 0. 5.3475935828877002e-03
    1.3368983957219251e-03 0. 1.3368983957219251e-03
    1.3368983957219251e-03 0. 2.6737967914438501e-03
    4.0106951871657758e-03 0. 0. 1.3368983957219251e-03
    2.6737967914438501e-03 1.3368983957219251e-03 0. 0.
    1.3368983957219251e-03 1.3368983957219251e-03 1.3368983957219251e-03
    0. 1.3368983957219251e-03 2.6737967914438501e-03
    2.6737967914438501e-03 0. 1.3368983957219251e-03
    2.6737967914438501e-03 1.3368983957219251e-03 2.6737967914438501e-03
    4.0106951871657758e-03 2.6737967914438501e-03 4.0106951871657758e-03
    2.6737967914438501e-03 1.3368983957219251e-03 4.0106951871657758e-03
    1.3368983957219251e-03 1.3368983957219251e-03 2.6737967914438501e-03
    0. 0. 2.6737967914438501e-03 1.3368983957219251e-03 0.
    1.3368983957219251e-03 0. 1.3368983957219251e-03
    1.3368983957219251e-03 1.3368983957219251e-03 2.6737967914438501e-03
    1.3368983957219251e-03 0. 1.3368983957219251e-03 0.
    1.3368983957219251e-03 2.6737967914438501e-03</data></telephone>
</opencv_storage>
