<?xml version="1.0"?>
<opencv_storage>
<toilet type_id="opencv-matrix">
  <rows>20</rows>
  <cols>20</cols>
  <dt>d</dt>
  <data>
    4.2265426880811494e-04 0. 4.2265426880811494e-04 0. 0. 0.
    4.2265426880811494e-04 8.4530853761622987e-04 0.
    1.6906170752324597e-03 3.8038884192730348e-03 2.9585798816568047e-03
    3.8038884192730348e-03 1.2679628064243449e-03 8.4530853761622987e-04
    2.1132713440405750e-03 1.2679628064243449e-03 1.6906170752324597e-03
    8.4530853761622987e-04 4.2265426880811494e-04 4.2265426880811494e-04
    8.4530853761622987e-04 8.4530853761622987e-04 4.2265426880811494e-04
    0. 0. 4.2265426880811494e-04 0. 0. 1.2679628064243449e-03
    5.0718512256973797e-03 5.4945054945054949e-03 1.2679628064243449e-03
    4.2265426880811500e-03 2.9585798816568047e-03 2.1132713440405750e-03
    5.9171597633136093e-03 2.5359256128486898e-03 2.9585798816568047e-03
    1.2679628064243449e-03 0. 0. 0. 8.4530853761622987e-04 0.
    8.4530853761622987e-04 8.4530853761622987e-04 8.4530853761622987e-04
    4.2265426880811494e-04 2.1132713440405750e-03 2.9585798816568047e-03
    5.0718512256973797e-03 3.3812341504649195e-03 1.6906170752324597e-03
    2.9585798816568047e-03 2.9585798816568047e-03 1.2679628064243449e-03
    4.2265426880811500e-03 4.2265426880811494e-04 2.1132713440405750e-03
    8.4530853761622987e-04 0. 4.2265426880811494e-04 0. 0. 0. 0. 0.
    4.2265426880811494e-04 0. 5.4945054945054949e-03
    5.4945054945054949e-03 1.6906170752324597e-03 2.9585798816568047e-03
    2.1132713440405750e-03 3.3812341504649195e-03 2.1132713440405750e-03
    2.9585798816568047e-03 1.2679628064243449e-03 1.6906170752324597e-03
    1.6906170752324597e-03 1.2679628064243449e-03 2.1132713440405750e-03
    4.2265426880811494e-04 8.4530853761622987e-04 0.
    1.2679628064243449e-03 4.2265426880811494e-04 1.6906170752324597e-03
    1.6906170752324597e-03 8.4530853761623000e-03 5.0718512256973797e-03
    1.2679628064243449e-03 2.5359256128486898e-03 1.6906170752324597e-03
    1.2679628064243449e-03 4.2265426880811500e-03 2.1132713440405750e-03
    4.2265426880811494e-04 2.1132713440405750e-03 8.4530853761622987e-04
    0. 4.2265426880811494e-04 8.4530853761622987e-04 0.
    4.2265426880811494e-04 8.4530853761622987e-04 0. 0.
    4.6491969568892644e-03 5.4945054945054949e-03 1.1411665257819104e-02
    3.3812341504649195e-03 2.5359256128486898e-03 5.0718512256973797e-03
    4.2265426880811500e-03 2.1132713440405750e-03 1.2679628064243449e-03
    8.4530853761622987e-04 2.1132713440405750e-03 8.4530853761622987e-04
    8.4530853761622987e-04 1.6906170752324597e-03 8.4530853761622987e-04
    0. 0. 4.2265426880811494e-04 4.2265426880811494e-04 0.
    2.1132713440405750e-03 8.4530853761623000e-03 1.2256973795435333e-02
    5.9171597633136093e-03 8.4530853761622987e-04 3.8038884192730348e-03
    2.5359256128486898e-03 6.3398140321217246e-03 2.9585798816568047e-03
    2.1132713440405750e-03 1.6906170752324597e-03 8.4530853761622987e-04
    4.2265426880811494e-04 0. 4.2265426880811494e-04 0.
    4.2265426880811494e-04 2.5359256128486898e-03 0.
    4.2265426880811494e-04 3.8038884192730348e-03 4.2265426880811500e-03
    1.0989010989010990e-02 5.4945054945054949e-03 1.6906170752324597e-03
    4.6491969568892644e-03 1.6906170752324597e-03 3.3812341504649195e-03
    3.3812341504649195e-03 2.5359256128486898e-03 1.6906170752324597e-03
    8.4530853761622987e-04 8.4530853761622987e-04 1.2679628064243449e-03
    2.1132713440405750e-03 0. 1.2679628064243449e-03
    8.4530853761622987e-04 0. 4.2265426880811494e-04
    8.4530853761622987e-04 1.2679628064243449e-03 2.1132713440405750e-03
    1.6906170752324597e-03 2.5359256128486898e-03 5.4945054945054949e-03
    6.7624683009298390e-03 2.9585798816568047e-03 2.9585798816568047e-03
    2.9585798816568047e-03 2.5359256128486898e-03 3.8038884192730348e-03
    0. 1.6906170752324597e-03 0. 1.2679628064243449e-03 0.
    8.4530853761622987e-04 0. 3.3812341504649195e-03
    2.5359256128486898e-03 7.7768385460693160e-02 3.2967032967032968e-02
    6.7624683009298390e-03 2.1132713440405750e-03 3.8038884192730348e-03
    2.1132713440405750e-03 4.2265426880811500e-03 2.5359256128486898e-03
    6.7624683009298390e-03 2.9585798816568047e-03 1.2679628064243449e-03
    8.4530853761622987e-04 2.5359256128486898e-03 0. 0.
    4.2265426880811494e-04 1.6906170752324597e-03 0.
    4.2265426880811494e-04 3.3812341504649195e-03 6.0016906170752324e-02
    3.1276415891800510e-02 8.0304311073541839e-03 3.8038884192730348e-03
    2.1132713440405750e-03 4.6491969568892644e-03 2.5359256128486898e-03
    2.1132713440405750e-03 3.3812341504649195e-03 2.5359256128486898e-03
    1.2679628064243449e-03 4.2265426880811494e-04 1.2679628064243449e-03
    1.6906170752324597e-03 0. 8.4530853761622987e-04
    2.5359256128486898e-03 0. 0. 2.1132713440405750e-03
    5.0718512256973797e-03 2.5359256128486898e-03 1.6906170752324597e-03
    1.2679628064243449e-03 5.0718512256973797e-03 8.4530853761623000e-03
    4.2265426880811500e-03 2.1132713440405750e-03 3.3812341504649195e-03
    2.5359256128486898e-03 4.2265426880811494e-04 1.2679628064243449e-03
    4.2265426880811494e-04 4.2265426880811494e-04 0.
    8.4530853761622987e-04 8.4530853761622987e-04 0. 0.
    1.2679628064243449e-03 8.0304311073541839e-03 9.7210481825866450e-03
    2.9585798816568047e-03 3.3812341504649195e-03 3.8038884192730348e-03
    4.6491969568892644e-03 7.6077768385460695e-03 3.8038884192730348e-03
    2.1132713440405750e-03 2.1132713440405750e-03 4.2265426880811494e-04
    4.2265426880811494e-04 1.2679628064243449e-03 4.2265426880811494e-04
    0. 0. 1.2679628064243449e-03 0. 4.2265426880811500e-03
    8.4530853761622987e-04 8.0304311073541839e-03 1.2679628064243449e-02
    2.9585798816568047e-03 5.0718512256973797e-03 2.5359256128486898e-03
    3.8038884192730348e-03 3.3812341504649195e-03 3.3812341504649195e-03
    4.6491969568892644e-03 3.3812341504649195e-03 4.2265426880811494e-04
    1.6906170752324597e-03 8.4530853761622987e-04 8.4530853761622987e-04
    4.2265426880811494e-04 0. 4.2265426880811494e-04
    4.2265426880811494e-04 8.4530853761622987e-04 2.5359256128486898e-03
    8.0304311073541839e-03 8.4530853761623000e-03 3.3812341504649195e-03
    1.2679628064243449e-03 2.1132713440405750e-03 2.9585798816568047e-03
    1.2679628064243449e-03 2.1132713440405750e-03 2.5359256128486898e-03
    2.5359256128486898e-03 8.4530853761622987e-04 0. 0.
    4.2265426880811494e-04 4.2265426880811494e-04 0. 0. 0. 0.
    1.2679628064243449e-03 4.6491969568892644e-03 2.9585798816568047e-03
    3.3812341504649195e-03 1.2679628064243449e-03 4.2265426880811494e-04
    2.1132713440405750e-03 8.4530853761622987e-04 2.9585798816568047e-03
    2.9585798816568047e-03 2.1132713440405750e-03 0.
    8.4530853761622987e-04 0. 4.2265426880811494e-04 0.
    4.2265426880811494e-04 4.2265426880811494e-04 0.
    4.2265426880811494e-04 3.8038884192730348e-03 5.0718512256973797e-03
    4.2265426880811500e-03 5.0718512256973797e-03 3.3812341504649195e-03
    1.6906170752324597e-03 2.5359256128486898e-03 5.0718512256973797e-03
    1.2679628064243449e-03 1.6906170752324597e-03 2.5359256128486898e-03
    4.2265426880811494e-04 4.2265426880811494e-04 8.4530853761622987e-04
    8.4530853761622987e-04 0. 0. 0. 4.2265426880811494e-04
    1.2679628064243449e-03 2.9585798816568047e-03 4.6491969568892644e-03
    3.8038884192730348e-03 2.9585798816568047e-03 1.2679628064243449e-03
    4.6491969568892644e-03 1.6906170752324597e-03 3.8038884192730348e-03
    2.9585798816568047e-03 8.4530853761622987e-04 2.1132713440405750e-03
    4.2265426880811494e-04 0. 0. 4.2265426880811494e-04 0. 0.
    1.2679628064243449e-03 0. 4.2265426880811494e-04
    4.2265426880811494e-04 4.6491969568892644e-03 5.4945054945054949e-03
    2.5359256128486898e-03 2.5359256128486898e-03 2.5359256128486898e-03
    8.4530853761622987e-04 1.2679628064243449e-03 4.2265426880811494e-04
    2.1132713440405750e-03 2.1132713440405750e-03 0.
