<?xml version="1.0"?>
<opencv_storage>
<towel_rack type_id="opencv-matrix">
  <rows>20</rows>
  <cols>20</cols>
  <dt>d</dt>
  <data>
    1.4347202295552368e-03 0. 1.4347202295552368e-03 0. 0. 0.
    1.4347202295552368e-03 0. 0. 0. 0. 2.8694404591104736e-03
    2.8694404591104736e-03 4.3041606886657100e-03 0. 0.
    5.7388809182209472e-03 0. 1.4347202295552368e-03
    2.8694404591104736e-03 0. 0. 1.4347202295552368e-03 0.
    1.4347202295552368e-03 0. 0. 2.8694404591104736e-03
    1.4347202295552368e-03 2.8694404591104736e-03 0.
    4.3041606886657100e-03 1.2912482065997131e-02 1.4347202295552368e-03
    4.3041606886657100e-03 1.4347202295552368e-03 2.8694404591104736e-03
    2.8694404591104736e-03 2.8694404591104736e-03 0.
    2.8694404591104736e-03 2.8694404591104736e-03 2.8694404591104736e-03
    0. 1.4347202295552368e-03 0. 1.4347202295552368e-03 0. 0.
    2.8694404591104736e-03 0. 1.4347202295552368e-03
    1.1477761836441894e-02 1.4347202295552368e-03 0.
    1.4347202295552368e-03 0. 4.3041606886657100e-03
    1.4347202295552368e-03 1.4347202295552368e-03 2.8694404591104736e-03
    0. 1.4347202295552368e-03 0. 1.4347202295552368e-03 0. 0.
    1.4347202295552368e-03 0. 1.4347202295552368e-03 0.
    4.3041606886657100e-03 1.4347202295552368e-03 2.8694404591104736e-03
    4.3041606886657100e-03 1.4347202295552368e-03 2.8694404591104736e-03
    0. 0. 2.8694404591104736e-03 0. 1.4347202295552368e-03
    2.8694404591104736e-03 0. 0. 1.4347202295552368e-03 0. 0.
    2.8694404591104736e-03 0. 4.3041606886657100e-03
    1.4347202295552367e-02 4.3041606886657100e-03 5.7388809182209472e-03
    5.7388809182209472e-03 7.1736011477761836e-03 0.
    5.7388809182209472e-03 2.8694404591104736e-03 0. 0. 0. 0. 0. 0.
    1.4347202295552368e-03 2.8694404591104736e-03 0. 0.
    1.4347202295552368e-03 0. 1.4347202295552367e-02
    4.3041606886657100e-03 1.4347202295552368e-03 5.7388809182209472e-03
    4.3041606886657100e-03 1.4347202295552368e-03 4.3041606886657100e-03
    1.4347202295552368e-03 1.4347202295552368e-03 4.3041606886657100e-03
    0. 1.4347202295552368e-03 0. 2.8694404591104736e-03 0. 0.
    1.4347202295552368e-03 1.4347202295552368e-03 0. 0.
    5.7388809182209472e-03 1.0043041606886656e-02 8.6083213773314200e-03
    4.3041606886657100e-03 2.8694404591104736e-03 2.8694404591104736e-03
    4.3041606886657100e-03 2.8694404591104736e-03 1.4347202295552368e-03
    1.4347202295552368e-03 1.4347202295552368e-03 1.4347202295552368e-03
    0. 0. 0. 5.7388809182209472e-03 1.4347202295552368e-03 0.
    1.4347202295552368e-03 1.4347202295552368e-03 4.3041606886657100e-03
    1.0043041606886656e-02 0. 4.3041606886657100e-03
    2.8694404591104736e-03 2.8694404591104736e-03 1.4347202295552368e-03
    1.4347202295552368e-03 2.8694404591104736e-03 0.
    2.8694404591104736e-03 2.8694404591104736e-03 0.
    1.4347202295552368e-03 1.4347202295552368e-03 0.
    1.4347202295552368e-03 1.4347202295552368e-03 1.4347202295552368e-03
    0. 2.8694404591104736e-03 1.4347202295552368e-03
    1.4347202295552368e-03 4.3041606886657100e-03 4.3041606886657100e-03
    1.4347202295552368e-03 1.4347202295552368e-03 4.3041606886657100e-03
    4.3041606886657100e-03 0. 7.1736011477761836e-03
    8.6083213773314200e-03 1.4347202295552368e-03 1.4347202295552368e-03
    1.4347202295552368e-03 5.7388809182209472e-03 8.6083213773314200e-03
    0. 0. 0. 7.1736011477761836e-03 1.4347202295552367e-02 0.
    4.3041606886657100e-03 5.7388809182209472e-03 8.6083213773314200e-03
    2.1520803443328552e-02 1.4347202295552368e-03 0.
    1.4347202295552368e-03 0. 2.8694404591104736e-03 0.
    2.8694404591104736e-03 0. 2.8694404591104736e-03 0.
    4.3041606886657100e-03 0. 0. 1.4347202295552368e-03
    2.2955523672883789e-02 5.7388809182209472e-03 5.7388809182209472e-03
    0. 4.3041606886657100e-03 7.1736011477761836e-03
    5.7388809182209472e-03 0. 0. 1.4347202295552368e-03
    1.4347202295552368e-03 1.4347202295552368e-03 0.
    2.8694404591104736e-03 1.4347202295552368e-03 0. 0. 0.
    5.7388809182209472e-03 1.4347202295552368e-03 4.3041606886657100e-03
    4.3041606886657100e-03 4.3041606886657100e-03 4.3041606886657100e-03
    7.1736011477761836e-03 5.7388809182209472e-03 4.3041606886657100e-03
    5.7388809182209472e-03 0. 1.4347202295552368e-03
    2.8694404591104736e-03 2.8694404591104736e-03 1.4347202295552368e-03
    0. 4.3041606886657100e-03 0. 0. 0. 0. 7.1736011477761836e-03
    4.3041606886657100e-03 1.4347202295552368e-03 0. 0.
    1.4347202295552367e-02 5.7388809182209472e-03 5.7388809182209472e-03
    8.6083213773314200e-03 1.4347202295552368e-03 1.4347202295552368e-03
    0. 2.8694404591104736e-03 1.4347202295552368e-03 0.
    1.4347202295552368e-03 0. 4.3041606886657100e-03 0. 0.
    8.6083213773314200e-03 7.1736011477761836e-03 1.4347202295552368e-03
    7.1736011477761836e-03 7.1736011477761836e-03 1.4347202295552368e-03
    2.8694404591104736e-03 1.1477761836441894e-02 8.6083213773314200e-03
    1.4347202295552368e-03 1.4347202295552368e-03 1.4347202295552368e-03
    0. 0. 0. 2.8694404591104736e-03 1.4347202295552368e-03
    1.4347202295552368e-03 0. 5.7388809182209472e-03
    8.6083213773314200e-03 8.6083213773314200e-03 2.8694404591104736e-03
    4.3041606886657100e-03 5.7388809182209472e-03 2.8694404591104736e-03
    2.8694404591104736e-03 1.4347202295552368e-03 1.4347202295552368e-03
    0. 2.8694404591104736e-03 0. 1.4347202295552368e-03
    7.1736011477761836e-03 7.1736011477761836e-03 0.
    1.4347202295552368e-03 1.4347202295552368e-03 7.1736011477761836e-03
    0. 1.0043041606886656e-02 2.8694404591104736e-03
    8.6083213773314200e-03 1.2912482065997131e-02 0.
    1.1477761836441894e-02 2.8694404591104736e-03 2.8694404591104736e-03
    0. 0. 0. 0. 1.4347202295552368e-03 0. 0. 0. 0. 0. 0.
    1.4347202295552368e-03 1.1477761836441894e-02 1.0043041606886656e-02
    5.7388809182209472e-03 4.3041606886657100e-03 1.4347202295552368e-03
    2.8694404591104736e-03 1.4347202295552368e-03 1.4347202295552368e-03
    1.4347202295552368e-03 0. 0. 4.3041606886657100e-03 0. 0.
    1.4347202295552368e-03 1.4347202295552368e-03 0.
    1.4347202295552368e-03 1.4347202295552368e-03 0.
    5.7388809182209472e-03 8.6083213773314200e-03 4.3041606886657100e-03
    4.3041606886657100e-03 0. 0. 1.4347202295552368e-03
    2.8694404591104736e-03 1.4347202295552368e-03 0.
    1.4347202295552368e-03 0. 0. 0. 2.8694404591104736e-03
    2.8694404591104736e-03 1.4347202295552368e-03 0. 0. 0.
    5.7388809182209472e-03 0. 0. 2.8694404591104736e-03 0. 0.
    2.8694404591104736e-03 4.3041606886657100e-03 0. 0. 0.
    1.4347202295552368e-03 1.4347202295552368e-03 0.
    1.4347202295552368e-03 0. 1.4347202295552368e-03 0. 0.
    1.4347202295552368e-03 7.1736011477761836e-03 7.1736011477761836e-03
    2.8694404591104736e-03 4.3041606886657100e-03 0. 0.
    1.4347202295552368e-03 2.8694404591104736e-03 1.4347202295552368e-03</data></towel_rack>
</opencv_storage>
