<?xml version="1.0"?>
<opencv_storage>
<toy type_id="opencv-matrix">
  <rows>20</rows>
  <cols>20</cols>
  <dt>d</dt>
  <data>
    1.6900580498199721e-03 1.7635388345947534e-03 1.3961349107208464e-03
    1.3226541259460651e-03 1.6165772650451908e-03 3.0861929605408185e-03
    1.1756925563965023e-03 2.4248658975677862e-03 2.3513851127930046e-03
    3.2331545300903815e-03 2.7187890366669118e-03 3.5270776691895067e-03
    3.0127121757660370e-03 2.9392313909912559e-03 2.4248658975677862e-03
    1.9105004041443162e-03 1.6165772650451908e-03 2.0574619736938790e-03
    1.4696156954956280e-03 1.5430964802704093e-03 1.1756925563965023e-03
    1.6165772650451908e-03 2.2779043280182231e-03 1.6165772650451908e-03
    1.9105004041443162e-03 2.3513851127930046e-03 2.2044235432434420e-03
    1.9839811889190975e-03 2.3513851127930046e-03 3.0861929605408185e-03
    2.3513851127930046e-03 3.4535968844147257e-03 3.5270776691895067e-03
    2.4983466823425672e-03 2.8657506062164744e-03 2.3513851127930046e-03
    2.2044235432434420e-03 2.0574619736938790e-03 2.5718274671173488e-03
    1.4696156954956280e-03 1.9105004041443162e-03 1.6165772650451908e-03
    2.7922698214416929e-03 2.3513851127930046e-03 1.9105004041443162e-03
    2.0574619736938790e-03 2.3513851127930046e-03 2.2044235432434420e-03
    1.4696156954956280e-03 2.6453082518921303e-03 3.2331545300903815e-03
    3.9679623778381950e-03 3.6005584539642883e-03 2.7187890366669118e-03
    2.4983466823425672e-03 3.0127121757660370e-03 1.7635388345947534e-03
    1.8370196193695349e-03 1.7635388345947534e-03 1.5430964802704093e-03
    1.9105004041443162e-03 2.3513851127930046e-03 2.2044235432434420e-03
    1.1022117716217210e-03 2.1309427584686605e-03 3.3066353148651626e-03
    2.4983466823425672e-03 3.1596737453156000e-03 3.0127121757660370e-03
    3.6740392387390698e-03 3.5270776691895067e-03 3.3801160996399441e-03
    3.0861929605408185e-03 2.2044235432434420e-03 1.1977367918289367e-02
    1.6165772650451908e-03 1.8370196193695349e-03 1.8370196193695349e-03
    2.1309427584686605e-03 1.9105004041443162e-03 2.1309427584686605e-03
    1.9105004041443162e-03 1.6900580498199721e-03 2.9392313909912559e-03
    2.2779043280182231e-03 2.1309427584686605e-03 2.7187890366669118e-03
    2.2779043280182231e-03 2.3513851127930046e-03 2.1309427584686605e-03
    2.8657506062164744e-03 3.4535968844147257e-03 3.0127121757660370e-03
    3.3801160996399441e-03 3.0861929605408185e-03 2.2044235432434420e-03
    2.1309427584686605e-03 2.0574619736938790e-03 2.2779043280182231e-03
    1.9839811889190975e-03 1.3961349107208464e-03 1.9105004041443162e-03
    2.6453082518921303e-03 2.2044235432434420e-03 2.5718274671173488e-03
    2.2044235432434420e-03 2.4248658975677862e-03 2.3513851127930046e-03
    2.2779043280182231e-03 2.4983466823425672e-03 2.7922698214416929e-03
    3.1596737453156000e-03 3.1596737453156000e-03 2.0574619736938790e-03
    2.8657506062164744e-03 2.4983466823425672e-03 2.1309427584686605e-03
    2.2044235432434420e-03 2.6453082518921303e-03 2.2044235432434420e-03
    2.0574619736938790e-03 2.3513851127930046e-03 2.2779043280182231e-03
    2.3513851127930046e-03 2.4248658975677862e-03 2.4248658975677862e-03
    2.4983466823425672e-03 1.4696156954956280e-03 2.3513851127930046e-03
    2.6453082518921303e-03 3.1596737453156000e-03 3.0127121757660370e-03
    2.8657506062164744e-03 2.0574619736938790e-03 2.7922698214416929e-03
    2.8657506062164744e-03 1.9839811889190975e-03 2.4248658975677862e-03
    2.2779043280182231e-03 3.1596737453156000e-03 1.9839811889190975e-03
    1.3961349107208464e-03 1.1389521640091117e-02 3.3801160996399441e-03
    1.6165772650451908e-03 2.3513851127930046e-03 2.1309427584686605e-03
    1.8370196193695349e-03 1.9105004041443162e-03 2.4248658975677862e-03
    2.4983466823425672e-03 2.3513851127930046e-03 2.3513851127930046e-03
    1.6165772650451908e-03 2.6453082518921303e-03 2.3513851127930046e-03
    3.1596737453156000e-03 2.4248658975677862e-03 2.0574619736938790e-03
    2.5718274671173488e-03 1.9105004041443162e-03 2.4983466823425672e-03
    2.2779043280182231e-03 2.7187890366669118e-03 2.3513851127930046e-03
    2.0574619736938790e-03 2.4983466823425672e-03 1.3226541259460651e-03
    1.5430964802704093e-03 1.7635388345947534e-03 3.0861929605408185e-03
    3.3801160996399441e-03 2.4248658975677862e-03 2.7922698214416929e-03
    3.1596737453156000e-03 2.3513851127930046e-03 3.6005584539642883e-03
    3.3066353148651626e-03 2.3513851127930046e-03 3.0861929605408185e-03
    1.9105004041443162e-03 2.1309427584686605e-03 1.9839811889190975e-03
    3.3801160996399441e-03 3.0127121757660370e-03 2.9392313909912559e-03
    1.7635388345947534e-03 1.3961349107208464e-03 2.2044235432434420e-03
    3.5270776691895067e-03 5.3640972885590421e-03 2.6453082518921303e-03
    3.2331545300903815e-03 1.9839811889190975e-03 2.2044235432434420e-03
    3.1596737453156000e-03 3.0127121757660370e-03 2.8657506062164744e-03
    3.0861929605408185e-03 2.6453082518921303e-03 2.7187890366669118e-03
    2.6453082518921303e-03 2.4983466823425672e-03 3.2331545300903815e-03
    2.2779043280182231e-03 2.2044235432434420e-03 2.2779043280182231e-03
    3.0127121757660370e-03 2.4248658975677862e-03 4.4823278712616647e-03
    4.9966933646851345e-03 3.0861929605408185e-03 2.6453082518921303e-03
    2.8657506062164744e-03 2.5718274671173488e-03 3.0861929605408185e-03
    2.6453082518921303e-03 3.1596737453156000e-03 3.0127121757660370e-03
    2.4983466823425672e-03 1.9839811889190975e-03 2.2044235432434420e-03
    2.1309427584686605e-03 2.7187890366669118e-03 3.3066353148651626e-03
    2.5718274671173488e-03 1.9105004041443162e-03 6.6132706297303257e-04
    2.0574619736938790e-03 2.2044235432434420e-03 2.7922698214416929e-03
    3.0127121757660370e-03 3.0861929605408185e-03 3.3066353148651626e-03
    2.9392313909912559e-03 2.8657506062164744e-03 2.3513851127930046e-03
    2.9392313909912559e-03 1.9105004041443162e-03 2.3513851127930046e-03
    2.4248658975677862e-03 2.2779043280182231e-03 2.2044235432434420e-03
    2.8657506062164744e-03 1.6165772650451908e-03 1.9839811889190975e-03
    2.3513851127930046e-03 1.7635388345947534e-03 2.2779043280182231e-03
    1.6900580498199721e-03 2.7187890366669118e-03 2.6453082518921303e-03
    2.6453082518921303e-03 3.6740392387390698e-03 1.9839811889190975e-03
    2.6453082518921303e-03 8.3033286795502984e-03 2.7187890366669118e-03
    2.3513851127930046e-03 1.9839811889190975e-03 2.0574619736938790e-03
    2.2779043280182231e-03 2.6453082518921303e-03 2.3513851127930046e-03
    2.6453082518921303e-03 2.8657506062164744e-03 2.8657506062164744e-03
    1.5430964802704093e-03 1.9839811889190975e-03 2.0574619736938790e-03
    2.3513851127930046e-03 2.4248658975677862e-03 2.3513851127930046e-03
    4.4823278712616647e-03 2.2779043280182231e-03 2.9392313909912559e-03
    3.0861929605408185e-03 3.6740392387390698e-03 2.7187890366669118e-03
    2.7187890366669118e-03 2.0574619736938790e-03 1.3961349107208464e-03
    1.3961349107208464e-03 1.2491733411712836e-03 2.3513851127930046e-03
    1.9105004041443162e-03 2.4248658975677862e-03 1.6900580498199721e-03
    2.3513851127930046e-03 2.7187890366669118e-03 2.4248658975677862e-03
    2.8657506062164744e-03 2.6453082518921303e-03 3.0861929605408185e-03
    3.8210008082886324e-03 1.9839811889190975e-03 2.7187890366669118e-03
    2.4983466823425672e-03 2.3513851127930046e-03 2.2779043280182231e-03
    1.3226541259460651e-03 1.3961349107208464e-03 1.8370196193695349e-03
    1.1022117716217210e-03 2.4248658975677862e-03 1.6900580498199721e-03
    1.1022117716217210e-03 2.4983466823425672e-03 2.7922698214416929e-03
    2.9392313909912559e-03 3.6740392387390698e-03 1.9105004041443162e-03
    2.2779043280182231e-03 2.7922698214416929e-03 2.7187890366669118e-03
    2.4248658975677862e-03 2.3513851127930046e-03 2.5718274671173488e-03
    2.7187890366669118e-03 2.1309427584686605e-03 1.5430964802704093e-03
