<?xml version="1.0"?>
<opencv_storage>
<trash_can type_id="opencv-matrix">
  <rows>20</rows>
  <cols>20</cols>
  <dt>d</dt>
  <data>
    1.0814708002883922e-03 7.2098053352559477e-04 1.2617159336697908e-03
    1.9826964671953856e-03 7.2098053352559477e-04 1.2617159336697908e-03
    1.9826964671953856e-03 1.8024513338139869e-03 1.2617159336697908e-03
    1.8024513338139869e-03 2.1629416005767843e-03 2.1629416005767843e-03
    1.6222062004325882e-03 2.1629416005767843e-03 1.4419610670511895e-03
    2.5234318673395817e-03 2.3431867339581830e-03 3.6049026676279738e-03
    1.8024513338139869e-03 2.7036770007209804e-03 2.3431867339581830e-03
    1.2617159336697908e-03 1.0814708002883922e-03 1.8024513338139869e-03
    2.5234318673395817e-03 2.7036770007209804e-03 2.1629416005767843e-03
    2.7036770007209804e-03 2.1629416005767843e-03 2.1629416005767843e-03
    1.8024513338139869e-03 3.0641672674837778e-03 2.7036770007209804e-03
    3.6049026676279738e-03 4.5061283345349673e-03 1.8024513338139869e-03
    2.5234318673395817e-03 3.0641672674837778e-03 4.5061283345349673e-03
    2.1629416005767843e-03 1.9826964671953856e-03 1.4419610670511895e-03
    1.0814708002883922e-03 1.8024513338139869e-03 2.1629416005767843e-03
    1.2617159336697908e-03 2.3431867339581830e-03 1.6222062004325882e-03
    1.8024513338139869e-03 1.0814708002883922e-03 1.4419610670511895e-03
    2.5234318673395817e-03 2.7036770007209804e-03 1.9826964671953856e-03
    2.8839221341023791e-03 3.4246575342465752e-03 3.4246575342465752e-03
    3.7851478010093725e-03 3.0641672674837778e-03 2.5234318673395817e-03
    1.8024513338139869e-03 1.0814708002883922e-03 1.6222062004325882e-03
    1.4419610670511895e-03 9.0122566690699346e-04 1.9826964671953856e-03
    1.8024513338139869e-03 2.7036770007209804e-03 2.8839221341023791e-03
    9.0122566690699346e-04 2.8839221341023791e-03 3.2444124008651765e-03
    3.6049026676279738e-03 4.6863734679163660e-03 5.2271088680605621e-03
    3.4246575342465752e-03 1.8024513338139869e-03 3.7851478010093725e-03
    3.4246575342465752e-03 5.0468637346791634e-03 1.0814708002883922e-03
    9.0122566690699346e-04 1.8024513338139869e-03 1.9826964671953856e-03
    1.6222062004325882e-03 9.0122566690699346e-04 2.7036770007209804e-03
    1.8024513338139869e-03 1.4419610670511895e-03 1.6222062004325882e-03
    2.7036770007209804e-03 2.8839221341023791e-03 2.5234318673395817e-03
    4.5061283345349673e-03 4.6863734679163660e-03 3.4246575342465752e-03
    3.6049026676279738e-03 3.7851478010093725e-03 3.2444124008651765e-03
    4.3258832011535686e-03 1.4419610670511895e-03 1.2617159336697908e-03
    7.2098053352559477e-04 1.4419610670511895e-03 2.3431867339581830e-03
    2.1629416005767843e-03 1.9826964671953856e-03 2.7036770007209804e-03
    8.1110310021629412e-03 1.4419610670511895e-03 1.9826964671953856e-03
    4.3258832011535686e-03 4.1456380677721699e-03 5.9480894015861568e-03
    4.5061283345349673e-03 2.5234318673395817e-03 3.4246575342465752e-03
    3.0641672674837778e-03 4.8666186012977647e-03 3.2444124008651765e-03
    1.8024513338139869e-03 1.4419610670511895e-03 3.2444124008651765e-03
    2.7036770007209804e-03 1.8024513338139869e-03 1.8024513338139869e-03
    2.8839221341023791e-03 3.4246575342465752e-03 1.2617159336697908e-03
    2.5234318673395817e-03 2.5234318673395817e-03 1.9826964671953856e-03
    3.2444124008651765e-03 5.2271088680605621e-03 5.2271088680605621e-03
    5.4073540014419608e-03 3.2444124008651765e-03 4.3258832011535686e-03
    3.7851478010093725e-03 7.0295602018745490e-03 3.6049026676279738e-03
    2.7036770007209804e-03 2.1629416005767843e-03 1.4419610670511895e-03
    3.4246575342465752e-03 1.9826964671953856e-03 5.0468637346791634e-03
    3.6049026676279738e-03 1.2617159336697908e-03 2.3431867339581830e-03
    2.5234318673395817e-03 2.8839221341023791e-03 4.6863734679163660e-03
    2.7036770007209804e-03 3.4246575342465752e-03 3.4246575342465752e-03
    3.9653929343907712e-03 3.4246575342465752e-03 1.8024513338139869e-03
    4.3258832011535686e-03 1.6222062004325882e-03 1.9826964671953856e-03
    1.9826964671953856e-03 2.5234318673395817e-03 1.0814708002883922e-03
    1.0814708002883922e-03 3.0641672674837778e-03 2.1629416005767843e-03
    1.8024513338139869e-04 5.4073540014419608e-04 1.0814708002883922e-03
    2.1629416005767843e-03 2.7036770007209804e-03 5.2271088680605621e-03
    2.3431867339581830e-03 3.9653929343907712e-03 3.0641672674837778e-03
    2.8839221341023791e-03 2.8839221341023791e-03 3.9653929343907712e-03
    1.4419610670511895e-03 1.6222062004325882e-03 9.0122566690699346e-04
    1.2617159336697908e-03 1.2617159336697908e-03 2.5234318673395817e-03
    1.6222062004325882e-03 1.2617159336697908e-03 1.8024513338139869e-04
    0. 0. 1.8024513338139869e-04 1.8024513338139869e-03
    3.0641672674837778e-03 2.3431867339581830e-03 2.5234318673395817e-03
    3.4246575342465752e-03 3.0641672674837778e-03 3.0641672674837778e-03
    4.5061283345349673e-03 1.0814708002883922e-03 1.4419610670511895e-03
    5.4073540014419608e-04 1.2617159336697908e-03 1.4419610670511895e-03
    1.9826964671953856e-03 1.6222062004325882e-03 1.6222062004325882e-03
    3.6049026676279738e-04 0. 1.8024513338139869e-04
    7.2098053352559477e-04 2.7036770007209804e-03 3.6049026676279738e-03
    4.1456380677721699e-03 2.7036770007209804e-03 2.7036770007209804e-03
    2.7036770007209804e-03 3.9653929343907712e-03 4.5061283345349673e-03
    2.3431867339581830e-03 1.2617159336697908e-03 1.2617159336697908e-03
    1.8024513338139869e-03 2.3431867339581830e-03 2.5234318673395817e-03
    1.6222062004325882e-03 2.7036770007209804e-03 7.2098053352559477e-04
    5.4073540014419608e-04 7.2098053352559477e-04 3.6049026676279738e-04
    2.7036770007209804e-03 2.8839221341023791e-03 3.0641672674837778e-03
    2.3431867339581830e-03 2.8839221341023791e-03 4.5061283345349673e-03
    3.7851478010093725e-03 5.9480894015861568e-03 1.8024513338139869e-03
    9.0122566690699346e-04 1.6222062004325882e-03 3.0641672674837778e-03
    1.6222062004325882e-03 2.3431867339581830e-03 1.4419610670511895e-03
    2.7036770007209804e-03 1.8024513338139869e-03 1.8024513338139869e-03
    2.1629416005767843e-03 3.4246575342465752e-03 4.5061283345349673e-03
    4.1456380677721699e-03 3.2444124008651765e-03 2.3431867339581830e-03
    5.4073540014419608e-03 2.5234318673395817e-03 2.5234318673395817e-03
    3.0641672674837778e-03 1.6222062004325882e-03 1.4419610670511895e-03
    1.6222062004325882e-03 2.5234318673395817e-03 2.7036770007209804e-03
    3.2444124008651765e-03 1.8024513338139869e-03 1.0814708002883922e-03
    2.5234318673395817e-03 2.1629416005767843e-03 3.6049026676279738e-03
    4.1456380677721699e-03 4.5061283345349673e-03 5.2271088680605621e-03
    5.0468637346791634e-03 3.6049026676279738e-03 3.6049026676279738e-03
    4.3258832011535686e-03 4.5061283345349673e-03 5.7678442682047582e-03
    1.0814708002883922e-03 1.0814708002883922e-03 1.4419610670511895e-03
    2.3431867339581830e-03 1.9826964671953856e-03 3.7851478010093725e-03
    2.8839221341023791e-03 1.6222062004325882e-03 7.2098053352559477e-04
    1.4419610670511895e-03 1.4419610670511895e-03 2.5234318673395817e-03
    4.3258832011535686e-03 5.5875991348233595e-03 5.9480894015861568e-03
    3.6049026676279738e-03 3.7851478010093725e-03 1.9826964671953856e-03
    3.4246575342465752e-03 2.7036770007209804e-03 1.8024513338139869e-03
    1.2617159336697908e-03 1.6222062004325882e-03 1.9826964671953856e-03
    1.8024513338139869e-03 2.7036770007209804e-03 2.5234318673395817e-03
    2.3431867339581830e-03 2.3431867339581830e-03 2.8839221341023791e-03
    3.0641672674837778e-03 3.0641672674837778e-03 3.7851478010093725e-03
    4.8666186012977647e-03 4.6863734679163660e-03 2.8839221341023791e-03
    3.9653929343907712e-03 2.5234318673395817e-03 4.1456380677721699e-03
    5.4073540014419608e-03 9.0122566690699346e-04 7.2098053352559477e-04
    2.8839221341023791e-03 1.6222062004325882e-03 1.0814708002883922e-03
