<?xml version="1.0"?>
<opencv_storage>
<trinket type_id="opencv-matrix">
  <rows>20</rows>
  <cols>20</cols>
  <dt>d</dt>
  <data>
    0. 0. 8.5251491901108269e-04 0. 1.7050298380221654e-03
    1.7050298380221654e-03 1.7050298380221654e-03 1.7050298380221654e-03
    3.4100596760443308e-03 8.5251491901108269e-04 0.
    1.7050298380221654e-03 2.5575447570332483e-03 5.1150895140664966e-03
    2.5575447570332483e-03 0. 8.5251491901108269e-04
    1.7050298380221654e-03 0. 8.5251491901108269e-04
    8.5251491901108269e-04 0. 8.5251491901108269e-04
    2.5575447570332483e-03 8.5251491901108269e-04 8.5251491901108269e-04
    2.5575447570332483e-03 2.5575447570332483e-03 8.5251491901108269e-04
    5.9676044330775786e-03 2.5575447570332483e-03 2.5575447570332483e-03
    3.4100596760443308e-03 2.5575447570332483e-03 3.4100596760443308e-03
    3.4100596760443308e-03 2.5575447570332483e-03 8.5251491901108269e-04
    2.5575447570332483e-03 1.7050298380221654e-03 4.2625745950554137e-03
    0. 1.7050298380221654e-03 0. 0. 8.5251491901108269e-04
    1.7050298380221654e-03 2.5575447570332483e-03 8.5251491901108269e-04
    4.2625745950554137e-03 3.4100596760443308e-03 3.4100596760443308e-03
    4.2625745950554137e-03 2.5575447570332483e-03 4.2625745950554137e-03
    8.5251491901108269e-04 2.5575447570332483e-03 2.5575447570332483e-03
    8.5251491901108269e-04 3.4100596760443308e-03 0.
    8.5251491901108269e-04 2.5575447570332483e-03 1.7050298380221654e-03
    8.5251491901108269e-04 0. 1.7050298380221654e-03
    8.5251491901108269e-04 5.1150895140664966e-03 1.7050298380221654e-03
    1.7050298380221654e-03 2.5575447570332483e-03 1.7050298380221654e-03
    3.4100596760443308e-03 4.2625745950554137e-03 3.4100596760443308e-03
    8.5251491901108269e-04 4.2625745950554137e-03 0.
    3.4100596760443308e-03 0. 2.5575447570332483e-03
    1.7050298380221654e-03 0. 8.5251491901108269e-04
    8.5251491901108269e-04 2.5575447570332483e-03 3.4100596760443308e-03
    3.4100596760443308e-03 1.7050298380221654e-03 6.8201193520886615e-03
    2.5575447570332483e-03 1.7050298380221654e-03 5.9676044330775786e-03
    5.1150895140664966e-03 5.1150895140664966e-03 0. 0.
    1.7050298380221654e-03 8.5251491901108269e-04 8.5251491901108269e-04
    2.5575447570332483e-03 0. 8.5251491901108269e-04
    2.5575447570332483e-03 5.1150895140664966e-03 2.5575447570332483e-03
    8.5251491901108269e-04 3.4100596760443308e-03 8.5251491901108269e-04
    3.4100596760443308e-03 8.5251491901108269e-04 2.5575447570332483e-03
    5.1150895140664966e-03 4.2625745950554137e-03 3.4100596760443308e-03
    6.8201193520886615e-03 3.4100596760443308e-03 5.9676044330775786e-03
    8.5251491901108269e-04 3.4100596760443308e-03 1.7050298380221654e-03
    1.7050298380221654e-03 2.5575447570332483e-03 8.5251491901108269e-04
    5.1150895140664966e-03 4.2625745950554137e-03 0.
    4.2625745950554137e-03 1.7050298380221654e-03 8.5251491901108269e-04
    5.9676044330775786e-03 6.8201193520886615e-03 8.5251491901108269e-04
    6.8201193520886615e-03 3.4100596760443308e-03 4.2625745950554137e-03
    0. 1.7050298380221654e-03 1.7050298380221654e-03
    8.5251491901108269e-04 8.5251491901108269e-04 8.5251491901108269e-04
    1.7050298380221654e-03 5.9676044330775786e-03 5.9676044330775786e-03
    3.4100596760443308e-03 4.2625745950554137e-03 4.2625745950554137e-03
    2.5575447570332483e-03 2.5575447570332483e-03 2.5575447570332483e-03
    1.0230179028132993e-02 4.2625745950554137e-03 3.4100596760443308e-03
    2.5575447570332483e-03 5.1150895140664966e-03 2.5575447570332483e-03
    5.9676044330775786e-03 4.2625745950554137e-03 2.5575447570332483e-03
    1.7050298380221654e-03 2.5575447570332483e-03 8.5251491901108269e-04
    1.7050298380221654e-03 1.7050298380221654e-03 1.7050298380221654e-03
    8.5251491901108269e-04 5.1150895140664966e-03 8.5251491901108269e-04
    0. 1.7050298380221654e-03 4.2625745950554137e-03
    3.4100596760443308e-03 3.4100596760443308e-03 5.1150895140664966e-03
    5.9676044330775786e-03 4.2625745950554137e-03 5.1150895140664966e-03
    1.7050298380221654e-03 8.5251491901108269e-04 1.7050298380221654e-03
    1.7050298380221654e-03 3.4100596760443308e-03 3.4100596760443308e-03
    4.2625745950554137e-03 8.5251491901108269e-04 0.
    8.5251491901108269e-04 0. 0. 0. 5.1150895140664966e-03
    4.2625745950554137e-03 6.8201193520886615e-03 2.5575447570332483e-03
    2.5575447570332483e-03 5.1150895140664966e-03 1.7050298380221654e-03
    1.7050298380221654e-03 5.1150895140664966e-03 8.5251491901108269e-04
    8.5251491901108269e-04 2.5575447570332483e-03 1.7050298380221654e-03
    3.4100596760443308e-03 1.7050298380221654e-03 2.5575447570332483e-03
    2.5575447570332483e-03 0. 0. 8.5251491901108269e-04
    1.7050298380221654e-03 5.1150895140664966e-03 5.1150895140664966e-03
    2.5575447570332483e-03 3.4100596760443308e-03 5.1150895140664966e-03
    8.5251491901108269e-04 5.9676044330775786e-03 1.7050298380221654e-03
    2.5575447570332483e-03 1.7050298380221654e-03 2.5575447570332483e-03
    8.5251491901108269e-04 3.4100596760443308e-03 4.2625745950554137e-03
    3.4100596760443308e-03 8.5251491901108269e-04 8.5251491901108269e-04
    0. 0. 4.2625745950554137e-03 8.5251491901108269e-04
    3.4100596760443308e-03 2.5575447570332483e-03 5.9676044330775786e-03
    4.2625745950554137e-03 5.9676044330775786e-03 2.5575447570332483e-03
    2.5575447570332483e-03 1.7050298380221654e-03 0.
    5.1150895140664966e-03 3.4100596760443308e-03 1.7050298380221654e-03
    3.4100596760443308e-03 2.5575447570332483e-03 4.2625745950554137e-03
    8.5251491901108269e-04 8.5251491901108269e-04 2.5575447570332483e-03
    3.4100596760443308e-03 1.7050298380221654e-03 2.5575447570332483e-03
    4.2625745950554137e-03 4.2625745950554137e-03 4.2625745950554137e-03
    3.4100596760443308e-03 3.4100596760443308e-03 3.4100596760443308e-03
    8.5251491901108269e-04 1.7050298380221654e-03 8.5251491901108269e-04
    4.2625745950554137e-03 3.4100596760443308e-03 0.
    3.4100596760443308e-03 5.9676044330775786e-03 1.7050298380221654e-03
    4.2625745950554137e-03 1.7050298380221654e-03 6.8201193520886615e-03
    2.5575447570332483e-03 5.1150895140664966e-03 5.1150895140664966e-03
    3.4100596760443308e-03 1.7050298380221654e-03 0.
    2.5575447570332483e-03 8.5251491901108269e-04 4.2625745950554137e-03
    2.5575447570332483e-03 8.5251491901108269e-04 1.7050298380221654e-03
    8.5251491901108269e-04 8.5251491901108269e-04 8.5251491901108269e-04
    8.5251491901108269e-04 2.5575447570332483e-03 2.5575447570332483e-03
    2.5575447570332483e-03 3.4100596760443308e-03 2.5575447570332483e-03
    5.1150895140664966e-03 2.5575447570332483e-03 0.
    4.2625745950554137e-03 8.5251491901108269e-04 4.2625745950554137e-03
    1.7050298380221654e-03 3.4100596760443308e-03 3.4100596760443308e-03
    2.5575447570332483e-03 2.5575447570332483e-03 8.5251491901108269e-04
    8.5251491901108269e-04 2.5575447570332483e-03 8.5251491901108269e-04
    1.7050298380221654e-03 5.1150895140664966e-03 8.5251491901108269e-04
    8.5251491901108269e-04 6.8201193520886615e-03 5.1150895140664966e-03
    0. 0. 2.5575447570332483e-03 2.5575447570332483e-03
    4.2625745950554137e-03 0. 0. 1.7050298380221654e-03
    2.5575447570332483e-03 1.7050298380221654e-03 3.4100596760443308e-03
    1.7050298380221654e-03 2.5575447570332483e-03 5.1150895140664966e-03
    3.4100596760443308e-03 2.5575447570332483e-03 5.1150895140664966e-03
    4.2625745950554137e-03 8.5251491901108269e-04 8.5251491901108269e-04
    8.5251491901108269e-04 8.5251491901108269e-04 1.7050298380221654e-03
    8.5251491901108269e-04 1.7050298380221654e-03 8.5251491901108269e-04
    2.5575447570332483e-03 8.5251491901108269e-04 0.
    8.5251491901108269e-04 5.1150895140664966e-03 3.4100596760443308e-03
    4.2625745950554137e-03 1.7050298380221654e-03 3.4100596760443308e-03
    4.2625745950554137e-03 3.4100596760443308e-03 2.5575447570332483e-03
