<?xml version="1.0"?>
<opencv_storage>
<tv_stand type_id="opencv-matrix">
  <rows>20</rows>
  <cols>20</cols>
  <dt>d</dt>
  <data>
    1.2723941368078175e-03 2.0867263843648209e-03 1.6286644951140066e-03
    1.6286644951140066e-03 1.8322475570032573e-03 1.4759771986970684e-03
    1.4759771986970684e-03 1.3741856677524430e-03 1.7304560260586318e-03
    2.1376221498371336e-03 3.3082247557003259e-03 2.4938925081433223e-03
    3.7662866449511400e-03 4.2752442996742673e-03 4.1734527687296418e-03
    3.5627035830618891e-03 4.1225570032573291e-03 4.3770358306188927e-03
    4.3261400651465800e-03 4.4788273615635182e-03 1.3741856677524430e-03
    1.4759771986970684e-03 2.4429967426710096e-03 1.9849348534201955e-03
    1.2723941368078175e-03 1.6795602605863193e-03 1.2214983713355048e-03
    1.2214983713355048e-03 1.1706026058631923e-03 2.5956840390879477e-03
    3.2573289902280132e-03 3.7153908794788273e-03 3.5118078175895764e-03
    4.5806188925081436e-03 4.0716612377850164e-03 3.5627035830618891e-03
    4.9877850162866446e-03 3.4609120521172636e-03 6.0057003257328991e-03
    5.3949511400651464e-03 1.6286644951140066e-03 1.5268729641693811e-03
    1.6286644951140066e-03 1.4250814332247557e-03 1.4759771986970684e-03
    1.5777687296416939e-03 1.1197068403908795e-03 1.3232899022801302e-03
    9.6701954397394136e-04 1.6286644951140066e-03 2.5447882736156350e-03
    2.6465798045602605e-03 2.9010586319218241e-03 4.7842019543973945e-03
    5.0386807817589573e-03 4.5297231270358309e-03 5.3949511400651464e-03
    4.8859934853420191e-03 5.6494299674267100e-03 4.7333061889250818e-03
    2.1885179153094464e-03 1.8322475570032573e-03 2.0358306188925082e-03
    1.8831433224755700e-03 1.8322475570032573e-03 9.1612377850162864e-04
    1.0688110749185668e-03 8.6522801302931591e-04 1.0688110749185668e-03
    2.5447882736156350e-03 2.2394136807817591e-03 1.8831433224755700e-03
    2.1885179153094464e-03 3.3591205211726386e-03 2.9010586319218241e-03
    3.4100162866449514e-03 4.0716612377850164e-03 4.6824104234527691e-03
    4.7333061889250818e-03 4.5806188925081436e-03 1.1197068403908795e-03
    1.8831433224755700e-03 8.1433224755700329e-04 1.2214983713355048e-03
    1.1197068403908795e-03 9.1612377850162864e-04 1.1197068403908795e-03
    8.6522801302931591e-04 8.1433224755700329e-04 1.7304560260586318e-03
    1.5268729641693811e-03 9.1612377850162864e-04 1.1706026058631923e-03
    2.0867263843648209e-03 3.3591205211726386e-03 3.5118078175895764e-03
    3.4609120521172636e-03 3.4100162866449514e-03 4.0716612377850164e-03
    3.9189739413680782e-03 1.4250814332247557e-03 1.9849348534201955e-03
    1.8322475570032573e-03 1.1706026058631923e-03 1.3232899022801302e-03
    1.0688110749185668e-03 8.1433224755700329e-04 6.1074918566775239e-04
    7.6343648208469057e-04 1.1197068403908795e-03 1.3741856677524430e-03
    7.1254071661237784e-04 8.6522801302931591e-04 1.2214983713355048e-03
    1.8322475570032573e-03 2.4938925081433223e-03 3.0028501628664495e-03
    3.7662866449511400e-03 4.1734527687296418e-03 4.0207654723127036e-03
    2.0358306188925082e-03 1.5777687296416939e-03 1.5777687296416939e-03
    1.3741856677524430e-03 1.3741856677524430e-03 1.1197068403908795e-03
    8.6522801302931591e-04 1.0179153094462541e-03 7.1254071661237784e-04
    8.6522801302931591e-04 5.5985342019543977e-04 5.0895765472312705e-04
    6.6164495114006512e-04 1.0688110749185668e-03 2.0867263843648209e-03
    1.9849348534201955e-03 2.9519543973941368e-03 4.4279315960912054e-03
    4.3770358306188927e-03 3.3591205211726386e-03 1.8322475570032573e-03
    1.6795602605863193e-03 1.4759771986970684e-03 1.9849348534201955e-03
    1.2723941368078175e-03 1.1706026058631923e-03 7.6343648208469057e-04
    6.6164495114006512e-04 3.5627035830618892e-04 4.0716612377850165e-04
    6.6164495114006512e-04 7.6343648208469057e-04 6.1074918566775239e-04
    1.1197068403908795e-03 1.5777687296416939e-03 1.4759771986970684e-03
    2.9519543973941368e-03 3.2573289902280132e-03 3.7153908794788273e-03
    5.4967426710097718e-03 2.3921009771986973e-03 2.4938925081433223e-03
    2.1376221498371336e-03 1.6286644951140066e-03 1.4759771986970684e-03
    9.1612377850162864e-04 7.6343648208469057e-04 7.1254071661237784e-04
    2.5447882736156352e-04 4.0716612377850165e-04 4.0716612377850165e-04
    2.0358306188925082e-04 1.1197068403908795e-03 9.6701954397394136e-04
    1.2214983713355048e-03 1.7813517915309445e-03 2.8501628664495114e-03
    4.2243485342019545e-03 5.7003257328990227e-03 6.3110749185667754e-03
    5.8021172638436482e-03 4.9877850162866446e-03 4.8350977198697073e-03
    6.5655537459283391e-03 2.1376221498371336e-03 2.5956840390879477e-03
    1.2214983713355048e-03 1.3232899022801302e-03 2.0358306188925082e-04
    6.1074918566775239e-04 4.5806188925081432e-04 6.6164495114006512e-04
    1.6286644951140066e-03 2.3921009771986973e-03 3.0028501628664495e-03
    3.3082247557003259e-03 6.5146579804560263e-03 8.4995928338762218e-03
    1.4454397394136807e-02 1.7151872964169382e-02 3.6135993485342018e-03
    4.1225570032573291e-03 2.7992671009771986e-03 5.0386807817589573e-03
    2.0867263843648209e-03 1.5268729641693811e-03 1.5268729641693811e-03
    9.1612377850162864e-04 2.5447882736156352e-04 2.0358306188925082e-04
    4.5806188925081432e-04 8.6522801302931591e-04 2.1376221498371336e-03
    2.4429967426710096e-03 3.0537459283387623e-03 4.5806188925081436e-03
    7.9906351791530945e-03 1.2927524429967427e-02 2.0052931596091204e-02
    2.0307410423452767e-02 2.0358306188925082e-03 1.7813517915309445e-03
    1.6286644951140066e-03 1.4759771986970684e-03 1.0688110749185668e-03
    1.0688110749185668e-03 8.1433224755700329e-04 2.0358306188925082e-04
    5.0895765472312706e-05 5.0895765472312705e-04 2.5447882736156352e-04
    1.1197068403908795e-03 1.3232899022801302e-03 1.4759771986970684e-03
    1.5268729641693811e-03 1.7813517915309445e-03 3.3082247557003259e-03
    3.9698697068403909e-03 7.3289902280130291e-03 7.6343648208469055e-03
    1.8831433224755700e-03 1.6795602605863193e-03 2.0867263843648209e-03
    1.1197068403908795e-03 1.2723941368078175e-03 7.6343648208469057e-04
    6.6164495114006512e-04 4.5806188925081432e-04 2.5447882736156352e-04
    3.0537459283387619e-04 4.0716612377850165e-04 3.0537459283387619e-04
    7.1254071661237784e-04 9.6701954397394136e-04 2.1885179153094464e-03
    2.2903094462540718e-03 2.7483713355048859e-03 3.4609120521172636e-03
    5.0386807817589573e-03 6.2601791530944627e-03 1.8831433224755700e-03
    1.7304560260586318e-03 1.4250814332247557e-03 1.3232899022801302e-03
    1.4250814332247557e-03 1.1197068403908795e-03 3.0537459283387619e-04
    5.0895765472312705e-04 4.0716612377850165e-04 9.1612377850162864e-04
    6.1074918566775239e-04 8.1433224755700329e-04 6.1074918566775239e-04
    1.0179153094462541e-03 1.3741856677524430e-03 2.1885179153094464e-03
    4.5806188925081436e-03 3.3082247557003259e-03 4.1225570032573291e-03
    3.6644951140065146e-03 1.2723941368078175e-03 1.6795602605863193e-03
    1.5268729641693811e-03 1.5268729641693811e-03 1.2214983713355048e-03
    1.0179153094462541e-03 7.1254071661237784e-04 8.6522801302931591e-04
    3.5627035830618892e-04 1.7813517915309445e-03 1.0179153094462541e-03
    4.5806188925081432e-04 6.6164495114006512e-04 1.2723941368078175e-03
    1.5777687296416939e-03 2.7992671009771986e-03 3.3591205211726386e-03
    2.5956840390879477e-03 3.0537459283387623e-03 3.8171824104234527e-03
    2.0358306188925082e-03 1.5268729641693811e-03 1.4250814332247557e-03
    1.3232899022801302e-03 1.4759771986970684e-03 1.6286644951140066e-03
    1.5777687296416939e-03 4.5806188925081432e-04 4.5806188925081432e-04
    1.1197068403908795e-03 1.3232899022801302e-03 1.2214983713355048e-03
    1.8322475570032573e-03 1.8831433224755700e-03 2.2903094462540718e-03
    3.1046416938110750e-03 3.5118078175895764e-03 3.7662866449511400e-03
    3.2064332247557004e-03 6.4128664495114009e-03 1.1197068403908795e-03
