<?xml version="1.0"?>
<opencv_storage>
<utensil_holder type_id="opencv-matrix">
  <rows>20</rows>
  <cols>20</cols>
  <dt>d</dt>
  <data>
    1.4158576051779936e-03 1.0113268608414239e-03 2.6294498381877023e-03
    2.2249190938511327e-03 6.0679611650485432e-04 2.4271844660194173e-03
    2.4271844660194173e-03 2.8317152103559872e-03 2.0226537216828477e-03
    2.2249190938511327e-03 2.2249190938511327e-03 2.0226537216828477e-03
    2.4271844660194173e-03 2.0226537216828477e-03 2.2249190938511327e-03
    2.4271844660194173e-03 3.0339805825242718e-03 2.6294498381877023e-03
    2.8317152103559872e-03 4.8543689320388345e-03 1.2135922330097086e-03
    1.8203883495145632e-03 2.8317152103559872e-03 1.0113268608414239e-03
    2.6294498381877023e-03 3.2362459546925568e-03 1.4158576051779936e-03
    1.4158576051779936e-03 2.8317152103559872e-03 1.6181229773462784e-03
    3.4385113268608413e-03 1.4158576051779936e-03 2.0226537216828477e-03
    3.6407766990291263e-03 3.2362459546925568e-03 2.2249190938511327e-03
    3.0339805825242718e-03 2.2249190938511327e-03 1.4158576051779936e-03
    2.4271844660194173e-03 1.2135922330097086e-03 3.0339805825242718e-03
    1.6181229773462784e-03 2.2249190938511327e-03 1.0113268608414239e-03
    3.0339805825242718e-03 2.2249190938511327e-03 2.6294498381877023e-03
    1.8203883495145632e-03 2.2249190938511327e-03 2.2249190938511327e-03
    2.0226537216828477e-03 2.8317152103559872e-03 3.2362459546925568e-03
    3.2362459546925568e-03 2.2249190938511327e-03 1.8203883495145632e-03
    2.6294498381877023e-03 3.6407766990291263e-03 2.8317152103559872e-03
    2.4271844660194173e-03 1.0113268608414239e-03 1.4158576051779936e-03
    4.0453074433656954e-03 2.0226537216828477e-03 3.8430420711974109e-03
    2.2249190938511327e-03 2.2249190938511327e-03 1.8203883495145632e-03
    2.4271844660194173e-03 4.0453074433656954e-03 1.8203883495145632e-03
    2.8317152103559872e-03 3.6407766990291263e-03 2.4271844660194173e-03
    2.8317152103559872e-03 1.8203883495145632e-03 2.2249190938511327e-03
    4.2475728155339804e-03 4.4498381877022654e-03 4.0453074433656960e-04
    8.0906148867313920e-04 1.8203883495145632e-03 1.8203883495145632e-03
    2.0226537216828477e-03 2.0226537216828477e-03 2.2249190938511327e-03
    2.6294498381877023e-03 2.2249190938511327e-03 3.0339805825242718e-03
    4.0453074433656954e-03 1.4158576051779936e-03 3.0339805825242718e-03
    3.2362459546925568e-03 3.6407766990291263e-03 2.6294498381877023e-03
    3.4385113268608413e-03 2.6294498381877023e-03 2.2249190938511327e-03
    4.2475728155339804e-03 6.0679611650485432e-04 3.4385113268608413e-03
    2.0226537216828477e-03 1.8203883495145632e-03 2.6294498381877023e-03
    2.8317152103559872e-03 2.4271844660194173e-03 3.0339805825242718e-03
    2.6294498381877023e-03 2.4271844660194173e-03 4.4498381877022654e-03
    1.6181229773462784e-03 3.2362459546925568e-03 4.2475728155339804e-03
    4.0453074433656954e-03 3.0339805825242718e-03 2.8317152103559872e-03
    2.6294498381877023e-03 3.6407766990291263e-03 4.6521035598705504e-03
    1.4158576051779936e-03 1.6181229773462784e-03 2.6294498381877023e-03
    3.2362459546925568e-03 2.6294498381877023e-03 2.4271844660194173e-03
    3.8430420711974109e-03 3.4385113268608413e-03 4.2475728155339804e-03
    3.6407766990291263e-03 2.8317152103559872e-03 2.8317152103559872e-03
    4.0453074433656954e-03 5.0566343042071195e-03 4.0453074433656954e-03
    2.6294498381877023e-03 3.8430420711974109e-03 4.2475728155339804e-03
    3.2362459546925568e-03 2.4271844660194173e-03 2.2249190938511327e-03
    1.2135922330097086e-03 8.0906148867313920e-04 2.4271844660194173e-03
    1.8203883495145632e-03 3.4385113268608413e-03 4.2475728155339804e-03
    2.2249190938511327e-03 3.4385113268608413e-03 2.4271844660194173e-03
    1.2135922330097086e-03 1.8203883495145632e-03 3.0339805825242718e-03
    4.6521035598705504e-03 6.6747572815533977e-03 2.6294498381877023e-03
    4.2475728155339804e-03 4.4498381877022654e-03 4.4498381877022654e-03
    4.0453074433656954e-03 2.0226537216828477e-03 8.0906148867313920e-04
    2.8317152103559872e-03 1.0113268608414239e-03 6.0679611650485432e-04
    3.8430420711974109e-03 2.6294498381877023e-03 2.0226537216828477e-03
    8.0906148867313920e-04 4.0453074433656960e-04 8.0906148867313920e-04
    1.0113268608414239e-03 2.4271844660194173e-03 2.6294498381877023e-03
    4.2475728155339804e-03 2.8317152103559872e-03 8.0906148867313920e-04
    2.6294498381877023e-03 2.0226537216828477e-03 2.8317152103559872e-03
    3.0339805825242718e-03 2.6294498381877023e-03 1.4158576051779936e-03
    1.8203883495145632e-03 2.6294498381877023e-03 3.4385113268608413e-03
    2.8317152103559872e-03 1.4158576051779936e-03 2.0226537216828480e-04
    2.0226537216828480e-04 0. 4.0453074433656960e-04
    2.2249190938511327e-03 4.2475728155339804e-03 3.8430420711974109e-03
    3.0339805825242718e-03 3.0339805825242718e-03 1.8203883495145632e-03
    2.2249190938511327e-03 5.8656957928802586e-03 1.8203883495145632e-03
    2.2249190938511327e-03 1.6181229773462784e-03 3.0339805825242718e-03
    1.8203883495145632e-03 2.2249190938511327e-03 3.4385113268608413e-03
    1.8203883495145632e-03 4.0453074433656960e-04 0.
    4.0453074433656960e-04 6.0679611650485432e-04 1.8203883495145632e-03
    2.8317152103559872e-03 4.0453074433656954e-03 4.2475728155339804e-03
    4.0453074433656954e-03 5.2588996763754045e-03 2.8317152103559872e-03
    2.4271844660194173e-03 1.4158576051779936e-03 1.8203883495145632e-03
    3.0339805825242718e-03 1.8203883495145632e-03 1.8203883495145632e-03
    4.0453074433656954e-03 6.0679611650485436e-03 1.8203883495145632e-03
    1.0113268608414239e-03 4.0453074433656960e-04 6.0679611650485432e-04
    6.0679611650485432e-04 2.2249190938511327e-03 3.2362459546925568e-03
    2.6294498381877023e-03 2.8317152103559872e-03 1.4158576051779936e-03
    2.2249190938511327e-03 3.0339805825242718e-03 3.4385113268608413e-03
    2.0226537216828477e-03 2.4271844660194173e-03 1.4158576051779936e-03
    2.0226537216828477e-03 1.4158576051779936e-03 2.4271844660194173e-03
    3.8430420711974109e-03 2.2249190938511327e-03 4.0453074433656960e-04
    1.6181229773462784e-03 2.6294498381877023e-03 1.6181229773462784e-03
    2.6294498381877023e-03 3.6407766990291263e-03 3.6407766990291263e-03
    2.0226537216828477e-03 3.0339805825242718e-03 2.4271844660194173e-03
    2.4271844660194173e-03 5.2588996763754045e-03 2.4271844660194173e-03
    1.8203883495145632e-03 2.2249190938511327e-03 2.2249190938511327e-03
    3.8430420711974109e-03 2.6294498381877023e-03 2.4271844660194173e-03
    3.8430420711974109e-03 3.0339805825242718e-03 2.6294498381877023e-03
    1.6181229773462784e-03 3.4385113268608413e-03 3.6407766990291263e-03
    5.2588996763754045e-03 5.0566343042071195e-03 2.6294498381877023e-03
    2.4271844660194173e-03 3.2362459546925568e-03 3.6407766990291263e-03
    4.0453074433656954e-03 6.0679611650485432e-04 2.0226537216828477e-03
    3.0339805825242718e-03 2.0226537216828477e-03 4.0453074433656954e-03
    2.2249190938511327e-03 3.2362459546925568e-03 5.0566343042071195e-03
    2.6294498381877023e-03 2.2249190938511327e-03 3.8430420711974109e-03
    2.2249190938511327e-03 2.8317152103559872e-03 4.6521035598705504e-03
    3.2362459546925568e-03 2.6294498381877023e-03 2.6294498381877023e-03
    3.0339805825242718e-03 2.0226537216828477e-03 4.8543689320388345e-03
    1.2135922330097086e-03 2.0226537216828477e-03 1.2135922330097086e-03
    1.8203883495145632e-03 1.8203883495145632e-03 1.2135922330097086e-03
    2.8317152103559872e-03 1.4158576051779936e-03 1.6181229773462784e-03
    2.4271844660194173e-03 1.4158576051779936e-03 2.2249190938511327e-03
    2.2249190938511327e-03 2.4271844660194173e-03 3.4385113268608413e-03
    2.4271844660194173e-03 2.0226537216828477e-03 2.8317152103559872e-03
    2.0226537216828477e-03 2.4271844660194173e-03 1.0113268608414239e-03
    1.4158576051779936e-03 2.4271844660194173e-03 1.8203883495145632e-03
