<?xml version="1.0"?>
<opencv_storage>
<vacuum_cleaner type_id="opencv-matrix">
  <rows>20</rows>
  <cols>20</cols>
  <dt>d</dt>
  <data>
    3.1315240083507308e-03 3.1315240083507308e-03 2.0876826722338203e-03
    2.0876826722338203e-03 3.1315240083507308e-03 3.1315240083507308e-03
    4.1753653444676405e-03 4.1753653444676405e-03 5.2192066805845511e-03
    5.2192066805845511e-03 4.1753653444676405e-03 1.0438413361169101e-03
    3.1315240083507308e-03 0. 0. 3.1315240083507308e-03
    2.0876826722338203e-03 1.0438413361169101e-03 0.
    1.0438413361169101e-03 4.1753653444676405e-03 2.0876826722338203e-03
    2.0876826722338203e-03 3.1315240083507308e-03 4.1753653444676405e-03
    4.1753653444676405e-03 5.2192066805845511e-03 2.0876826722338203e-03
    2.0876826722338203e-03 7.3068893528183713e-03 3.1315240083507308e-03
    4.1753653444676405e-03 0. 0. 3.1315240083507308e-03
    4.1753653444676405e-03 6.2630480167014616e-03 3.1315240083507308e-03
    0. 0. 4.1753653444676405e-03 1.0438413361169101e-03
    2.0876826722338203e-03 3.1315240083507308e-03 2.0876826722338203e-03
    2.0876826722338203e-03 2.0876826722338203e-03 3.1315240083507308e-03
    9.3945720250521916e-03 6.2630480167014616e-03 5.2192066805845511e-03
    1.0438413361169101e-03 1.0438413361169101e-03 2.0876826722338203e-03
    1.0438413361169101e-03 1.0438413361169101e-03 0. 0.
    2.0876826722338203e-03 0. 4.1753653444676405e-03
    1.0438413361169101e-03 2.0876826722338203e-03 2.0876826722338203e-03
    9.3945720250521916e-03 1.0438413361169101e-03 7.3068893528183713e-03
    4.1753653444676405e-03 5.2192066805845511e-03 8.3507306889352810e-03
    6.2630480167014616e-03 4.1753653444676405e-03 3.1315240083507308e-03
    1.0438413361169101e-03 0. 3.1315240083507308e-03
    1.0438413361169101e-03 2.0876826722338203e-03 0.
    1.0438413361169101e-03 5.2192066805845511e-03 5.2192066805845511e-03
    3.1315240083507308e-03 3.1315240083507308e-03 2.0876826722338203e-03
    1.0438413361169101e-03 8.3507306889352810e-03 3.1315240083507308e-03
    4.1753653444676405e-03 5.2192066805845511e-03 7.3068893528183713e-03
    0. 2.0876826722338203e-03 2.0876826722338203e-03
    1.0438413361169101e-03 5.2192066805845511e-03 2.0876826722338203e-03
    3.1315240083507308e-03 4.1753653444676405e-03 1.0438413361169101e-03
    2.0876826722338203e-03 0. 2.0876826722338203e-03
    2.0876826722338203e-03 2.0876826722338203e-03 2.0876826722338203e-03
    7.3068893528183713e-03 1.0438413361169101e-03 5.2192066805845511e-03
    6.2630480167014616e-03 8.3507306889352810e-03 3.1315240083507308e-03
    2.0876826722338203e-03 3.1315240083507308e-03 1.0438413361169101e-03
    4.1753653444676405e-03 3.1315240083507308e-03 2.0876826722338203e-03
    2.0876826722338203e-03 0. 5.2192066805845511e-03
    3.1315240083507308e-03 2.0876826722338203e-03 2.0876826722338203e-03
    2.0876826722338203e-03 1.0438413361169101e-03 2.0876826722338203e-03
    4.1753653444676405e-03 2.0876826722338203e-03 4.1753653444676405e-03
    5.2192066805845511e-03 3.1315240083507308e-03 1.0438413361169101e-03
    4.1753653444676405e-03 1.0438413361169101e-03 4.1753653444676405e-03
    1.0438413361169101e-03 1.0438413361169101e-03 1.0438413361169101e-03
    2.0876826722338203e-03 2.0876826722338203e-03 1.0438413361169101e-03
    2.0876826722338203e-03 4.1753653444676405e-03 1.0438413361169101e-03
    1.0438413361169101e-03 1.0438413361169101e-03 4.1753653444676405e-03
    1.0438413361169101e-03 4.1753653444676405e-03 1.0438413361169101e-03
    1.0438413361169101e-03 0. 0. 2.0876826722338203e-03 0.
    2.0876826722338203e-03 4.1753653444676405e-03 7.3068893528183713e-03
    2.0876826722338203e-03 2.0876826722338203e-03 7.3068893528183713e-03
    3.1315240083507308e-03 1.0438413361169101e-03 1.0438413361169101e-03
    1.0438413361169101e-03 0. 0. 0. 0. 1.0438413361169101e-03 0. 0. 0.
    2.0876826722338203e-03 2.0876826722338203e-03 0.
    3.1315240083507308e-03 0. 3.1315240083507308e-03
    4.1753653444676405e-03 4.1753653444676405e-03 5.2192066805845511e-03
    3.1315240083507308e-03 1.0438413361169101e-03 5.2192066805845511e-03
    0. 1.0438413361169101e-03 0. 0. 0. 0. 3.1315240083507308e-03
    2.0876826722338203e-03 2.0876826722338203e-03 2.0876826722338203e-03
    7.3068893528183713e-03 1.0438413361169101e-03 5.2192066805845511e-03
    2.0876826722338203e-03 5.2192066805845511e-03 3.1315240083507308e-03
    5.2192066805845511e-03 3.1315240083507308e-03 5.2192066805845511e-03
    3.1315240083507308e-03 3.1315240083507308e-03 3.1315240083507308e-03
    0. 0. 1.0438413361169101e-03 0. 1.0438413361169101e-03
    2.0876826722338203e-03 3.1315240083507308e-03 0.
    5.2192066805845511e-03 4.1753653444676405e-03 2.0876826722338203e-03
    0. 1.0438413361169101e-03 1.0438413361169101e-03
    4.1753653444676405e-03 4.1753653444676405e-03 4.1753653444676405e-03
    0. 1.0438413361169101e-03 2.0876826722338203e-03 0.
    1.0438413361169101e-03 1.0438413361169101e-03 0. 0.
    2.0876826722338203e-03 1.0438413361169101e-03 1.0438413361169101e-03
    1.0438413361169101e-03 2.0876826722338203e-03 0.
    8.3507306889352810e-03 5.2192066805845511e-03 4.1753653444676405e-03
    2.0876826722338203e-03 4.1753653444676405e-03 2.0876826722338203e-03
    1.0438413361169101e-03 2.0876826722338203e-03 1.0438413361169101e-03
    0. 0. 2.0876826722338203e-03 1.0438413361169101e-03 0.
    2.0876826722338203e-03 0. 0. 4.1753653444676405e-03
    1.0438413361169101e-03 2.0876826722338203e-03 0.
    7.3068893528183713e-03 1.0438413361169101e-03 2.0876826722338203e-03
    4.1753653444676405e-03 0. 2.0876826722338203e-03
    2.0876826722338203e-03 3.1315240083507308e-03 1.0438413361169101e-03
    2.0876826722338203e-03 1.0438413361169101e-03 1.0438413361169101e-03
    0. 2.0876826722338203e-03 0. 0. 2.0876826722338203e-03
    2.0876826722338203e-03 4.1753653444676405e-03 2.0876826722338203e-03
    2.0876826722338203e-03 7.3068893528183713e-03 3.1315240083507308e-03
    1.0438413361169101e-03 5.2192066805845511e-03 6.2630480167014616e-03
    1.0438413361169101e-03 2.0876826722338203e-03 1.0438413361169101e-03
    8.3507306889352810e-03 5.2192066805845511e-03 1.0438413361169101e-03
    3.1315240083507308e-03 1.0438413361169101e-03 0.
    1.0438413361169101e-03 1.0438413361169101e-03 2.0876826722338203e-03
    1.0438413361169101e-03 2.0876826722338203e-03 1.0438413361169101e-03
    1.0438413361169101e-03 1.0438413361169101e-03 2.0876826722338203e-03
    2.0876826722338203e-03 1.0438413361169101e-03 4.1753653444676405e-03
    1.0438413361169101e-03 5.2192066805845511e-03 3.1315240083507308e-03
    1.0438413361169101e-03 3.1315240083507308e-03 0.
    1.0438413361169101e-03 1.0438413361169101e-03 4.1753653444676405e-03
    0. 0. 1.0438413361169101e-03 2.0876826722338203e-03
    1.0438413361169101e-03 0. 0. 2.0876826722338203e-03
    6.2630480167014616e-03 4.1753653444676405e-03 3.1315240083507308e-03
    1.0438413361169101e-03 5.2192066805845511e-03 2.0876826722338203e-03
    6.2630480167014616e-03 2.0876826722338203e-03 2.0876826722338203e-03
    2.0876826722338203e-03 0. 1.0438413361169101e-03
    1.0438413361169101e-03 3.1315240083507308e-03 0.
    2.0876826722338203e-03 2.0876826722338203e-03 4.1753653444676405e-03
    4.1753653444676405e-03 2.0876826722338203e-03 3.1315240083507308e-03
    1.0438413361169101e-03 2.0876826722338203e-03 3.1315240083507308e-03
    4.1753653444676405e-03 6.2630480167014616e-03 7.3068893528183713e-03
    2.0876826722338203e-03 4.1753653444676405e-03 2.0876826722338203e-03
    1.0438413361169101e-03 1.0438413361169101e-03 2.0876826722338203e-03
    4.1753653444676405e-03 1.0438413361169101e-03 0.
    1.0438413361169101e-03 9.3945720250521916e-03 5.2192066805845511e-03
    2.0876826722338203e-03 1.0438413361169101e-03 1.0438413361169101e-03
    0. 5.2192066805845511e-03 5.2192066805845511e-03
    1.1482254697286013e-02 4.1753653444676405e-03 3.1315240083507308e-03
    1.0438413361169101e-03 5.2192066805845511e-03 1.0438413361169101e-03
