<?xml version="1.0"?>
<opencv_storage>
<vase type_id="opencv-matrix">
  <rows>20</rows>
  <cols>20</cols>
  <dt>d</dt>
  <data>
    1.0346611484738748e-03 7.1851468644019089e-04 8.0473644881301379e-04
    1.2933264355923435e-03 1.4082887854227741e-03 1.9256193596597115e-03
    1.5807323101684199e-03 1.4657699603379893e-03 1.6669540725412428e-03
    2.9890210955911939e-03 2.7303558084727252e-03 2.2705064091510028e-03
    1.3795481979651664e-03 1.8968787722021038e-03 1.8968787722021038e-03
    1.3508076105075589e-03 1.0346611484738748e-03 1.0921423233890900e-03
    6.3229292406736799e-04 9.7717997355865958e-04 9.4843938610105188e-04
    7.4725527389779849e-04 1.3508076105075589e-03 1.0346611484738748e-03
    8.9095821118583668e-04 1.5807323101684199e-03 1.5807323101684199e-03
    1.5232511352532047e-03 2.0980628844053570e-03 3.3626487325400930e-03
    3.6787951945737771e-03 2.0980628844053570e-03 1.3508076105075589e-03
    2.0693222969477496e-03 2.2130252342357879e-03 1.2933264355923435e-03
    1.3508076105075589e-03 1.0634017359314825e-03 1.4082887854227741e-03
    8.9095821118583668e-04 1.0921423233890900e-03 9.1969879864344428e-04
    1.0921423233890900e-03 1.1496234983043054e-03 1.6094728976260276e-03
    1.7819164223716734e-03 1.8393975972868886e-03 1.7531758349140657e-03
    1.9256193596597115e-03 4.6559751681324365e-03 4.3398287060987528e-03
    2.4142093464390411e-03 1.9543599471173192e-03 2.2417658216933953e-03
    2.4716905213542566e-03 1.4945105477955970e-03 8.3347703627062138e-04
    1.1496234983043054e-03 1.0346611484738748e-03 1.1208829108466977e-03
    1.4657699603379893e-03 1.3220670230499512e-03 1.3795481979651664e-03
    2.2992469966086108e-03 1.2071046732195206e-03 2.3854687589814337e-03
    2.1268034718629650e-03 5.8630798413519571e-03 2.5579122837270795e-03
    5.8630798413519571e-03 4.5984939932172215e-03 2.7303558084727252e-03
    2.3567281715238257e-03 3.1614646203368397e-03 2.6441340460999023e-03
    1.5232511352532047e-03 1.3508076105075589e-03 1.4082887854227741e-03
    1.1783640857619129e-03 8.3347703627062138e-04 1.2933264355923435e-03
    1.1496234983043054e-03 1.3795481979651664e-03 1.5807323101684199e-03
    1.6669540725412428e-03 2.4716905213542566e-03 2.4429499338966486e-03
    2.5866528711846869e-03 2.4429499338966486e-03 5.9205610162671729e-03
    5.0008622176237281e-03 2.1555440593205724e-03 2.3567281715238257e-03
    2.9315399206759785e-03 3.2476863827096626e-03 1.6956946599988505e-03
    1.6669540725412428e-03 1.2071046732195206e-03 1.4082887854227741e-03
    1.0634017359314825e-03 1.4370293728803818e-03 1.8393975972868886e-03
    2.1268034718629650e-03 2.2130252342357879e-03 2.1842846467781799e-03
    3.3913893199977009e-03 3.5638328447433467e-03 3.7362763694889925e-03
    4.0524228315226762e-03 5.7193769040639192e-03 5.7193769040639192e-03
    3.6500546071161696e-03 3.1614646203368397e-03 4.8284186928780823e-03
    3.6787951945737771e-03 2.8165775708455481e-03 2.1268034718629650e-03
    1.7531758349140657e-03 2.1268034718629650e-03 1.3508076105075589e-03
    1.3220670230499512e-03 1.5232511352532047e-03 1.6094728976260276e-03
    1.7819164223716734e-03 2.5004311088118640e-03 3.5638328447433467e-03
    4.6272345806748286e-03 4.6559751681324365e-03 4.1386445938954991e-03
    7.1564062769443005e-03 3.5638328447433467e-03 4.5984939932172215e-03
    5.2882680921998047e-03 4.2823475311835370e-03 4.3398287060987528e-03
    1.8681381847444963e-03 1.8393975972868886e-03 1.6956946599988505e-03
    1.3795481979651664e-03 1.4082887854227741e-03 2.1842846467781799e-03
    1.4657699603379893e-03 2.1555440593205724e-03 1.9831005345749267e-03
    2.1268034718629650e-03 3.7650169569466000e-03 5.2307869172845897e-03
    4.7134563430476515e-03 4.0811634189802841e-03 2.4142093464390411e-03
    2.6728746335575098e-03 4.5697534057596136e-03 4.1673851813531070e-03
    4.7996781054204744e-03 3.9374604816922454e-03 2.1842846467781799e-03
    1.7244352474564580e-03 1.6956946599988505e-03 1.7531758349140657e-03
    1.7531758349140657e-03 1.4657699603379893e-03 2.0405817094901421e-03
    1.7244352474564580e-03 2.2992469966086108e-03 2.4429499338966486e-03
    3.8224981318618154e-03 4.7996781054204744e-03 4.9433810427085131e-03
    1.9543599471173192e-03 4.0236822440650689e-04 8.9095821118583668e-04
    2.8453181583031556e-03 4.3973098810139678e-03 5.6044145542334884e-03
    3.7650169569466000e-03 2.5291716962694720e-03 2.4142093464390411e-03
    2.0693222969477496e-03 1.7244352474564580e-03 1.6669540725412428e-03
    2.6153934586422949e-03 3.9374604816922454e-03 4.6272345806748286e-03
    5.1445651549117668e-03 5.1445651549117668e-03 5.4319710294878426e-03
    4.6272345806748286e-03 3.1039834454216243e-03 6.0355233660976029e-04
    1.1496234983043054e-04 2.8740587457607634e-04 8.6221762372822898e-04
    3.0752428579640168e-03 4.9433810427085131e-03 5.5181927918606655e-03
    3.5638328447433467e-03 3.2764269701672701e-03 3.6500546071161696e-03
    3.0177616830488014e-03 2.2130252342357879e-03 4.6847157555900444e-03
    2.7590963959303327e-03 4.4835316433867907e-03 4.0811634189802841e-03
    4.6272345806748286e-03 5.1445651549117668e-03 4.8284186928780823e-03
    3.4776110823705238e-03 4.8858998677932979e-04 5.7481174915215269e-04
    2.8740587457607634e-04 7.1851468644019089e-04 3.9662010691498533e-03
    5.4319710294878426e-03 6.0642639535552108e-03 5.5756739667758813e-03
    4.1099040064378912e-03 4.1099040064378912e-03 3.3626487325400930e-03
    2.8453181583031556e-03 1.6956946599988505e-03 2.7303558084727252e-03
    1.7244352474564580e-03 2.1842846467781799e-03 2.3854687589814337e-03
    3.6787951945737771e-03 5.4607116169454505e-03 4.4835316433867907e-03
    2.1268034718629650e-03 4.8858998677932979e-04 8.9095821118583668e-04
    2.9027993332183710e-03 4.5984939932172215e-03 5.0008622176237281e-03
    3.7650169569466000e-03 3.1039834454216243e-03 2.0980628844053570e-03
    2.2417658216933953e-03 1.8393975972868886e-03 1.7531758349140657e-03
    1.5232511352532047e-03 1.8968787722021038e-03 1.8681381847444963e-03
    1.9831005345749267e-03 2.0405817094901421e-03 3.9087198942346383e-03
    3.9662010691498533e-03 4.5984939932172215e-03 3.9949416566074612e-03
    3.1327240328792322e-03 2.1268034718629650e-03 4.0811634189802841e-03
    5.3170086796574126e-03 5.4894522044030584e-03 4.0236822440650683e-03
    2.0693222969477496e-03 1.8681381847444963e-03 1.6382134850836351e-03
    1.5807323101684199e-03 1.5519917227108122e-03 1.5519917227108122e-03
    1.7819164223716734e-03 2.0118411220325341e-03 1.6669540725412428e-03
    2.7016152210151178e-03 3.5638328447433467e-03 4.5984939932172215e-03
    4.5984939932172215e-03 4.7421969305052594e-03 7.2713686267747314e-03
    4.3110881186411449e-03 4.9146404552509052e-03 4.4260504684715757e-03
    4.4260504684715757e-03 3.5925734322009542e-03 2.5866528711846869e-03
    1.8968787722021038e-03 1.4082887854227741e-03 1.7819164223716734e-03
    1.7819164223716734e-03 1.2933264355923435e-03 2.2130252342357879e-03
    1.8681381847444963e-03 2.0980628844053570e-03 3.1614646203368397e-03
    3.7075357820313846e-03 4.1386445938954991e-03 2.7016152210151178e-03
    5.9493016037247800e-03 6.0642639535552108e-03 5.5469333793182734e-03
    4.0811634189802841e-03 3.6213140196585617e-03 4.8571592803356902e-03
    3.7937575444042075e-03 3.0177616830488014e-03 2.1842846467781799e-03
    2.0405817094901421e-03 1.8393975972868886e-03 1.5232511352532047e-03
    1.1783640857619129e-03 1.2358452606771283e-03 1.6669540725412428e-03
    1.2645858481347360e-03 1.6094728976260276e-03 2.7016152210151178e-03
    2.8165775708455481e-03 2.6153934586422949e-03 2.5004311088118640e-03
    5.9780421911823879e-03 4.5697534057596136e-03 3.1327240328792322e-03
    2.6441340460999023e-03 2.9890210955911939e-03 3.5063516698281313e-03
    1.5807323101684199e-03 1.4370293728803818e-03 1.8393975972868886e-03
    1.6382134850836351e-03 1.3220670230499512e-03 1.0634017359314825e-03
