<?xml version="1.0"?>
<opencv_storage>
<wall_lamp type_id="opencv-matrix">
  <rows>20</rows>
  <cols>20</cols>
  <dt>d</dt>
  <data>
    3.4868608742511176e-04 1.9019241132278822e-04 3.1698735220464703e-04
    4.4378229308650584e-04 1.9019241132278822e-04 4.7548102830697057e-04
    5.3887849874789998e-04 3.8038482264557644e-04 4.7548102830697057e-04
    4.4378229308650584e-04 5.7057723396836471e-04 2.4408026119757823e-03
    3.1064760516055410e-03 1.9653215836688115e-03 4.1525343138808764e-03
    2.7577899641804291e-03 2.0921165245506705e-03 1.4264430849209116e-03
    1.9653215836688115e-03 2.3457064063143879e-03 5.0717976352743525e-04
    2.8528861698418236e-04 4.4378229308650584e-04 4.1208355786604117e-04
    4.1208355786604117e-04 3.1698735220464703e-04 3.4868608742511176e-04
    3.8038482264557644e-04 3.8038482264557644e-04 3.8038482264557644e-04
    3.8038482264557644e-04 4.7548102830697056e-03 2.9479823755032175e-03
    3.6453545503534407e-03 5.2936887818176058e-03 3.1698735220464704e-03
    1.8702253780074176e-03 2.0921165245506705e-03 4.6914128126287757e-03
    2.1872127302120644e-03 3.8038482264557644e-04 2.5358988176371763e-04
    3.1698735220464703e-04 2.8528861698418236e-04 4.7548102830697057e-04
    5.3887849874789998e-04 4.1208355786604117e-04 3.8038482264557644e-04
    3.8038482264557644e-04 4.4378229308650584e-04 7.2907091007068815e-04
    2.7577899641804291e-03 3.1064760516055410e-03 2.5358988176371763e-03
    5.4204837226994639e-03 4.6914128126287757e-03 3.7721494912352996e-03
    2.3774051415348528e-03 2.5992962880781057e-03 2.7260912289599646e-03
    3.4868608742511176e-04 4.1208355786604117e-04 5.7057723396836471e-04
    4.7548102830697057e-04 8.2416711573208234e-04 5.7057723396836471e-04
    5.3887849874789998e-04 5.0717976352743525e-04 3.8038482264557644e-04
    2.2189114654325292e-04 1.2362506735981234e-03 3.7721494912352996e-03
    3.6136558151329762e-03 3.6136558151329762e-03 1.1348147208926363e-02
    7.3858053063682759e-03 3.1381747868260055e-03 2.5675975528576408e-03
    2.5675975528576408e-03 3.0113798459441470e-03 3.8038482264557644e-04
    6.0227596918882933e-04 7.2907091007068815e-04 4.4378229308650584e-04
    9.8266079183440577e-04 7.9246838051161761e-04 4.7548102830697057e-04
    4.7548102830697057e-04 9.5096205661394115e-04 5.3887849874789998e-04
    3.4234634038101878e-03 3.9623419025580876e-03 3.8989444321171586e-03
    4.0257393729990175e-03 1.6705233461184899e-02 8.5586585095254707e-03
    3.3283671981487939e-03 2.4725013471962468e-03 2.6943924937394997e-03
    3.2332709924873999e-03 4.4378229308650584e-04 3.8038482264557644e-04
    5.3887849874789998e-04 6.9737217485022352e-04 1.1094557327162647e-03
    1.1728532031571939e-03 6.3397470440929406e-04 7.6076964529115288e-04
    7.2907091007068815e-04 6.9737217485022352e-04 1.4581418201413763e-03
    4.1208355786604110e-03 5.8959647510064351e-03 4.6280153421878467e-03
    1.2869686499508669e-02 9.1926332139347644e-03 3.2015722572669349e-03
    3.0430785811646115e-03 2.9162836402827526e-03 2.5358988176371763e-03
    3.8038482264557644e-04 3.1698735220464703e-04 2.8528861698418236e-04
    5.0717976352743525e-04 3.4868608742511176e-04 8.2416711573208234e-04
    5.0717976352743525e-04 7.2907091007068815e-04 6.6567343962975879e-04
    6.3397470440929406e-04 1.3313468792595176e-03 5.1034963704948170e-03
    6.0544584271087585e-03 7.0371192189431645e-03 1.3852347291343076e-02
    6.1812533679906174e-03 3.8672456968966936e-03 2.2189114654325294e-03
    3.0747773163850764e-03 5.1351951057152815e-03 5.0717976352743525e-04
    4.4378229308650584e-04 6.0227596918882933e-04 3.1698735220464703e-04
    4.7548102830697057e-04 6.3397470440929406e-04 5.3887849874789998e-04
    4.4378229308650584e-04 5.3887849874789998e-04 5.3887849874789998e-04
    1.7434304371255586e-03 5.9593622214473641e-03 6.1812533679906174e-03
    5.3253875170380703e-03 1.1126256062383110e-02 8.4001648334231464e-03
    3.9306431673376231e-03 2.8211874346213586e-03 3.0113798459441470e-03
    3.8038482264557646e-03 4.4378229308650584e-04 3.8038482264557644e-04
    5.3887849874789998e-04 3.8038482264557644e-04 4.7548102830697057e-04
    5.3887849874789998e-04 4.7548102830697057e-04 7.2907091007068815e-04
    4.4378229308650584e-04 3.1698735220464703e-04 1.4264430849209116e-03
    4.3110279899831998e-03 5.8325672805655052e-03 5.7374710749041116e-03
    1.0238691476210099e-02 5.7057723396836462e-03 4.5012204013059878e-03
    3.8355469616762291e-03 3.2015722572669349e-03 3.7087520207943702e-03
    5.7057723396836471e-04 6.0227596918882933e-04 3.8038482264557644e-04
    3.4868608742511176e-04 6.0227596918882933e-04 6.9737217485022352e-04
    6.9737217485022352e-04 6.0227596918882933e-04 4.7548102830697057e-04
    2.5358988176371763e-04 3.3283671981487939e-03 6.1178558975496875e-03
    6.7201318667385167e-03 7.5126002472501348e-03 1.6610137255523506e-02
    8.1148762164389640e-03 3.9306431673376231e-03 4.3427267252036644e-03
    3.6770532855739057e-03 3.6453545503534407e-03 3.1698735220464703e-04
    4.1208355786604117e-04 5.0717976352743525e-04 3.4868608742511176e-04
    8.2416711573208234e-04 5.3887849874789998e-04 3.8038482264557644e-04
    6.9737217485022352e-04 4.7548102830697057e-04 1.5849367610232352e-04
    3.8355469616762291e-03 7.2590103654864169e-03 7.5126002472501348e-03
    8.6854534504073287e-03 1.9019241132278823e-02 8.8756458617301175e-03
    3.8038482264557646e-03 3.2966684629283293e-03 3.4234634038101878e-03
    3.7087520207943702e-03 3.4868608742511176e-04 7.6076964529115288e-04
    3.4868608742511176e-04 6.3397470440929406e-04 6.9737217485022352e-04
    6.3397470440929406e-04 9.5096205661394115e-04 5.0717976352743525e-04
    6.0227596918882933e-04 3.8038482264557644e-04 1.2045519383776587e-03
    6.2763495736520110e-03 5.7374710749041116e-03 5.9276634862268996e-03
    9.8266079183440581e-03 5.3253875170380703e-03 4.0891368434399465e-03
    3.6136558151329762e-03 5.5155799283608583e-03 3.4551621390306528e-03
    3.8038482264557644e-04 5.3887849874789998e-04 5.3887849874789998e-04
    5.3887849874789998e-04 5.3887849874789998e-04 1.1411544679367294e-03
    4.7548102830697057e-04 4.4378229308650584e-04 6.6567343962975879e-04
    5.3887849874789998e-04 2.3774051415348528e-03 5.6423748692427172e-03
    7.7661901290138526e-03 4.4378229308650588e-03 1.3218372586933782e-02
    5.7374710749041116e-03 3.9940406377785530e-03 3.6453545503534407e-03
    2.9796811107236820e-03 3.6453545503534407e-03 4.4378229308650584e-04
    7.9246838051161761e-04 3.8038482264557644e-04 5.3887849874789998e-04
    5.7057723396836471e-04 7.2907091007068815e-04 4.4378229308650584e-04
    6.3397470440929406e-04 7.9246838051161761e-04 7.9246838051161761e-04
    1.1094557327162647e-03 6.4982407201952643e-03 6.6250356610771232e-03
    7.3224078359273468e-03 1.4391225790090976e-02 6.4031445145338699e-03
    3.5502583446920468e-03 2.7577899641804291e-03 2.8528861698418231e-03
    4.1525343138808764e-03 5.0717976352743525e-04 5.3887849874789998e-04
    3.4868608742511176e-04 5.7057723396836471e-04 8.8756458617301169e-04
    7.9246838051161761e-04 5.3887849874789998e-04 5.7057723396836471e-04
    3.8038482264557644e-04 8.8756458617301169e-04 2.0287190541097410e-03
    3.8989444321171586e-03 5.2936887818176058e-03 4.7865090182901701e-03
    1.2330808000760770e-02 1.0175294005769170e-02 4.0891368434399465e-03
    2.5042000824167117e-03 2.1238152597711350e-03 3.7087520207943702e-03
    8.8756458617301169e-04 3.1698735220464703e-04 3.8038482264557644e-04
    4.1208355786604117e-04 1.0460582622753352e-03 6.9737217485022352e-04
    5.7057723396836471e-04 4.7548102830697057e-04 7.6076964529115288e-04
    2.5358988176371763e-04 1.2362506735981234e-03 2.8528861698418231e-03
    4.3110279899831998e-03 4.2476305195422700e-03 1.5817668875011886e-02
    8.8439471265096530e-03 2.8528861698418231e-03 2.9796811107236820e-03
    3.1381747868260055e-03 2.5675975528576408e-03 4.1208355786604117e-04
