<?xml version="1.0"?>
<opencv_storage>
<wardrobe_cabinet type_id="opencv-matrix">
  <rows>20</rows>
  <cols>20</cols>
  <dt>d</dt>
  <data>
    1.7564980560105786e-03 1.3223075253113344e-03 1.3223075253113344e-03
    1.1644200596025182e-03 1.1249481931753143e-03 1.6775543231561704e-03
    1.5196668574473545e-03 1.5788746570881604e-03 1.9143855217193945e-03
    2.4472557184866488e-03 4.0458663087884110e-03 5.4076457005269498e-03
    3.9669225759340031e-03 8.1312044840040256e-03 4.3616412402060429e-03
    2.1906885867098227e-03 2.9406540488266988e-03 3.4143164459531469e-03
    3.1972211806035248e-03 3.4143164459531469e-03 1.2038919260297224e-03
    1.2630997256705284e-03 1.2236278592433244e-03 9.8679666068010033e-04
    7.6970139533047823e-04 1.3025715920977324e-03 1.6380824567289664e-03
    1.6380824567289664e-03 2.1906885867098227e-03 2.6840869170498727e-03
    3.8879788430795951e-03 4.8747755037596950e-03 4.2234897077108287e-03
    5.9010440308669993e-03 3.8879788430795951e-03 2.8814462491858926e-03
    3.2169571138171271e-03 4.9339833034005012e-03 3.3748445795259430e-03
    3.4143164459531469e-03 1.3617793917385383e-03 1.3025715920977324e-03
    1.2828356588841304e-03 9.0785292782569226e-04 1.2038919260297224e-03
    9.2758886103929425e-04 1.4407231245929463e-03 1.2630997256705284e-03
    1.7564980560105786e-03 1.9143855217193945e-03 4.2234897077108287e-03
    5.4865894333813578e-03 4.2037537744972269e-03 5.5457972330221631e-03
    4.2037537744972269e-03 2.5459353845546586e-03 2.7630306499042807e-03
    3.5327320452347589e-03 3.5327320452347589e-03 3.6314117113027690e-03
    9.6706072746649823e-04 1.1052122599617123e-03 1.0854763267481103e-03
    9.6706072746649823e-04 8.8811699461209027e-04 1.3025715920977324e-03
    1.3815153249521403e-03 1.1644200596025182e-03 1.5591387238745584e-03
    2.2301604531370267e-03 2.8617103159722908e-03 3.9077147762931969e-03
    3.0195977816811067e-03 5.5063253665949595e-03 3.6511476445163708e-03
    2.8222384495450868e-03 2.8617103159722908e-03 2.8814462491858926e-03
    3.4340523791667487e-03 3.8682429098659929e-03 1.2828356588841304e-03
    1.1841559928161202e-03 7.4996546211687624e-04 1.1052122599617123e-03
    1.2236278592433244e-03 1.1249481931753143e-03 1.2433637924569264e-03
    8.6838106139848817e-04 3.8879788430795951e-03 1.7762339892241805e-03
    2.7432947166906789e-03 2.6840869170498727e-03 3.1774852473899226e-03
    5.1510785687501233e-03 2.5854072509818625e-03 2.1709526534962205e-03
    2.7038228502634749e-03 3.3551086463123408e-03 3.8682429098659929e-03
    4.1840178412836252e-03 2.0130651877874046e-03 1.4604590578065483e-03
    1.6380824567289664e-03 1.0854763267481103e-03 1.2828356588841304e-03
    1.0460044603209063e-03 1.3223075253113344e-03 7.8943732854408022e-04
    7.4996546211687624e-04 1.6578183899425684e-03 2.4077838520594448e-03
    3.2564289802443310e-03 2.6248791174090665e-03 3.2366930470307288e-03
    3.0393337148947089e-03 2.4867275849138528e-03 2.8419743827586886e-03
    6.6904813594110797e-03 4.6576802384100729e-03 4.9931911030413074e-03
    1.5591387238745584e-03 1.5788746570881604e-03 1.8157058556513845e-03
    1.2828356588841304e-03 1.3025715920977324e-03 1.0065325938937023e-03
    9.6706072746649823e-04 8.8811699461209027e-04 7.3022952890327414e-04
    9.0785292782569226e-04 1.4209871913793443e-03 1.2828356588841304e-03
    1.2038919260297224e-03 2.3091041859914347e-03 2.4669916517002506e-03
    2.9998618484675050e-03 3.6314117113027690e-03 3.7300913773707788e-03
    5.0918707691093171e-03 4.8747755037596950e-03 1.5788746570881604e-03
    1.6183465235153644e-03 1.7170261895833744e-03 1.4999309242337525e-03
    9.0785292782569226e-04 8.6838106139848817e-04 7.1049359568967215e-04
    1.0065325938937023e-03 4.9339833034005016e-04 4.1445459748564210e-04
    1.2236278592433244e-03 1.3223075253113344e-03 1.4407231245929463e-03
    1.5788746570881604e-03 1.9538573881465984e-03 2.8222384495450868e-03
    4.1445459748564208e-03 5.6050050326629693e-03 5.8813080976533975e-03
    5.9602518305078055e-03 2.2696323195642307e-03 2.2301604531370267e-03
    2.0722729874282104e-03 1.8354417888649865e-03 1.1644200596025182e-03
    1.1249481931753143e-03 7.8943732854408022e-04 6.1181392962166221e-04
    4.5392646391284613e-04 2.9603899820403005e-04 4.1445459748564210e-04
    3.9471866427204011e-04 1.2038919260297224e-03 1.3617793917385383e-03
    2.6248791174090665e-03 3.3353727130987390e-03 4.6971521048372773e-03
    6.2365548954982338e-03 6.9470484911879054e-03 7.7562217529455885e-03
    3.1774852473899226e-03 3.3551086463123408e-03 1.9143855217193945e-03
    2.5261994513410568e-03 1.6972902563697724e-03 1.6578183899425684e-03
    9.2758886103929425e-04 5.5260612998085613e-04 2.5656713177682608e-04
    2.5656713177682608e-04 4.7366239712644812e-04 9.0785292782569226e-04
    1.0065325938937023e-03 2.6446150506226687e-03 4.1445459748564208e-03
    3.9274507095067987e-03 4.7958317709052871e-03 7.1444078233239257e-03
    7.7956936193727920e-03 8.3680356825672503e-03 3.0590696481083107e-03
    2.3880479188458426e-03 2.3485760524186387e-03 1.8551777220785885e-03
    1.5986105903017624e-03 1.5788746570881604e-03 9.0785292782569226e-04
    4.3419053069924409e-04 3.3551086463123409e-04 1.9735933213602005e-04
    3.7498273105843812e-04 9.4732479425289624e-04 1.4407231245929463e-03
    2.0130651877874046e-03 3.4537883123803509e-03 3.2761649134579328e-03
    5.5063253665949595e-03 5.9997236969350099e-03 8.1509404172176274e-03
    7.7562217529455885e-03 2.3485760524186387e-03 2.6446150506226687e-03
    2.1117448538554144e-03 1.5788746570881604e-03 1.0854763267481103e-03
    8.4864512818488618e-04 6.7102172926246817e-04 4.7366239712644812e-04
    3.7498273105843812e-04 3.1577493141763210e-04 4.9339833034005016e-04
    5.1313426355365215e-04 1.1052122599617123e-03 1.6775543231561704e-03
    2.1117448538554144e-03 3.0195977816811067e-03 4.1642819080700234e-03
    5.7826284315853878e-03 9.1574730111113299e-03 6.7102172926246815e-03
    2.1906885867098227e-03 1.9933292545738024e-03 1.7367621227969763e-03
    1.5788746570881604e-03 1.1446841263889162e-03 7.3022952890327414e-04
    9.8679666068010033e-04 7.4996546211687624e-04 5.5260612998085613e-04
    4.3419053069924409e-04 5.5260612998085613e-04 1.5788746570881604e-03
    1.7564980560105786e-03 2.1117448538554144e-03 2.1314807870690166e-03
    2.6051431841954647e-03 3.5129961120211571e-03 5.1116067023229197e-03
    6.0786674297894179e-03 6.0194596301486117e-03 1.9143855217193945e-03
    1.9735933213602007e-03 2.0328011210010064e-03 1.2236278592433244e-03
    1.4209871913793443e-03 1.2630997256705284e-03 5.9207799640806011e-04
    5.5260612998085613e-04 5.3287019676725414e-04 8.2890919497128420e-04
    1.5788746570881604e-03 1.2433637924569264e-03 1.3815153249521403e-03
    2.2301604531370267e-03 2.1906885867098227e-03 2.4077838520594448e-03
    3.0985415145355147e-03 3.5919398448755651e-03 4.5984724387692676e-03
    5.0326629694685109e-03 1.8354417888649865e-03 1.6183465235153644e-03
    1.2433637924569264e-03 1.1446841263889162e-03 1.0854763267481103e-03
    9.0785292782569226e-04 1.1052122599617123e-03 6.9075766247607016e-04
    9.0785292782569226e-04 1.3617793917385383e-03 4.6182083719828694e-03
    2.3880479188458426e-03 2.5261994513410568e-03 3.6314117113027690e-03
    2.8222384495450868e-03 2.4275197852730466e-03 2.9209181156130966e-03
    4.9339833034005012e-03 7.1444078233239257e-03 5.1708145019637251e-03
    1.8551777220785885e-03 1.5196668574473545e-03 1.2433637924569264e-03
    1.1052122599617123e-03 9.6706072746649823e-04 1.0460044603209063e-03
    1.3617793917385383e-03 1.0854763267481103e-03 1.1841559928161202e-03
    1.5394027906609565e-03 2.5459353845546586e-03 2.5854072509818625e-03
    2.9998618484675050e-03 4.9537192366141030e-03 3.5327320452347589e-03
    2.2893682527778325e-03 2.8814462491858926e-03 2.9801259152539027e-03
    3.8287710434387889e-03 3.9866585091476048e-03 1.3223075253113344e-03
