<?xml version="1.0"?>
<opencv_storage>
<washer type_id="opencv-matrix">
  <rows>20</rows>
  <cols>20</cols>
  <dt>d</dt>
  <data>
    0. 7.5357950263752827e-04 7.5357950263752827e-04 0.
    7.5357950263752827e-04 0. 7.5357950263752827e-04
    2.2607385079125848e-03 3.0143180105501131e-03 1.5071590052750565e-03
    5.2750565184626974e-03 2.2607385079125848e-03 4.5214770158251696e-03
    1.5071590052750565e-03 3.7678975131876413e-03 3.0143180105501131e-03
    3.7678975131876413e-03 2.2607385079125848e-03 4.5214770158251696e-03
    3.7678975131876413e-03 0. 1.5071590052750565e-03
    1.5071590052750565e-03 7.5357950263752827e-04 7.5357950263752827e-04
    1.5071590052750565e-03 7.5357950263752827e-04 1.5071590052750565e-03
    1.5071590052750565e-03 3.7678975131876413e-03 2.2607385079125848e-03
    3.0143180105501131e-03 6.7822155237377540e-03 6.0286360211002261e-03
    7.5357950263752827e-03 3.0143180105501131e-03 3.0143180105501131e-03
    5.2750565184626974e-03 1.5071590052750565e-03 3.0143180105501131e-03
    0. 3.0143180105501131e-03 7.5357950263752827e-04
    2.2607385079125848e-03 0. 0. 1.5071590052750565e-03
    1.5071590052750565e-03 7.5357950263752827e-04 0.
    8.2893745290128114e-03 3.7678975131876413e-03 2.2607385079125848e-03
    3.7678975131876413e-03 3.7678975131876413e-03 3.7678975131876413e-03
    3.7678975131876413e-03 9.7965335342878671e-03 3.7678975131876413e-03
    3.7678975131876413e-03 0. 1.5071590052750565e-03 0. 0.
    7.5357950263752827e-04 1.5071590052750565e-03 2.2607385079125848e-03
    7.5357950263752827e-04 0. 2.2607385079125848e-03
    7.5357950263752827e-04 3.7678975131876413e-03 7.5357950263752827e-03
    2.2607385079125848e-03 3.7678975131876413e-03 3.0143180105501131e-03
    7.5357950263752827e-04 7.5357950263752827e-04 5.2750565184626974e-03
    5.2750565184626974e-03 3.0143180105501131e-03 7.5357950263752827e-04
    3.7678975131876413e-03 1.5071590052750565e-03 0.
    1.5071590052750565e-03 2.2607385079125848e-03 7.5357950263752827e-04
    7.5357950263752827e-04 2.2607385079125848e-03 2.2607385079125848e-03
    2.2607385079125848e-03 2.2607385079125848e-03 9.0429540316503392e-03
    4.5214770158251696e-03 3.0143180105501131e-03 3.7678975131876413e-03
    4.5214770158251696e-03 3.7678975131876413e-03 3.7678975131876413e-03
    1.5071590052750565e-03 7.5357950263752827e-04 7.5357950263752827e-04
    2.2607385079125848e-03 0. 1.5071590052750565e-03 0.
    1.5071590052750565e-03 2.2607385079125848e-03 3.0143180105501131e-03
    2.2607385079125848e-03 2.2607385079125848e-03 3.0143180105501131e-03
    4.5214770158251696e-03 5.2750565184626974e-03 3.7678975131876413e-03
    3.0143180105501131e-03 6.0286360211002261e-03 6.7822155237377540e-03
    3.7678975131876413e-03 7.5357950263752827e-04 2.2607385079125848e-03
    7.5357950263752827e-04 0. 2.2607385079125848e-03
    2.2607385079125848e-03 1.5071590052750565e-03 1.5071590052750565e-03
    1.5071590052750565e-03 2.2607385079125848e-03 3.7678975131876413e-03
    2.2607385079125848e-03 1.5071590052750565e-03 3.0143180105501131e-03
    2.2607385079125848e-03 4.5214770158251696e-03 7.5357950263752827e-03
    3.7678975131876413e-03 6.0286360211002261e-03 4.5214770158251696e-03
    1.5071590052750565e-03 1.5071590052750565e-03 1.5071590052750565e-03
    1.5071590052750565e-03 1.5071590052750565e-03 7.5357950263752827e-04
    3.7678975131876413e-03 7.5357950263752827e-04 0.
    7.5357950263752827e-04 1.5071590052750565e-03 0.
    7.5357950263752827e-04 4.5214770158251696e-03 1.5071590052750565e-03
    6.7822155237377540e-03 1.5071590052750565e-03 4.5214770158251696e-03
    5.2750565184626974e-03 5.2750565184626974e-03 1.5071590052750565e-03
    1.5071590052750565e-03 1.5071590052750565e-03 7.5357950263752827e-04
    2.2607385079125848e-03 1.5071590052750565e-03 7.5357950263752827e-04
    7.5357950263752827e-04 0. 0. 7.5357950263752827e-04 0. 0.
    4.5214770158251696e-03 2.2607385079125848e-03 2.2607385079125848e-03
    3.7678975131876413e-03 6.0286360211002261e-03 3.7678975131876413e-03
    4.5214770158251696e-03 2.2607385079125848e-03 1.5071590052750565e-03
    7.5357950263752827e-04 2.2607385079125848e-03 7.5357950263752827e-04
    0. 3.7678975131876413e-03 1.5071590052750565e-03
    7.5357950263752827e-04 0. 7.5357950263752827e-04 0.
    1.5071590052750565e-03 3.0143180105501131e-03 5.2750565184626974e-03
    4.5214770158251696e-03 1.0550113036925395e-02 5.2750565184626974e-03
    9.0429540316503392e-03 6.7822155237377540e-03 7.5357950263752827e-04
    3.0143180105501131e-03 7.5357950263752827e-04 0.
    7.5357950263752827e-04 7.5357950263752827e-04 7.5357950263752827e-04
    7.5357950263752827e-04 0. 0. 0. 0. 3.0143180105501131e-03
    7.5357950263752827e-03 3.7678975131876413e-03 2.2607385079125848e-03
    9.0429540316503392e-03 8.2893745290128114e-03 1.5825169555388093e-02
    2.2607385079125848e-03 7.5357950263752827e-04 7.5357950263752827e-04
    7.5357950263752827e-04 1.5071590052750565e-03 7.5357950263752827e-04
    7.5357950263752827e-04 0. 0. 0. 0. 0. 0. 0. 3.0143180105501131e-03
    6.7822155237377540e-03 6.0286360211002261e-03 6.7822155237377540e-03
    6.0286360211002261e-03 3.0143180105501131e-03 5.2750565184626974e-03
    0. 1.5071590052750565e-03 7.5357950263752827e-04
    3.7678975131876413e-03 7.5357950263752827e-04 1.5071590052750565e-03
    3.0143180105501131e-03 2.2607385079125848e-03 0. 0. 0. 0.
    2.2607385079125848e-03 3.7678975131876413e-03 4.5214770158251696e-03
    3.7678975131876413e-03 6.0286360211002261e-03 2.2607385079125848e-03
    8.2893745290128114e-03 1.5071590052750565e-03 2.2607385079125848e-03
    2.2607385079125848e-03 3.0143180105501131e-03 7.5357950263752827e-04
    0. 7.5357950263752827e-04 3.7678975131876413e-03
    7.5357950263752827e-04 7.5357950263752827e-04 7.5357950263752827e-04
    4.5214770158251696e-03 2.2607385079125848e-03 3.0143180105501131e-03
    4.5214770158251696e-03 3.0143180105501131e-03 4.5214770158251696e-03
    3.7678975131876413e-03 5.2750565184626974e-03 8.2893745290128114e-03
    1.5071590052750565e-03 0. 3.0143180105501131e-03 0. 0. 0.
    1.5071590052750565e-03 1.5071590052750565e-03 7.5357950263752827e-04
    0. 6.7822155237377540e-03 7.5357950263752827e-04
    1.5071590052750565e-03 3.7678975131876413e-03 3.7678975131876413e-03
    5.2750565184626974e-03 4.5214770158251696e-03 3.0143180105501131e-03
    2.2607385079125848e-03 4.5214770158251696e-03 7.5357950263752827e-04
    2.2607385079125848e-03 0. 4.5214770158251696e-03
    7.5357950263752827e-04 0. 2.2607385079125848e-03
    1.5071590052750565e-03 7.5357950263752827e-04 1.5071590052750565e-03
    4.5214770158251696e-03 3.0143180105501131e-03 2.2607385079125848e-03
    3.7678975131876413e-03 6.0286360211002261e-03 1.5071590052750565e-03
    6.7822155237377540e-03 2.2607385079125848e-03 8.2893745290128114e-03
    4.5214770158251696e-03 3.7678975131876413e-03 7.5357950263752827e-04
    7.5357950263752827e-04 2.2607385079125848e-03 0. 0.
    3.0143180105501131e-03 4.5214770158251696e-03 2.2607385079125848e-03
    2.2607385079125848e-03 1.5071590052750565e-03 1.5071590052750565e-03
    3.7678975131876413e-03 6.7822155237377540e-03 2.2607385079125848e-03
    3.7678975131876413e-03 7.5357950263752827e-04 3.0143180105501131e-03
    3.7678975131876413e-03 4.5214770158251696e-03 2.2607385079125848e-03
    4.5214770158251696e-03 0. 7.5357950263752827e-04
    1.5071590052750565e-03 1.5071590052750565e-03 2.2607385079125848e-03
    0. 7.5357950263752827e-04 3.0143180105501131e-03
    1.5071590052750565e-03 4.5214770158251696e-03 3.0143180105501131e-03
    1.5071590052750565e-03 5.2750565184626974e-03 3.0143180105501131e-03
    5.2750565184626974e-03 9.0429540316503392e-03 6.0286360211002261e-03
    1.5071590052750565e-03 7.5357950263752827e-04 7.5357950263752827e-04
    0. 0. 7.5357950263752827e-04 7.5357950263752827e-04
    2.2607385079125848e-03 0. 0. 2.2607385079125848e-03
    7.5357950263752827e-04 3.7678975131876413e-03 3.7678975131876413e-03
