<?xml version="1.0"?>
<opencv_storage>
<water_dispenser type_id="opencv-matrix">
  <rows>20</rows>
  <cols>20</cols>
  <dt>d</dt>
  <data>
    2.1649707728945658e-04 4.3299415457891317e-04 6.4949123186836975e-04
    6.4949123186836975e-04 1.9484736956051094e-03 8.6598830915782634e-04
    8.6598830915782634e-04 4.3299415457891317e-04 2.1649707728945658e-04
    1.2989824637367395e-03 2.5979649274734790e-03 5.8454210868153283e-03
    3.6804503139207623e-03 3.0309590820523924e-03 4.3299415457891321e-03
    5.6289240095258710e-03 2.8144620047629355e-03 4.1134444684996756e-03
    3.6804503139207623e-03 3.0309590820523924e-03 1.2989824637367395e-03
    2.1649707728945658e-04 6.4949123186836975e-04 0.
    4.3299415457891317e-04 2.5979649274734790e-03 8.6598830915782634e-04
    8.6598830915782634e-04 0. 6.4949123186836975e-04
    2.8144620047629355e-03 3.6804503139207623e-03 3.6804503139207623e-03
    5.8454210868153283e-03 7.1444035505520672e-03 4.3299415457891321e-03
    5.1959298549469580e-03 5.1959298549469580e-03 4.1134444684996756e-03
    6.2784152413942413e-03 6.4949123186836975e-04 6.4949123186836975e-04
    2.1649707728945658e-04 4.3299415457891317e-04 1.0824853864472830e-03
    6.4949123186836975e-04 8.6598830915782634e-04 8.6598830915782634e-04
    6.4949123186836975e-04 1.7319766183156527e-03 3.2474561593418489e-03
    3.0959082052392294e-02 4.1134444684996756e-03 3.2474561593418489e-03
    4.9794327776575015e-03 3.6804503139207623e-03 5.1959298549469580e-03
    4.9794327776575015e-03 4.9794327776575015e-03 3.4639532366313053e-03
    6.4949123186836975e-04 6.4949123186836975e-04 6.4949123186836975e-04
    8.6598830915782634e-04 6.4949123186836975e-04 6.4949123186836975e-04
    1.0824853864472830e-03 6.4949123186836975e-04 4.3299415457891317e-04
    1.0824853864472830e-03 2.1649707728945661e-03 5.6289240095258710e-03
    2.8144620047629355e-03 5.6289240095258710e-03 5.8454210868153283e-03
    5.4124269322364145e-03 3.2474561593418489e-03 4.5464386230785886e-03
    6.2784152413942413e-03 5.6289240095258710e-03 8.6598830915782634e-04
    4.3299415457891317e-04 8.6598830915782634e-04 2.1649707728945658e-04
    8.6598830915782634e-04 8.6598830915782634e-04 8.6598830915782634e-04
    6.4949123186836975e-04 2.1649707728945658e-04 6.4949123186836975e-04
    3.4639532366313053e-03 3.6804503139207623e-03 1.7319766183156527e-03
    5.1959298549469580e-03 6.7114093959731542e-03 4.7629357003680451e-03
    5.4124269322364145e-03 3.4639532366313053e-03 5.8454210868153283e-03
    4.3299415457891321e-03 4.3299415457891317e-04 8.6598830915782634e-04
    2.1649707728945658e-04 4.3299415457891317e-04 6.4949123186836975e-04
    8.6598830915782634e-04 1.5154795410261962e-03 4.3299415457891317e-04
    1.0824853864472830e-03 6.4949123186836975e-04 3.0309590820523924e-03
    2.1649707728945661e-03 2.5979649274734790e-03 4.1134444684996756e-03
    6.2784152413942413e-03 1.7319766183156527e-03 4.3299415457891321e-03
    4.9794327776575015e-03 5.6289240095258710e-03 4.7629357003680451e-03
    1.2989824637367395e-03 0. 1.2989824637367395e-03
    8.6598830915782634e-04 6.4949123186836975e-04 6.4949123186836975e-04
    1.5154795410261962e-03 2.1649707728945658e-04 0.
    4.3299415457891317e-04 2.8144620047629355e-03 3.8969473912102187e-03
    4.1134444684996756e-03 4.1134444684996756e-03 5.8454210868153283e-03
    5.8454210868153283e-03 8.2268889369993513e-03 3.8969473912102187e-03
    5.4124269322364145e-03 4.7629357003680451e-03 4.3299415457891317e-04
    2.1649707728945658e-04 8.6598830915782634e-04 6.4949123186836975e-04
    8.6598830915782634e-04 2.1649707728945658e-04 1.0824853864472830e-03
    4.3299415457891317e-04 0. 4.3299415457891317e-04
    2.1649707728945661e-03 1.0824853864472830e-03 2.5979649274734790e-03
    4.1134444684996756e-03 4.5464386230785886e-03 4.9794327776575015e-03
    4.5464386230785886e-03 5.1959298549469580e-03 4.9794327776575015e-03
    4.1134444684996756e-03 4.3299415457891317e-04 1.5154795410261962e-03
    6.4949123186836975e-04 6.4949123186836975e-04 8.6598830915782634e-04
    2.1649707728945658e-04 4.3299415457891317e-04 2.1649707728945658e-04
    0. 2.1649707728945658e-04 6.4949123186836975e-04
    4.3299415457891317e-04 1.0824853864472830e-03 1.7319766183156527e-03
    3.6804503139207623e-03 4.1134444684996756e-03 2.8144620047629355e-03
    5.6289240095258710e-03 5.1959298549469580e-03 6.4949123186836977e-03
    2.1649707728945658e-04 2.1649707728945658e-04 8.6598830915782634e-04
    4.3299415457891317e-04 4.3299415457891317e-04 0.
    1.0824853864472830e-03 6.4949123186836975e-04 2.1649707728945658e-04
    0. 4.3299415457891317e-04 4.3299415457891317e-04
    2.3814678501840225e-03 2.1649707728945661e-03 1.2989824637367395e-03
    4.3299415457891321e-03 3.6804503139207623e-03 6.9279064732626107e-03
    5.4124269322364145e-03 5.6289240095258710e-03 2.1649707728945658e-04
    6.4949123186836975e-04 1.7319766183156527e-03 6.4949123186836975e-04
    1.0824853864472830e-03 0. 0. 2.1649707728945658e-04
    2.1649707728945658e-04 0. 0. 6.4949123186836975e-04
    2.8144620047629355e-03 1.7319766183156527e-03 4.7629357003680451e-03
    5.4124269322364145e-03 4.1134444684996756e-03 4.3299415457891321e-03
    5.6289240095258710e-03 6.4949123186836977e-03 4.3299415457891317e-04
    6.4949123186836975e-04 2.1649707728945658e-04 2.1649707728945658e-04
    6.4949123186836975e-04 2.1649707728945658e-04 4.3299415457891317e-04
    0. 0. 0. 0. 2.1649707728945658e-04 8.6598830915782634e-04
    1.0824853864472830e-03 2.3814678501840225e-03 3.0309590820523924e-03
    4.3299415457891321e-03 4.1134444684996756e-03 3.6804503139207623e-03
    6.4949123186836977e-03 2.1649707728945658e-04 4.3299415457891317e-04
    1.0824853864472830e-03 8.6598830915782634e-04 1.5154795410261962e-03
    6.4949123186836975e-04 6.4949123186836975e-04 4.3299415457891317e-04
    0. 1.7319766183156527e-03 4.3299415457891317e-04
    1.0824853864472830e-03 3.8969473912102187e-03 2.8144620047629355e-03
    4.1134444684996756e-03 4.5464386230785886e-03 3.8969473912102187e-03
    5.6289240095258710e-03 5.6289240095258710e-03 7.1444035505520672e-03
    2.1649707728945658e-04 2.1649707728945658e-04 1.5154795410261962e-03
    4.3299415457891317e-04 4.3299415457891317e-04 2.1649707728945658e-04
    2.1649707728945658e-04 4.3299415457891317e-04 0.
    2.1649707728945661e-03 2.3814678501840225e-03 4.5464386230785886e-03
    4.1134444684996756e-03 5.4124269322364145e-03 6.9279064732626107e-03
    3.8969473912102187e-03 6.0619181641047848e-03 6.4949123186836977e-03
    5.8454210868153283e-03 6.2784152413942413e-03 6.4949123186836975e-04
    4.3299415457891317e-04 1.2989824637367395e-03 1.5154795410261962e-03
    8.6598830915782634e-04 8.6598830915782634e-04 8.6598830915782634e-04
    8.6598830915782634e-04 0. 1.2989824637367395e-03
    3.0309590820523924e-03 2.8144620047629355e-03 4.1134444684996756e-03
    3.2474561593418489e-03 8.0103918597098939e-03 4.3299415457891321e-03
    5.1959298549469580e-03 5.6289240095258710e-03 5.8454210868153283e-03
    7.5773977051309810e-03 1.2989824637367395e-03 1.9484736956051094e-03
    4.3299415457891317e-04 2.1649707728945658e-04 1.0824853864472830e-03
    1.2989824637367395e-03 8.6598830915782634e-04 1.0824853864472830e-03
    0. 1.2989824637367395e-03 1.5154795410261962e-03
    2.1649707728945661e-03 4.3299415457891321e-03 3.8969473912102187e-03
    3.8969473912102187e-03 4.3299415457891321e-03 4.1134444684996756e-03
    4.3299415457891321e-03 4.5464386230785886e-03 4.7629357003680451e-03
    4.3299415457891317e-04 6.4949123186836975e-04 2.1649707728945658e-04
    4.3299415457891317e-04 8.6598830915782634e-04 4.3299415457891317e-04
    6.4949123186836975e-04 2.1649707728945658e-04 6.4949123186836975e-04
    6.4949123186836975e-04 1.7319766183156527e-03 3.2474561593418489e-03
    4.3299415457891321e-03 4.1134444684996756e-03 6.4949123186836977e-03
    3.8969473912102187e-03 4.3299415457891321e-03 3.4639532366313053e-03
