<?xml version="1.0"?>
<opencv_storage>
<whiteboard type_id="opencv-matrix">
  <rows>20</rows>
  <cols>20</cols>
  <dt>d</dt>
  <data>
    3.9277297721916735e-04 1.1783189316575020e-03 3.9277297721916735e-04
    7.8554595443833470e-04 7.8554595443833470e-04 2.3566378633150041e-03
    1.5710919088766694e-03 3.9277297721916735e-04 3.9277297721916735e-04
    3.9277297721916735e-04 3.5349567949725059e-03 1.1783189316575020e-03
    3.5349567949725059e-03 3.5349567949725059e-03 3.9277297721916730e-03
    2.3566378633150041e-03 1.5710919088766694e-03 2.7494108405341712e-03
    2.7494108405341712e-03 4.7132757266300082e-03 1.5710919088766694e-03
    1.1783189316575020e-03 0. 0. 1.5710919088766694e-03
    7.8554595443833470e-04 1.9638648860958365e-03 1.5710919088766694e-03
    7.8554595443833470e-04 2.3566378633150041e-03 7.8554595443833470e-04
    3.1421838177533388e-03 3.5349567949725059e-03 8.2482325216025141e-03
    3.1421838177533388e-03 2.7494108405341712e-03 2.3566378633150041e-03
    3.5349567949725059e-03 1.9638648860958365e-03 3.5349567949725059e-03
    1.9638648860958365e-03 1.5710919088766694e-03 1.1783189316575020e-03
    1.1783189316575020e-03 7.8554595443833470e-04 1.1783189316575020e-03
    1.5710919088766694e-03 1.1783189316575020e-03 1.1783189316575020e-03
    1.1783189316575020e-03 4.3205027494108402e-03 5.8915946582875096e-03
    5.8915946582875096e-03 5.8915946582875096e-03 3.1421838177533388e-03
    3.1421838177533388e-03 2.7494108405341712e-03 3.1421838177533388e-03
    5.1060487038491753e-03 3.1421838177533388e-03 3.9277297721916735e-04
    7.8554595443833470e-04 7.8554595443833470e-04 1.9638648860958365e-03
    1.5710919088766694e-03 1.1783189316575020e-03 7.8554595443833470e-04
    3.9277297721916735e-04 2.3566378633150041e-03 3.1421838177533388e-03
    2.7494108405341712e-03 3.9277297721916730e-03 8.2482325216025141e-03
    7.0699135899450118e-03 4.3205027494108402e-03 3.9277297721916730e-03
    4.7132757266300082e-03 5.1060487038491753e-03 5.4988216810683424e-03
    2.3566378633150041e-03 2.3566378633150041e-03 1.9638648860958365e-03
    3.9277297721916735e-04 1.5710919088766694e-03 1.5710919088766694e-03
    3.1421838177533388e-03 3.5349567949725059e-03 1.1783189316575020e-03
    2.3566378633150041e-03 1.5710919088766694e-03 1.1783189316575020e-03
    5.1060487038491753e-03 9.0337784760408484e-03 7.8554595443833461e-03
    4.7132757266300082e-03 4.3205027494108402e-03 5.1060487038491753e-03
    5.1060487038491753e-03 8.6410054988216804e-03 9.8193244304791826e-03
    2.7494108405341712e-03 3.1421838177533388e-03 1.9638648860958365e-03
    7.8554595443833470e-04 0. 1.5710919088766694e-03
    2.7494108405341712e-03 3.9277297721916735e-04 7.8554595443833470e-04
    2.3566378633150041e-03 2.7494108405341712e-03 1.1783189316575020e-03
    3.5349567949725059e-03 5.4988216810683424e-03 3.5349567949725059e-03
    4.7132757266300082e-03 5.4988216810683424e-03 3.9277297721916730e-03
    6.2843676355066776e-03 3.9277297721916730e-03 2.7494108405341712e-03
    1.5710919088766694e-03 1.9638648860958365e-03 7.8554595443833470e-04
    1.1783189316575020e-03 0. 2.3566378633150041e-03 0.
    3.9277297721916735e-04 1.1783189316575020e-03 1.5710919088766694e-03
    1.9638648860958365e-03 1.1783189316575020e-03 7.4626865671641790e-03
    6.2843676355066776e-03 7.0699135899450118e-03 5.4988216810683424e-03
    5.4988216810683424e-03 7.0699135899450118e-03 3.1421838177533388e-03
    7.8554595443833470e-04 1.1783189316575020e-03 1.1783189316575020e-03
    1.1783189316575020e-03 3.1421838177533388e-03 0.
    1.5710919088766694e-03 1.1783189316575020e-03 0.
    3.9277297721916735e-04 1.1783189316575020e-03 3.9277297721916735e-04
    1.5710919088766694e-03 1.9638648860958365e-03 3.9277297721916730e-03
    2.3566378633150041e-03 5.8915946582875096e-03 3.9277297721916730e-03
    3.5349567949725059e-03 3.5349567949725059e-03 3.9277297721916735e-04
    7.8554595443833470e-04 1.5710919088766694e-03 1.1783189316575020e-03
    3.9277297721916735e-04 7.8554595443833470e-04 7.8554595443833470e-04
    0. 0. 3.9277297721916735e-04 0. 0. 3.9277297721916735e-04
    2.3566378633150041e-03 7.8554595443833470e-04 4.3205027494108402e-03
    4.7132757266300082e-03 1.1783189316575020e-03 4.7132757266300082e-03
    3.5349567949725059e-03 7.8554595443833470e-04 1.5710919088766694e-03
    3.9277297721916735e-04 1.1783189316575020e-03 1.1783189316575020e-03
    7.8554595443833470e-04 1.5710919088766694e-03 2.7494108405341712e-03
    3.9277297721916735e-04 0. 0. 5.1060487038491753e-03
    5.1060487038491753e-03 3.9277297721916730e-03 1.9638648860958365e-03
    2.7494108405341712e-03 6.6771406127258447e-03 3.9277297721916730e-03
    8.2482325216025141e-03 2.7494108405341712e-03 1.5710919088766694e-03
    3.9277297721916735e-04 1.1783189316575020e-03 3.9277297721916730e-03
    3.9277297721916735e-04 3.9277297721916735e-04 2.7494108405341712e-03
    3.9277297721916735e-04 3.9277297721916735e-04 1.1783189316575020e-03
    0. 5.8915946582875096e-03 9.0337784760408484e-03
    4.3205027494108402e-03 4.3205027494108402e-03 3.5349567949725059e-03
    2.3566378633150041e-03 5.4988216810683424e-03 5.1060487038491753e-03
    4.7132757266300082e-03 1.1783189316575020e-03 1.5710919088766694e-03
    1.5710919088766694e-03 2.3566378633150041e-03 3.9277297721916735e-04
    0. 3.9277297721916735e-04 7.8554595443833470e-04
    3.9277297721916735e-04 3.9277297721916735e-04 3.9277297721916735e-04
    3.9277297721916735e-04 0. 1.5710919088766694e-03
    2.7494108405341712e-03 4.3205027494108402e-03 3.1421838177533388e-03
    3.1421838177533388e-03 5.1060487038491753e-03 3.1421838177533388e-03
    1.1783189316575020e-03 1.5710919088766694e-03 1.5710919088766694e-03
    3.9277297721916735e-04 3.9277297721916735e-04 3.9277297721916735e-04
    7.8554595443833470e-04 7.8554595443833470e-04 7.8554595443833470e-04
    3.9277297721916735e-04 0. 7.8554595443833470e-04
    2.7494108405341712e-03 3.9277297721916730e-03 4.3205027494108402e-03
    5.1060487038491753e-03 7.0699135899450118e-03 5.1060487038491753e-03
    5.8915946582875096e-03 4.3205027494108402e-03 3.9277297721916730e-03
    1.1783189316575020e-03 1.5710919088766694e-03 3.5349567949725059e-03
    1.1783189316575020e-03 1.5710919088766694e-03 2.7494108405341712e-03
    0. 0. 1.1783189316575020e-03 1.5710919088766694e-03
    1.5710919088766694e-03 1.5710919088766694e-03 4.7132757266300082e-03
    3.9277297721916730e-03 5.4988216810683424e-03 4.7132757266300082e-03
    3.5349567949725059e-03 5.4988216810683424e-03 3.5349567949725059e-03
    7.8554595443833470e-04 1.5710919088766694e-03 1.1783189316575020e-03
    2.3566378633150041e-03 1.5710919088766694e-03 2.3566378633150041e-03
    1.9638648860958365e-03 2.3566378633150041e-03 3.9277297721916735e-04
    1.5710919088766694e-03 1.9638648860958365e-03 1.9638648860958365e-03
    5.4988216810683424e-03 4.7132757266300082e-03 4.7132757266300082e-03
    5.1060487038491753e-03 3.1421838177533388e-03 3.5349567949725059e-03
    3.9277297721916730e-03 5.8915946582875096e-03 2.7494108405341712e-03
    1.9638648860958365e-03 1.5710919088766694e-03 3.9277297721916735e-04
    1.1783189316575020e-03 3.1421838177533388e-03 2.3566378633150041e-03
    3.9277297721916735e-04 1.1783189316575020e-03 3.9277297721916735e-04
    3.9277297721916730e-03 3.1421838177533388e-03 7.0699135899450118e-03
    7.8554595443833461e-03 7.4626865671641790e-03 5.4988216810683424e-03
    3.9277297721916730e-03 3.5349567949725059e-03 4.7132757266300082e-03
    6.2843676355066776e-03 3.9277297721916735e-04 1.1783189316575020e-03
    0. 0. 3.9277297721916735e-04 3.9277297721916735e-04
    1.9638648860958365e-03 3.9277297721916735e-04 2.3566378633150041e-03
    1.1783189316575020e-03 3.1421838177533388e-03 3.1421838177533388e-03
    3.9277297721916730e-03 5.1060487038491753e-03 2.7494108405341712e-03
    5.4988216810683424e-03 1.9638648860958365e-03 2.3566378633150041e-03
