<?xml version="1.0"?>
<opencv_storage>
<window type_id="opencv-matrix">
  <rows>20</rows>
  <cols>20</cols>
  <dt>d</dt>
  <data>
    6.2202445034570202e-04 4.4259432043828798e-04 6.3398645900619634e-04
    7.0575851096916196e-04 8.8518864087657595e-04 7.2968252829015050e-04
    8.4930261489509320e-04 8.1939759324385750e-04 5.7417641570372494e-04
    4.7848034641977078e-04 4.3661331610804087e-04 9.9284671882102432e-04
    2.6136988923179979e-03 3.1280652647192515e-03 3.3074953946266657e-03
    5.8135362090002149e-03 2.8409770568673890e-03 2.2309146151821813e-03
    2.1711045718797099e-03 1.9976554463025432e-03 6.9977750663891480e-04
    5.8613842436421927e-04 7.4164453695064472e-04 6.9977750663891480e-04
    8.1939759324385750e-04 7.8351156726237474e-04 8.9715064953707028e-04
    7.8949257159262180e-04 6.3996746333644351e-04 4.3661331610804087e-04
    4.0670829445680517e-04 9.6892270150003589e-04 2.8230340438766478e-03
    3.2775903729754300e-03 3.2417043469939472e-03 6.7704969018397565e-03
    3.4211344769013614e-03 2.5538888490155265e-03 2.2488576281729229e-03
    2.1950285892006986e-03 7.2370152395990334e-04 6.6987248498767910e-04
    7.0575851096916196e-04 9.6294169716978873e-04 1.1423718270772028e-03
    9.6294169716978873e-04 1.0048087274815186e-03 8.7920763654632890e-04
    5.6221440704323073e-04 5.5025239838273640e-04 5.6221440704323073e-04
    1.1124668054259671e-03 3.7500897150649537e-03 3.6842986674322353e-03
    3.7560707193952008e-03 6.7944209191607456e-03 3.7321467020742121e-03
    3.1101222517285103e-03 2.8589200698581306e-03 2.9007871001698604e-03
    5.8613842436421927e-04 5.1436637240125365e-04 7.5360654561113904e-04
    9.0911265819756449e-04 1.2560109093518984e-03 1.0825617837747314e-03
    1.1244288140864615e-03 9.4499868417904735e-04 6.9379650230866764e-04
    8.1341658891361033e-04 6.8781549797842058e-04 1.2859159310031341e-03
    3.5048685375248211e-03 4.6173353429507886e-03 4.3003421134476900e-03
    7.5420464604416372e-03 4.2285700614847245e-03 3.4450584942223497e-03
    3.4869255245340799e-03 3.1400272733797460e-03 8.7920763654632890e-04
    8.3734060623459887e-04 1.2201248833704156e-03 9.9284671882102432e-04
    1.5191750998827724e-03 1.3038589439938754e-03 1.3218019569846168e-03
    1.1902198617191799e-03 7.5958754994138620e-04 1.0466757577932487e-03
    1.0885427881049785e-03 1.4593650565803010e-03 3.8098997583674251e-03
    4.5575252996483172e-03 4.6113543386205411e-03 7.1114141486638433e-03
    4.8625565204909208e-03 4.3601521567501614e-03 3.5766405894877870e-03
    3.6723366587717412e-03 8.4930261489509320e-04 9.6892270150003589e-04
    8.4332161056484604e-04 9.7490370583028306e-04 1.1124668054259671e-03
    1.0048087274815186e-03 1.2918969353333811e-03 1.3875930046173353e-03
    8.1939759324385750e-04 8.3135960190435182e-04 6.2800545467594918e-04
    1.7225292471111748e-03 4.1867030311729947e-03 5.3529988755711862e-03
    5.0958156893705590e-03 7.5599894734323788e-03 5.0958156893705590e-03
    4.4080001913921387e-03 4.1687600181822531e-03 3.8876528146606377e-03
    8.6126462355558741e-04 8.9715064953707028e-04 9.5696069283954157e-04
    1.1064858010957201e-03 1.3636689872963468e-03 1.0048087274815186e-03
    1.2500299050216513e-03 1.2380678963611570e-03 7.3566353262039766e-04
    8.9715064953707028e-04 8.7920763654632890e-04 1.5730041388549965e-03
    4.6950883992440007e-03 5.2333787889662434e-03 5.0539486590588292e-03
    7.1293571616545849e-03 5.3290748582501971e-03 4.1986650398334888e-03
    4.2225890571544770e-03 4.1268929878705233e-03 8.5528361922534036e-04
    8.3734060623459887e-04 9.7490370583028306e-04 9.3901767984880019e-04
    1.0945237924352258e-03 1.2141438790401683e-03 1.3517069786358525e-03
    1.2380678963611570e-03 6.7585348931792626e-04 7.2968252829015050e-04
    6.3996746333644351e-04 1.6208521734969736e-03 4.7848034641977078e-03
    5.7597071700279910e-03 5.5085049881576113e-03 7.8351156726237468e-03
    5.7537261656977444e-03 4.9403095767841338e-03 4.5395822866575756e-03
    4.0611019402378044e-03 8.1341658891361033e-04 7.5958754994138620e-04
    7.8351156726237474e-04 9.3303667551855303e-04 1.1124668054259671e-03
    8.6724562788583457e-04 1.0825617837747314e-03 9.6892270150003589e-04
    3.7680327280556952e-04 1.7344912557716691e-04 1.1962008660494270e-04
    1.2560109093518984e-03 5.1017966937008065e-03 6.1305294385033135e-03
    5.8195172133304624e-03 8.7561903394818060e-03 6.0049283475681232e-03
    4.8386325031699326e-03 4.1867030311729947e-03 4.1867030311729947e-03
    7.1772051962965618e-04 9.5097968850929452e-04 8.3734060623459887e-04
    1.2380678963611570e-03 1.8600923467068590e-03 1.1842388573889329e-03
    1.4892700782315367e-03 1.2081628747099213e-03 3.4091724682408671e-04
    1.1962008660494270e-05 5.9810043302471348e-05 1.6029091605062322e-03
    7.9128687289169598e-03 9.6353979760281355e-03 8.6784372831885930e-03
    1.8606904471398837e-02 9.9045431708892559e-03 5.3529988755711862e-03
    4.5575252996483172e-03 4.0252159142563221e-03 7.8949257159262180e-04
    8.8518864087657595e-04 8.4930261489509320e-04 1.1363908227469558e-03
    1.6806622167994450e-03 1.1005047967654728e-03 1.2799349266728870e-03
    1.2021818703796742e-03 1.9737314289815545e-04 2.3924017320988539e-05
    6.5791047632718483e-05 1.4713270652407953e-03 8.0743558458336324e-03
    9.2406516902318239e-03 8.1939759324385752e-03 1.9193042895763058e-02
    1.0125840331108400e-02 5.6580300964137898e-03 4.4020191870618912e-03
    4.3960381827316446e-03 8.7920763654632890e-04 8.5528361922534036e-04
    8.4332161056484604e-04 8.4332161056484604e-04 9.5696069283954157e-04
    9.5696069283954157e-04 9.9882772315127159e-04 7.9547357592286896e-04
    3.4091724682408671e-04 1.7943012990741404e-04 1.1363908227469556e-04
    1.3218019569846168e-03 4.9044235508026507e-03 5.9869853345773825e-03
    6.1544534558243017e-03 8.0982798631546206e-03 5.5503720184693411e-03
    4.9104045551328981e-03 4.1986650398334888e-03 4.3541711524199139e-03
    8.6126462355558741e-04 1.0705997751142371e-03 7.9547357592286896e-04
    1.1184478097562142e-03 1.2320868920309099e-03 1.1722768487284385e-03
    1.3696499916265939e-03 1.1842388573889329e-03 7.3566353262039766e-04
    6.3996746333644351e-04 6.7585348931792626e-04 1.6986052297901864e-03
    5.0180626330773460e-03 5.2632838106174791e-03 5.7058781310557671e-03
    7.6377425297255918e-03 5.7357831527070028e-03 5.2453407976267375e-03
    4.7010694035742482e-03 4.4199622000526328e-03 8.2537859757410466e-04
    1.0107897318117659e-03 1.0347137491327543e-03 1.0048087274815186e-03
    1.4593650565803010e-03 1.2081628747099213e-03 1.2679729180123927e-03
    1.3277829613148641e-03 8.4332161056484604e-04 9.0313165386731744e-04
    1.0526567621234957e-03 1.7464532644321635e-03 4.3900571784013971e-03
    5.6341060790928016e-03 5.5324290054786004e-03 7.5719514820928729e-03
    5.3350558625804446e-03 5.1436637240125363e-03 4.3780951697409030e-03
    3.9295198449723675e-03 8.4930261489509320e-04 8.6724562788583457e-04
    9.8686571449077727e-04 1.0825617837747314e-03 1.4414220435895596e-03
    1.2799349266728870e-03 1.2141438790401683e-03 1.1962008660494270e-03
    7.3566353262039766e-04 1.0048087274815186e-03 7.3566353262039766e-04
    1.5311371085432665e-03 3.9414818536328616e-03 4.8087274815186969e-03
    4.9761956027656162e-03 7.6257805210650969e-03 5.4068279145434101e-03
    4.6412593602717768e-03 4.1807220268427472e-03 3.9953108926050864e-03
    8.8518864087657595e-04 1.0406947534630014e-03 9.5696069283954157e-04
    1.0885427881049785e-03 1.2739539223426397e-03 1.3218019569846168e-03
    1.2141438790401683e-03 1.1782578530586856e-03 8.8518864087657595e-04
    1.2859159310031341e-03 1.1722768487284385e-03 1.6866432211296921e-03
    3.7919567453766835e-03 4.8087274815186969e-03 5.1137587023613006e-03
    7.3925213521854587e-03 4.5575252996483172e-03 4.2345510658149720e-03
    3.7500897150649537e-03 3.9295198449723675e-03 7.8949257159262180e-04
