<?xml version="1.0"?>
<opencv_storage>
<wood_board type_id="opencv-matrix">
  <rows>20</rows>
  <cols>20</cols>
  <dt>d</dt>
  <data>
    0. 0. 0. 3.0303030303030303e-03 0. 0. 3.0303030303030303e-03 0.
    3.0303030303030303e-03 0. 0. 0. 0. 0. 3.0303030303030303e-03 0. 0.
    0. 0. 0. 3.0303030303030303e-03 6.0606060606060606e-03
    3.0303030303030303e-03 3.0303030303030303e-03 0. 0.
    3.0303030303030303e-03 0. 0. 0. 0. 3.0303030303030303e-03
    3.0303030303030303e-03 0. 0. 0. 0. 3.0303030303030303e-03 0. 0.
    9.0909090909090905e-03 3.0303030303030303e-03 3.0303030303030303e-03
    3.0303030303030303e-03 6.0606060606060606e-03 6.0606060606060606e-03
    6.0606060606060606e-03 0. 0. 6.0606060606060606e-03
    3.0303030303030303e-03 6.0606060606060606e-03 0. 0. 0.
    3.0303030303030303e-03 0. 0. 3.0303030303030303e-03 0. 0.
    6.0606060606060606e-03 1.2121212121212121e-02 0. 0. 0. 0.
    3.0303030303030303e-03 3.0303030303030303e-03 1.2121212121212121e-02
    0. 3.0303030303030303e-03 1.8181818181818181e-02 0.
    3.0303030303030303e-03 0. 0. 6.0606060606060606e-03
    3.0303030303030303e-03 0. 0. 9.0909090909090905e-03 0. 0. 0.
    6.0606060606060606e-03 0. 9.0909090909090905e-03
    3.0303030303030303e-03 0. 6.0606060606060606e-03
    3.0303030303030303e-03 1.2121212121212121e-02 3.0303030303030303e-03
    0. 6.0606060606060606e-03 0. 0. 0. 0. 0. 0. 0. 0.
    3.0303030303030303e-03 3.0303030303030303e-03 0. 0. 0.
    1.2121212121212121e-02 0. 3.0303030303030303e-03
    9.0909090909090905e-03 0. 0. 3.0303030303030303e-03 0. 0. 0. 0. 0.
    0. 0. 0. 0. 0. 0. 0. 3.0303030303030303e-03 3.0303030303030303e-03
    0. 0. 3.0303030303030303e-03 0. 3.0303030303030303e-03 0.
    6.0606060606060606e-03 0. 0. 0. 3.0303030303030303e-03
    6.0606060606060606e-03 3.0303030303030303e-03 0.
    3.0303030303030303e-03 9.0909090909090905e-03 3.0303030303030303e-03
    0. 3.0303030303030303e-03 3.0303030303030303e-03
    3.0303030303030303e-03 9.0909090909090905e-03 3.0303030303030303e-03
    0. 3.0303030303030303e-03 0. 0. 0. 3.0303030303030303e-03 0. 0.
    3.0303030303030303e-03 0. 3.0303030303030303e-03
    6.0606060606060606e-03 0. 3.0303030303030303e-03
    3.0303030303030303e-03 3.0303030303030303e-03 6.0606060606060606e-03
    0. 3.0303030303030303e-03 3.0303030303030303e-03 0. 0.
    3.0303030303030303e-03 6.0606060606060606e-03 0.
    3.0303030303030303e-03 0. 3.0303030303030303e-03
    1.2121212121212121e-02 3.0303030303030303e-03 9.0909090909090905e-03
    6.0606060606060606e-03 3.0303030303030303e-03 9.0909090909090905e-03
    3.0303030303030303e-03 1.5151515151515152e-02 1.2121212121212121e-02
    1.2121212121212121e-02 0. 1.2121212121212121e-02
    3.0303030303030303e-03 1.5151515151515152e-02 6.0606060606060606e-03
    0. 9.0909090909090905e-03 0. 0. 0. 0. 3.0303030303030303e-03 0.
    3.0303030303030303e-03 9.0909090909090905e-03 0.
    9.0909090909090905e-03 3.0303030303030303e-03 2.7272727272727271e-02
    9.0909090909090905e-03 6.0606060606060606e-03 6.0606060606060606e-03
    0. 0. 0. 3.0303030303030303e-03 6.0606060606060606e-03
    6.0606060606060606e-03 3.0303030303030303e-03 3.0303030303030303e-03
    6.0606060606060606e-03 0. 0. 3.0303030303030303e-03 0. 0.
    6.0606060606060606e-03 6.0606060606060606e-03 6.0606060606060606e-03
    0. 3.0303030303030303e-03 9.0909090909090905e-03
    6.0606060606060606e-03 3.0303030303030303e-03 0.
    3.0303030303030303e-03 0. 0. 0. 3.0303030303030303e-03
    6.0606060606060606e-03 3.0303030303030303e-03 0.
    6.0606060606060606e-03 6.0606060606060606e-03 3.0303030303030303e-03
    0. 0. 9.0909090909090905e-03 0. 6.0606060606060606e-03
    3.0303030303030303e-03 0. 0. 3.0303030303030303e-03
    3.0303030303030303e-03 3.0303030303030303e-03 3.0303030303030303e-03
    3.0303030303030303e-03 0. 3.0303030303030303e-03 0.
    3.0303030303030303e-03 3.0303030303030303e-03 0. 0.
    6.0606060606060606e-03 3.0303030303030303e-03 3.0303030303030303e-03
    3.0303030303030303e-03 3.0303030303030303e-03 3.0303030303030303e-03
    0. 3.0303030303030303e-03 0. 0. 3.0303030303030303e-03
    3.0303030303030303e-03 0. 0. 3.0303030303030303e-03
    3.0303030303030303e-03 3.0303030303030303e-03 0.
    3.0303030303030303e-03 0. 0. 3.0303030303030303e-03
    6.0606060606060606e-03 0. 0. 3.0303030303030303e-03 0.
    3.0303030303030303e-03 0. 0. 0. 0. 0. 0. 3.0303030303030303e-03
    6.0606060606060606e-03 0. 9.0909090909090905e-03
    3.0303030303030303e-03 3.0303030303030303e-03 3.0303030303030303e-03
    3.0303030303030303e-03 0. 6.0606060606060606e-03
    9.0909090909090905e-03 9.0909090909090905e-03 0. 0.
    3.0303030303030303e-03 0. 0. 0. 0. 3.0303030303030303e-03 0.
    1.2121212121212121e-02 0. 0. 3.0303030303030303e-03 0.
    3.0303030303030303e-03 3.0303030303030303e-03 3.0303030303030303e-03
    3.0303030303030303e-03 0. 1.8181818181818181e-02
    6.0606060606060606e-03 0. 0. 0. 0. 0. 0. 0. 3.0303030303030303e-03
    3.0303030303030303e-03 3.0303030303030303e-03 3.0303030303030303e-03
    6.0606060606060606e-03 3.0303030303030303e-03 3.0303030303030303e-03
    0. 6.0606060606060606e-03 0. 6.0606060606060606e-03
    3.0303030303030303e-03 0. 0. 3.0303030303030303e-03
    3.0303030303030303e-03 0. 3.0303030303030303e-03 0.
    3.0303030303030303e-03 3.0303030303030303e-03 0.
    3.0303030303030303e-03 6.0606060606060606e-03 3.0303030303030303e-03
    3.0303030303030303e-03 0. 3.0303030303030303e-03
    3.0303030303030303e-03 6.0606060606060606e-03 3.0303030303030303e-03
    3.0303030303030303e-03 0. 0. 3.0303030303030303e-03 0. 0. 0.
    3.0303030303030303e-03 0. 0. 0. 0. 3.0303030303030303e-03
    3.0303030303030303e-03 0. 0. 0. 0. 0. 0. 0. 0. 0. 0. 0. 0. 0.
    3.0303030303030303e-03</data></wood_board>
</opencv_storage>
