<?xml version="1.0"?>
<opencv_storage>
<workplace type_id="opencv-matrix">
  <rows>20</rows>
  <cols>20</cols>
  <dt>d</dt>
  <data>
    1.4073180538801769e-03 4.0209087253719340e-04 2.0104543626859670e-04
    2.0104543626859670e-04 4.0209087253719340e-04 4.0209087253719340e-04
    0. 4.0209087253719340e-04 1.8094089264173703e-03
    4.0209087253719340e-04 2.0104543626859668e-03 1.6083634901487736e-03
    1.0052271813429834e-03 6.0313630880579007e-04 4.0209087253719340e-04
    8.0418174507438679e-04 6.0313630880579007e-04 1.2062726176115801e-03
    8.0418174507438679e-04 1.0052271813429834e-03 1.0052271813429834e-03
    2.0104543626859670e-04 2.0104543626859670e-04 4.0209087253719340e-04
    0. 2.0104543626859670e-04 2.0104543626859670e-04
    2.0104543626859670e-04 1.4073180538801769e-03 2.0104543626859670e-04
    2.0104543626859670e-04 1.2062726176115801e-03 2.0104543626859670e-04
    2.0104543626859670e-04 4.0209087253719340e-04 0. 0.
    1.0052271813429834e-03 2.0104543626859670e-04 8.0418174507438679e-04
    2.2114997989545635e-03 1.4073180538801769e-03 0. 0.
    2.0104543626859670e-04 4.0209087253719340e-04 6.0313630880579007e-04
    0. 4.0209087253719340e-04 6.0313630880579007e-04
    4.0209087253719340e-04 1.0052271813429834e-03 2.0104543626859670e-04
    8.0418174507438679e-04 4.0209087253719340e-04 8.0418174507438679e-04
    6.0313630880579007e-04 1.2062726176115801e-03 1.0052271813429834e-03
    1.0052271813429834e-03 1.8094089264173703e-03 1.2062726176115801e-03
    4.0209087253719340e-04 1.4073180538801769e-03 6.0313630880579007e-04
    2.0104543626859670e-04 0. 2.0104543626859670e-04
    6.0313630880579007e-04 2.0104543626859670e-04 8.0418174507438679e-04
    1.2062726176115801e-03 8.0418174507438679e-04 6.0313630880579007e-04
    2.0104543626859670e-04 1.8094089264173703e-03 2.0104543626859670e-04
    1.0052271813429834e-03 1.2062726176115801e-03 1.4073180538801769e-03
    8.0418174507438679e-04 6.0313630880579007e-04 1.8094089264173703e-03
    3.2167269802975472e-03 1.8094089264173703e-03 6.0313630880579007e-04
    2.0104543626859670e-04 0. 6.0313630880579007e-04
    1.2866907921190189e-02 6.0313630880579007e-04 2.0104543626859670e-04
    0. 4.0209087253719340e-04 6.0313630880579007e-04
    6.0313630880579007e-04 2.0104543626859670e-04 1.0052271813429834e-03
    6.0313630880579007e-04 8.0418174507438679e-04 4.0209087253719340e-04
    2.0104543626859668e-03 5.6292722155207075e-03 8.0418174507438673e-03
    2.6135906714917570e-03 2.0104543626859670e-04 2.0104543626859670e-04
    2.0104543626859670e-04 4.2219541616405308e-03 1.8496180136710897e-02
    3.4579815038198632e-02 4.2219541616405308e-03 6.0313630880579007e-04
    0. 0. 4.0209087253719340e-04 1.4073180538801769e-03
    1.4073180538801769e-03 2.2114997989545635e-03 8.0418174507438679e-04
    1.2062726176115801e-03 8.0418174507438679e-04 3.4177724165661439e-03
    4.8250904704463205e-03 3.6188178528347406e-03 2.0104543626859670e-04
    2.0104543626859670e-04 2.0104543626859670e-04 1.6083634901487736e-03
    9.6501809408926411e-03 2.6940088459991959e-02 1.1660635303578609e-02
    2.2114997989545635e-03 8.0418174507438679e-04 4.0209087253719340e-04
    2.0104543626859670e-04 8.0418174507438679e-04 6.0313630880579007e-04
    1.0052271813429834e-03 6.0313630880579007e-04 6.0313630880579007e-04
    4.0209087253719340e-04 1.2062726176115801e-03 3.2167269802975472e-03
    1.8094089264173703e-03 4.0209087253719340e-04 2.0104543626859670e-04
    1.8094089264173703e-03 3.0156815440289505e-03 9.0470446320868522e-03
    3.6590269400884598e-02 7.1170084439083237e-02 1.2866907921190189e-02
    1.4073180538801769e-03 6.0313630880579007e-04 8.0418174507438679e-04
    6.0313630880579007e-04 6.0313630880579007e-04 1.2062726176115801e-03
    1.0052271813429834e-03 1.4073180538801769e-03 8.0418174507438679e-04
    1.0052271813429834e-03 1.2062726176115801e-03 6.0313630880579007e-04
    1.2062726176115801e-03 6.0313630880579007e-04 1.4073180538801769e-03
    4.0209087253719336e-03 4.6240450341777243e-03 3.6188178528347406e-03
    1.0052271813429835e-02 5.2271813429835140e-03 1.0052271813429834e-03
    1.4073180538801769e-03 6.0313630880579007e-04 6.0313630880579007e-04
    1.0052271813429834e-03 4.0209087253719340e-04 1.0052271813429834e-03
    1.6083634901487736e-03 1.6083634901487736e-03 2.4125452352231603e-03
    2.0104543626859668e-03 1.4073180538801769e-03 1.4073180538801769e-03
    3.2167269802975472e-03 3.4177724165661439e-03 5.0261359067149177e-03
    1.6083634901487736e-03 7.0365902694008850e-03 1.2866907921190189e-02
    9.6501809408926411e-03 5.8303176517893046e-03 1.0052271813429834e-03
    1.0052271813429834e-03 1.4073180538801769e-03 1.2062726176115801e-03
    1.4073180538801769e-03 2.2114997989545635e-03 2.8146361077603537e-03
    1.2062726176115801e-03 8.0418174507438679e-04 1.4073180538801769e-03
    6.0313630880579007e-04 6.0313630880579007e-04 1.8094089264173703e-03
    2.2114997989545635e-03 8.6449537595496579e-03 1.6083634901487736e-03
    5.6292722155207075e-03 1.5279453156413349e-02 1.0655408122235626e-02
    6.0313630880579009e-03 1.4073180538801769e-03 1.4073180538801769e-03
    1.8094089264173703e-03 8.0418174507438679e-04 8.0418174507438679e-04
    1.8094089264173703e-03 8.0418174507438679e-04 8.0418174507438679e-04
    1.4073180538801769e-03 1.0052271813429834e-03 0.
    8.0418174507438679e-04 0. 2.2114997989545635e-03
    4.0209087253719336e-03 2.4125452352231603e-03 3.0156815440289505e-03
    6.6344993968636915e-03 5.0261359067149177e-03 1.0052271813429834e-03
    0. 2.0104543626859670e-04 2.0104543626859670e-04
    1.0052271813429834e-03 6.0313630880579007e-04 6.0313630880579007e-04
    1.2062726176115801e-03 1.2062726176115801e-03 2.0104543626859668e-03
    1.6083634901487736e-03 2.8146361077603537e-03 1.0052271813429834e-03
    4.0209087253719340e-04 1.2062726176115801e-03 3.0156815440289505e-03
    8.4439083232810616e-03 2.8749497386409327e-02 6.5741857659831121e-02
    1.3268998793727383e-02 1.6083634901487736e-03 2.0104543626859670e-04
    1.2062726176115801e-03 6.0313630880579007e-04 6.0313630880579007e-04
    1.6083634901487736e-03 6.0313630880579007e-04 1.2062726176115801e-03
    1.6083634901487736e-03 4.6240450341777243e-03 6.2324085243264981e-03
    3.2167269802975472e-03 2.0104543626859670e-04 2.0104543626859670e-04
    2.0104543626859670e-04 1.2062726176115801e-03 8.8459991958182542e-03
    2.3522316043425813e-02 1.5882589465219140e-02 3.0156815440289505e-03
    2.0104543626859670e-04 4.0209087253719340e-04 1.2062726176115801e-03
    8.0418174507438679e-04 1.0052271813429834e-03 6.0313630880579007e-04
    1.0052271813429834e-03 1.6083634901487736e-03 4.0209087253719336e-03
    4.0209087253719336e-03 5.8303176517893046e-03 3.0156815440289505e-03
    2.0104543626859670e-04 0. 4.0209087253719340e-04
    2.4125452352231603e-03 1.9300361881785282e-02 3.8198632891033375e-02
    1.2062726176115802e-02 1.0052271813429834e-03 4.0209087253719340e-04
    4.0209087253719340e-04 0. 1.0052271813429834e-03
    8.0418174507438679e-04 8.0418174507438679e-04 6.0313630880579007e-04
    1.2062726176115801e-03 8.0418174507438679e-04 3.4177724165661439e-03
    3.2167269802975472e-03 4.0209087253719340e-04 2.0104543626859670e-04
    0. 6.0313630880579007e-04 4.0209087253719340e-04
    1.7088862082830721e-02 3.0156815440289505e-03 1.4073180538801769e-03
    6.0313630880579007e-04 2.0104543626859670e-04 2.0104543626859670e-04
    4.0209087253719340e-04 8.0418174507438679e-04 2.0104543626859670e-04
    2.0104543626859670e-04 1.0052271813429834e-03 1.6083634901487736e-03
    1.8094089264173703e-03 0. 6.0313630880579007e-04
    1.0052271813429834e-03 8.0418174507438679e-04 2.8146361077603537e-03
    2.0104543626859670e-04 8.0418174507438679e-04 4.0209087253719340e-04
    1.4073180538801769e-03 2.0104543626859670e-04 2.2114997989545635e-03
    6.0313630880579007e-04 1.2062726176115801e-03 2.0104543626859670e-04
    1.6083634901487736e-03 2.0104543626859670e-04 6.0313630880579007e-04
