<?xml version="1.0"?>
<opencv_storage>
<xbox type_id="opencv-matrix">
  <rows>20</rows>
  <cols>20</cols>
  <dt>d</dt>
  <data>
    1.0080645161290322e-03 2.0161290322580645e-04 6.0483870967741938e-04
    2.0161290322580645e-04 1.0080645161290322e-03 8.0645161290322581e-04
    8.0645161290322581e-04 1.6129032258064516e-03 1.6129032258064516e-03
    3.0241935483870967e-03 1.8145161290322581e-03 3.2258064516129032e-03
    3.8306451612903224e-03 6.6532258064516125e-03 3.6290322580645163e-03
    3.0241935483870967e-03 3.2258064516129032e-03 3.6290322580645163e-03
    1.8145161290322581e-03 3.8306451612903224e-03 8.0645161290322581e-04
    1.0080645161290322e-03 1.4112903225806451e-03 2.0161290322580645e-04
    1.0080645161290322e-03 6.0483870967741938e-04 8.0645161290322581e-04
    1.0080645161290322e-03 4.0322580645161290e-04 2.8225806451612902e-03
    1.2096774193548388e-03 4.0322580645161289e-03 2.0161290322580645e-03
    4.0322580645161289e-03 3.6290322580645163e-03 2.0161290322580645e-03
    3.4274193548387098e-03 1.8145161290322581e-03 3.6290322580645163e-03
    3.0241935483870967e-03 2.0161290322580645e-04 1.4112903225806451e-03
    1.2096774193548388e-03 1.4112903225806451e-03 1.2096774193548388e-03
    1.4112903225806451e-03 8.0645161290322581e-04 1.2096774193548388e-03
    6.0483870967741938e-04 1.0080645161290322e-03 2.0161290322580645e-03
    2.2177419354838710e-03 3.6290322580645163e-03 3.8306451612903224e-03
    4.0322580645161289e-03 3.4274193548387098e-03 3.8306451612903224e-03
    2.8225806451612902e-03 4.2338709677419359e-03 3.2258064516129032e-03
    1.4112903225806451e-03 6.0483870967741938e-04 4.0322580645161290e-04
    1.0080645161290322e-03 6.0483870967741938e-04 1.0080645161290322e-03
    1.0080645161290322e-03 1.6129032258064516e-03 6.0483870967741938e-04
    1.0080645161290322e-03 3.4274193548387098e-03 1.8145161290322581e-03
    2.6209677419354841e-03 5.8467741935483873e-03 4.6370967741935481e-03
    2.0161290322580645e-03 3.0241935483870967e-03 3.0241935483870967e-03
    3.8306451612903224e-03 4.4354838709677420e-03 8.0645161290322581e-04
    2.0161290322580645e-03 8.0645161290322581e-04 1.4112903225806451e-03
    4.0322580645161290e-04 1.0080645161290322e-03 1.0080645161290322e-03
    1.2096774193548388e-03 8.0645161290322581e-04 1.4112903225806451e-03
    6.0483870967741938e-04 2.6209677419354841e-03 3.2258064516129032e-03
    4.0322580645161289e-03 4.8387096774193551e-03 4.8387096774193551e-03
    2.6209677419354841e-03 3.2258064516129032e-03 3.0241935483870967e-03
    2.0161290322580645e-03 1.4112903225806451e-03 1.8145161290322581e-03
    1.0080645161290322e-03 1.8145161290322581e-03 2.0161290322580645e-03
    1.6129032258064516e-03 1.6129032258064516e-03 8.0645161290322581e-04
    8.0645161290322581e-04 1.8145161290322581e-03 1.2096774193548388e-03
    2.0161290322580645e-03 2.6209677419354841e-03 2.6209677419354841e-03
    4.2338709677419359e-03 4.0322580645161289e-03 4.2338709677419359e-03
    3.6290322580645163e-03 5.2419354838709681e-03 4.8387096774193551e-03
    1.4112903225806451e-03 1.6129032258064516e-03 8.0645161290322581e-04
    3.0241935483870967e-03 6.0483870967741938e-04 1.0080645161290322e-03
    1.0080645161290322e-03 2.0161290322580645e-04 2.0161290322580645e-04
    1.0080645161290322e-03 1.2096774193548388e-03 1.4112903225806451e-03
    2.8225806451612902e-03 3.0241935483870967e-03 1.8145161290322581e-03
    2.8225806451612902e-03 3.8306451612903224e-03 6.8548387096774195e-03
    4.4354838709677420e-03 5.6451612903225803e-03 1.6129032258064516e-03
    1.0080645161290322e-03 1.6129032258064516e-03 2.0161290322580645e-03
    1.0080645161290322e-03 4.0322580645161290e-04 8.0645161290322581e-04
    2.0161290322580645e-04 0. 4.0322580645161290e-04
    4.0322580645161290e-04 1.6129032258064516e-03 1.2096774193548388e-03
    4.0322580645161289e-03 3.6290322580645163e-03 3.8306451612903224e-03
    4.4354838709677420e-03 4.4354838709677420e-03 6.2500000000000003e-03
    4.2338709677419359e-03 1.2096774193548388e-03 1.4112903225806451e-03
    1.2096774193548388e-03 2.0161290322580645e-03 6.0483870967741938e-04
    2.2177419354838710e-03 1.2096774193548388e-03 2.0161290322580645e-04
    4.0322580645161290e-04 4.0322580645161290e-04 0.
    1.2096774193548388e-03 3.0241935483870967e-03 4.8387096774193551e-03
    5.6451612903225803e-03 3.8306451612903224e-03 6.6532258064516125e-03
    6.0483870967741934e-03 7.8629032258064509e-03 5.6451612903225803e-03
    4.0322580645161290e-04 1.6129032258064516e-03 3.0241935483870967e-03
    1.0080645161290322e-03 2.6209677419354841e-03 1.0080645161290322e-03
    1.4112903225806451e-03 0. 2.0161290322580645e-04
    4.0322580645161290e-04 1.4112903225806451e-03 1.6129032258064516e-03
    1.6129032258064516e-03 5.6451612903225803e-03 4.4354838709677420e-03
    8.2661290322580648e-03 3.8306451612903224e-03 7.8629032258064509e-03
    8.4677419354838718e-03 6.8548387096774195e-03 2.4193548387096775e-03
    1.8145161290322581e-03 2.4193548387096775e-03 1.8145161290322581e-03
    2.4193548387096775e-03 1.2096774193548388e-03 4.0322580645161290e-04
    4.0322580645161290e-04 2.0161290322580645e-04 4.0322580645161290e-04
    0. 6.0483870967741938e-04 2.6209677419354841e-03
    3.6290322580645163e-03 5.4435483870967742e-03 9.6774193548387101e-03
    9.0725806451612909e-03 8.4677419354838718e-03 7.8629032258064509e-03
    6.8548387096774195e-03 2.0161290322580645e-03 1.2096774193548388e-03
    2.6209677419354841e-03 1.2096774193548388e-03 1.2096774193548388e-03
    1.4112903225806451e-03 6.0483870967741938e-04 2.0161290322580645e-04
    8.0645161290322581e-04 4.0322580645161290e-04 8.0645161290322581e-04
    1.8145161290322581e-03 2.2177419354838710e-03 4.4354838709677420e-03
    4.2338709677419359e-03 5.0403225806451612e-03 7.0564516129032256e-03
    6.0483870967741934e-03 7.0564516129032256e-03 7.0564516129032256e-03
    2.2177419354838710e-03 1.6129032258064516e-03 1.0080645161290322e-03
    3.2258064516129032e-03 2.2177419354838710e-03 4.0322580645161290e-04
    8.0645161290322581e-04 8.0645161290322581e-04 4.0322580645161290e-04
    4.0322580645161290e-04 6.0483870967741938e-04 8.0645161290322581e-04
    1.6129032258064516e-03 3.4274193548387098e-03 4.6370967741935481e-03
    7.0564516129032256e-03 6.6532258064516125e-03 5.8467741935483873e-03
    8.0645161290322578e-03 1.0282258064516129e-02 1.6129032258064516e-03
    1.0080645161290322e-03 8.0645161290322581e-04 1.6129032258064516e-03
    1.0080645161290322e-03 2.0161290322580645e-04 1.0080645161290322e-03
    1.0080645161290322e-03 1.2096774193548388e-03 6.0483870967741938e-04
    1.4112903225806451e-03 2.2177419354838710e-03 3.8306451612903224e-03
    4.6370967741935481e-03 2.4193548387096775e-03 1.8145161290322581e-03
    5.6451612903225803e-03 7.2580645161290326e-03 8.2661290322580648e-03
    5.6451612903225803e-03 1.2096774193548388e-03 6.0483870967741938e-04
    1.4112903225806451e-03 0. 1.0080645161290322e-03
    4.0322580645161290e-04 6.0483870967741938e-04 1.6129032258064516e-03
    4.0322580645161290e-04 1.0080645161290322e-03 1.2096774193548388e-03
    2.0161290322580645e-03 2.2177419354838710e-03 5.4435483870967742e-03
    4.8387096774193551e-03 3.6290322580645163e-03 3.8306451612903224e-03
    4.4354838709677420e-03 5.4435483870967742e-03 5.0403225806451612e-03
    6.0483870967741938e-04 1.6129032258064516e-03 2.0161290322580645e-03
    1.2096774193548388e-03 6.0483870967741938e-04 1.4112903225806451e-03
    8.0645161290322581e-04 8.0645161290322581e-04 1.0080645161290322e-03
    2.8225806451612902e-03 1.8145161290322581e-03 1.6129032258064516e-03
    4.4354838709677420e-03 3.4274193548387098e-03 2.0161290322580645e-03
    3.6290322580645163e-03 5.2419354838709681e-03 3.6290322580645163e-03
    6.6532258064516125e-03 6.6532258064516125e-03 1.2096774193548388e-03
    1.4112903225806451e-03 4.0322580645161290e-04 1.4112903225806451e-03
    2.6209677419354841e-03 1.0080645161290322e-03 1.2096774193548388e-03
